0 0 0.5 
0 0.0416667 0.458333 
0 0.0833333 0.416667 
0 0.125 0.375 
0 0.166667 0.333333 
0 0.208333 0.291667 
0 0.25 0.25 
0 0.291667 0.208333 
0 0.333333 0.166667 
0 0.375 0.125 
0 0.416667 0.0833333 
0 0.458333 0.0416667 
0 0.5 0 
0.0416667 0 0.458333 
0.0416667 0.0416667 0.416667 
0.0416667 0.0833333 0.375 
0.0416667 0.125 0.333333 
0.0416667 0.166667 0.291667 
0.0416667 0.208333 0.25 
0.0416667 0.25 0.208333 
0.0416667 0.291667 0.166667 
0.0416667 0.333333 0.125 
0.0416667 0.375 0.0833333 
0.0416667 0.416667 0.0416667 
0.0416667 0.458333 0 
0.0833333 0 0.416667 
0.0833333 0.0416667 0.375 
0.0833333 0.0833333 0.333333 
0.0833333 0.125 0.291667 
0.0833333 0.166667 0.25 
0.0833333 0.208333 0.208333 
0.0833333 0.25 0.166667 
0.0833333 0.291667 0.125 
0.0833333 0.333333 0.0833333 
0.0833333 0.375 0.0416667 
0.0833333 0.416667 0 
0.125 0 0.375 
0.125 0.0416667 0.333333 
0.125 0.0833333 0.291667 
0.125 0.125 0.25 
0.125 0.166667 0.208333 
0.125 0.208333 0.166667 
0.125 0.25 0.125 
0.125 0.291667 0.0833333 
0.125 0.333333 0.0416667 
0.125 0.375 0 
0.166667 0 0.333333 
0.166667 0.0416667 0.291667 
0.166667 0.0833333 0.25 
0.166667 0.125 0.208333 
0.166667 0.166667 0.166667 
0.166667 0.208333 0.125 
0.166667 0.25 0.0833333 
0.166667 0.291667 0.0416667 
0.166667 0.333333 0 
0.208333 0 0.291667 
0.208333 0.0416667 0.25 
0.208333 0.0833333 0.208333 
0.208333 0.125 0.166667 
0.208333 0.166667 0.125 
0.208333 0.208333 0.0833333 
0.208333 0.25 0.0416667 
0.208333 0.291667 0 
0.25 0 0.25 
0.25 0.0416667 0.208333 
0.25 0.0833333 0.166667 
0.25 0.125 0.125 
0.25 0.166667 0.0833333 
0.25 0.208333 0.0416667 
0.25 0.25 0 
0.291667 0 0.208333 
0.291667 0.0416667 0.166667 
0.291667 0.0833333 0.125 
0.291667 0.125 0.0833333 
0.291667 0.166667 0.0416667 
0.291667 0.208333 0 
0.333333 0 0.166667 
0.333333 0.0416667 0.125 
0.333333 0.0833333 0.0833333 
0.333333 0.125 0.0416667 
0.333333 0.166667 0 
0.375 0 0.125 
0.375 0.0416667 0.0833333 
0.375 0.0833333 0.0416667 
0.375 0.125 0 
0.416667 0 0.0833333 
0.416667 0.0416667 0.0416667 
0.416667 0.0833333 0 
0.458333 0 0.0416667 
0.458333 0.0416667 0 
0.5 0 0 
