1.052251e-02 1.052251e-02 1.488107e-02 2.104501e-02 2.976214e-02 4.209003e-02 5.952429e-02 8.418005e-02 1.190486e-01 1.683601e-01 2.380971e-01 3.367202e-01 4.761943e-01 6.734404e-01 3.048869e-01 
5.907421e-03 5.907421e-03 8.354355e-03 1.181484e-02 1.670871e-02 2.362969e-02 3.341742e-02 4.725937e-02 6.683484e-02 9.451874e-02 1.336697e-01 1.890375e-01 2.673394e-01 3.780750e-01 8.450554e-01 
1.017364e-02 1.017364e-02 1.438769e-02 2.034727e-02 2.877539e-02 4.069455e-02 5.755078e-02 8.138909e-02 1.151016e-01 1.627782e-01 2.302031e-01 3.255564e-01 4.604062e-01 6.511127e-01 3.900057e-01 
6.929151e-03 6.929151e-03 9.799299e-03 1.385830e-02 1.959860e-02 2.771660e-02 3.919720e-02 5.543321e-02 7.839439e-02 1.108664e-01 1.567888e-01 2.217328e-01 3.135776e-01 4.434657e-01 7.788943e-01 
1.101618e-02 1.101618e-02 1.557923e-02 2.203235e-02 3.115845e-02 4.406471e-02 6.231691e-02 8.812942e-02 1.246338e-01 1.762588e-01 2.492676e-01 3.525177e-01 4.985353e-01 7.050353e-01 7.648750e-02 
2.528388e-03 2.528388e-03 3.575681e-03 5.056777e-03 7.151362e-03 1.011355e-02 1.430272e-02 2.022711e-02 2.860545e-02 4.045421e-02 5.721090e-02 8.090843e-02 1.144218e-01 1.618169e-01 9.734632e-01 
1.024618e-02 1.024618e-02 1.449028e-02 2.049236e-02 2.898057e-02 4.098471e-02 5.796114e-02 8.196943e-02 1.159223e-01 1.639389e-01 2.318446e-01 3.278777e-01 4.636891e-01 6.557554e-01 3.741252e-01 
1.018640e-02 1.018640e-02 1.440574e-02 2.037280e-02 2.881148e-02 4.074559e-02 5.762297e-02 8.149118e-02 1.152459e-01 1.629824e-01 2.304919e-01 3.259647e-01 4.609837e-01 6.519295e-01 3.872673e-01 
2.355157e-03 2.355157e-03 3.330694e-03 4.710313e-03 6.661389e-03 9.420626e-03 1.332278e-02 1.884125e-02 2.664556e-02 3.768251e-02 5.329111e-02 7.536501e-02 1.065822e-01 1.507300e-01 9.770163e-01 
9.073664e-03 9.073664e-03 1.283210e-02 1.814733e-02 2.566420e-02 3.629465e-02 5.132839e-02 7.258931e-02 1.026568e-01 1.451786e-01 2.053136e-01 2.903572e-01 4.106271e-01 5.807145e-01 5.705624e-01 
2.856417e-03 2.856417e-03 4.039584e-03 5.712834e-03 8.079167e-03 1.142567e-02 1.615833e-02 2.285134e-02 3.231667e-02 4.570267e-02 6.463334e-02 9.140534e-02 1.292667e-01 1.828107e-01 9.660023e-01 
9.281707e-03 9.281707e-03 1.312632e-02 1.856341e-02 2.625263e-02 3.712683e-02 5.250526e-02 7.425365e-02 1.050105e-01 1.485073e-01 2.100211e-01 2.970146e-01 4.200421e-01 5.940292e-01 5.424560e-01 
3.842961e-03 3.842961e-03 5.434767e-03 7.685922e-03 1.086953e-02 1.537184e-02 2.173907e-02 3.074369e-02 4.347814e-02 6.148737e-02 8.695628e-02 1.229747e-01 1.739126e-01 2.459495e-01 9.375594e-01 
1.104440e-02 1.104440e-02 1.561914e-02 2.208880e-02 3.123827e-02 4.417759e-02 6.247655e-02 8.835518e-02 1.249531e-01 1.767104e-01 2.499062e-01 3.534207e-01 4.998124e-01 7.068415e-01 2.739211e-02 
9.294141e-03 9.294141e-03 1.314390e-02 1.858828e-02 2.628780e-02 3.717656e-02 5.257560e-02 7.435313e-02 1.051512e-01 1.487063e-01 2.103024e-01 2.974125e-01 4.206048e-01 5.948250e-01 5.407092e-01 
3.429459e-03 3.429459e-03 4.849987e-03 6.858918e-03 9.699974e-03 1.371784e-02 1.939995e-02 2.743567e-02 3.879990e-02 5.487134e-02 7.759979e-02 1.097427e-01 1.551996e-01 2.194854e-01 9.506063e-01 
1.104286e-02 1.104286e-02 1.561697e-02 2.208573e-02 3.123394e-02 4.417146e-02 6.246788e-02 8.834292e-02 1.249358e-01 1.766858e-01 2.498715e-01 3.533717e-01 4.997430e-01 7.067433e-01 3.205781e-02 
9.276345e-03 9.276345e-03 1.311873e-02 1.855269e-02 2.623747e-02 3.710538e-02 5.247493e-02 7.421076e-02 1.049499e-01 1.484215e-01 2.098997e-01 2.968430e-01 4.197994e-01 5.936861e-01 5.432069e-01 
9.345216e-03 9.345216e-03 1.321613e-02 1.869043e-02 2.643226e-02 3.738087e-02 5.286453e-02 7.476173e-02 1.057291e-01 1.495235e-01 2.114581e-01 2.990469e-01 4.229162e-01 5.980938e-01 5.334487e-01 
1.214647e-04 1.214647e-04 1.717770e-04 2.429294e-04 3.435540e-04 4.858587e-04 6.871080e-04 9.717174e-04 1.374216e-03 1.943435e-03 2.748432e-03 3.886870e-03 5.496864e-03 7.773739e-03 9.999396e-01 
9.088292e-03 9.088292e-03 1.285279e-02 1.817658e-02 2.570557e-02 3.635317e-02 5.141114e-02 7.270634e-02 1.028223e-01 1.454127e-01 2.056446e-01 2.908254e-01 4.112892e-01 5.816507e-01 5.686518e-01 
8.129136e-03 8.129136e-03 1.149633e-02 1.625827e-02 2.299267e-02 3.251655e-02 4.598534e-02 6.503309e-02 9.197068e-02 1.300662e-01 1.839414e-01 2.601324e-01 3.678827e-01 5.202647e-01 6.772365e-01 
6.229818e-03 6.229818e-03 8.810293e-03 1.245964e-02 1.762059e-02 2.491927e-02 3.524117e-02 4.983854e-02 7.048235e-02 9.967709e-02 1.409647e-01 1.993542e-01 2.819294e-01 3.987084e-01 8.258712e-01 
9.123823e-03 9.123823e-03 1.290303e-02 1.824765e-02 2.580607e-02 3.649529e-02 5.161214e-02 7.299059e-02 1.032243e-01 1.459812e-01 2.064486e-01 2.919623e-01 4.128971e-01 5.839247e-01 5.639716e-01 
2.134062e-03 2.134062e-03 3.018019e-03 4.268123e-03 6.036038e-03 8.536247e-03 1.207208e-02 1.707249e-02 2.414415e-02 3.414499e-02 4.828830e-02 6.828997e-02 9.657661e-02 1.365799e-01 9.811686e-01 
3.990295e-03 3.990295e-03 5.643129e-03 7.980589e-03 1.128626e-02 1.596118e-02 2.257252e-02 3.192236e-02 4.514503e-02 6.384472e-02 9.029006e-02 1.276894e-01 1.805801e-01 2.553789e-01 9.325038e-01 
9.306534e-03 9.306534e-03 1.316143e-02 1.861307e-02 2.632285e-02 3.722614e-02 5.264571e-02 7.445228e-02 1.052914e-01 1.489046e-01 2.105828e-01 2.978091e-01 4.211657e-01 5.956182e-01 5.389600e-01 
1.087656e-02 1.087656e-02 1.538178e-02 2.175312e-02 3.076356e-02 4.350624e-02 6.152712e-02 8.701249e-02 1.230542e-01 1.740250e-01 2.461085e-01 3.480499e-01 4.922169e-01 6.960999e-01 1.757552e-01 
5.323315e-03 5.323315e-03 7.528304e-03 1.064663e-02 1.505661e-02 2.129326e-02 3.011322e-02 4.258652e-02 6.022643e-02 8.517304e-02 1.204529e-01 1.703461e-01 2.409057e-01 3.406922e-01 8.762749e-01 
9.258467e-03 9.258467e-03 1.309345e-02 1.851693e-02 2.618690e-02 3.703387e-02 5.237380e-02 7.406774e-02 1.047476e-01 1.481355e-01 2.094952e-01 2.962709e-01 4.189904e-01 5.925419e-01 5.456998e-01 
1.084992e-02 1.084992e-02 1.534410e-02 2.169983e-02 3.068820e-02 4.339966e-02 6.137639e-02 8.679932e-02 1.227528e-01 1.735986e-01 2.455056e-01 3.471973e-01 4.910111e-01 6.943946e-01 1.887652e-01 
8.100148e-03 8.100148e-03 1.145534e-02 1.620030e-02 2.291068e-02 3.240059e-02 4.582136e-02 6.480119e-02 9.164271e-02 1.296024e-01 1.832854e-01 2.592047e-01 3.665709e-01 5.184095e-01 6.800759e-01 
6.954607e-03 6.954607e-03 9.835300e-03 1.390921e-02 1.967060e-02 2.781843e-02 3.934120e-02 5.563686e-02 7.868240e-02 1.112737e-01 1.573648e-01 2.225474e-01 3.147296e-01 4.450949e-01 7.770335e-01 
3.966736e-04 3.966736e-04 5.609811e-04 7.933471e-04 1.121962e-03 1.586694e-03 2.243924e-03 3.173388e-03 4.487849e-03 6.346777e-03 8.975698e-03 1.269355e-02 1.795140e-02 2.538711e-02 9.993553e-01 
1.434183e-03 1.434183e-03 2.028241e-03 2.868366e-03 4.056482e-03 5.736733e-03 8.112965e-03 1.147347e-02 1.622593e-02 2.294693e-02 3.245186e-02 4.589386e-02 6.490372e-02 9.178772e-02 9.915392e-01 
4.546287e-03 4.546287e-03 6.429421e-03 9.092574e-03 1.285884e-02 1.818515e-02 2.571768e-02 3.637030e-02 5.143537e-02 7.274060e-02 1.028707e-01 1.454812e-01 2.057415e-01 2.909624e-01 9.114175e-01 
6.609602e-03 6.609602e-03 9.347389e-03 1.321920e-02 1.869478e-02 2.643841e-02 3.738955e-02 5.287681e-02 7.477911e-02 1.057536e-01 1.495582e-01 2.115073e-01 2.991164e-01 4.230145e-01 8.013223e-01 
9.201594e-03 9.201594e-03 1.301302e-02 1.840319e-02 2.602604e-02 3.680638e-02 5.205208e-02 7.361275e-02 1.041042e-01 1.472255e-01 2.082083e-01 2.944510e-01 4.164166e-01 5.889020e-01 5.535240e-01 
4.588097e-03 4.588097e-03 6.488549e-03 9.176194e-03 1.297710e-02 1.835239e-02 2.595420e-02 3.670478e-02 5.190839e-02 7.340955e-02 1.038168e-01 1.468191e-01 2.076336e-01 2.936382e-01 9.096995e-01 
9.319978e-03 9.319978e-03 1.318044e-02 1.863996e-02 2.636088e-02 3.727991e-02 5.272176e-02 7.455983e-02 1.054435e-01 1.491197e-01 2.108870e-01 2.982393e-01 4.217741e-01 5.964786e-01 5.370536e-01 
1.033927e-02 1.033927e-02 1.462194e-02 2.067855e-02 2.924388e-02 4.135710e-02 5.848777e-02 8.271419e-02 1.169755e-01 1.654284e-01 2.339511e-01 3.308568e-01 4.679021e-01 6.617135e-01 3.525200e-01 
4.528274e-03 4.528274e-03 6.403947e-03 9.056548e-03 1.280789e-02 1.811310e-02 2.561579e-02 3.622619e-02 5.123157e-02 7.245239e-02 1.024631e-01 1.449048e-01 2.049263e-01 2.898095e-01 9.121518e-01 
1.067729e-02 1.067729e-02 1.509997e-02 2.135459e-02 3.019995e-02 4.270917e-02 6.039989e-02 8.541835e-02 1.207998e-01 1.708367e-01 2.415996e-01 3.416734e-01 4.831991e-01 6.833468e-01 2.570493e-01 
2.281644e-03 2.281644e-03 3.226733e-03 4.563289e-03 6.453465e-03 9.126578e-03 1.290693e-02 1.825316e-02 2.581386e-02 3.650631e-02 5.162772e-02 7.301262e-02 1.032554e-01 1.460252e-01 9.784443e-01 
6.885979e-03 6.885979e-03 9.738245e-03 1.377196e-02 1.947649e-02 2.754392e-02 3.895298e-02 5.508783e-02 7.790596e-02 1.101757e-01 1.558119e-01 2.203513e-01 3.116238e-01 4.407027e-01 7.820245e-01 
5.715300e-03 5.715300e-03 8.082655e-03 1.143060e-02 1.616531e-02 2.286120e-02 3.233062e-02 4.572240e-02 6.466124e-02 9.144480e-02 1.293225e-01 1.828896e-01 2.586450e-01 3.657792e-01 8.558102e-01 
8.705615e-03 8.705615e-03 1.231160e-02 1.741123e-02 2.462320e-02 3.482246e-02 4.924640e-02 6.964492e-02 9.849279e-02 1.392898e-01 1.969856e-01 2.785797e-01 3.939712e-01 5.571594e-01 6.157490e-01 
4.828571e-03 4.828571e-03 6.828631e-03 9.657143e-03 1.365726e-02 1.931429e-02 2.731452e-02 3.862857e-02 5.462905e-02 7.725714e-02 1.092581e-01 1.545143e-01 2.185162e-01 3.090286e-01 8.994458e-01 
1.101415e-02 1.101415e-02 1.557635e-02 2.202829e-02 3.115271e-02 4.405658e-02 6.230541e-02 8.811316e-02 1.246108e-01 1.762263e-01 2.492217e-01 3.524527e-01 4.984433e-01 7.049053e-01 7.884815e-02 
9.390190e-03 9.390190e-03 1.327973e-02 1.878038e-02 2.655947e-02 3.756076e-02 5.311894e-02 7.512152e-02 1.062379e-01 1.502430e-01 2.124757e-01 3.004861e-01 4.249515e-01 6.009722e-01 5.269392e-01 
1.074475e-02 1.074475e-02 1.519537e-02 2.148950e-02 3.039074e-02 4.297900e-02 6.078148e-02 8.595800e-02 1.215630e-01 1.719160e-01 2.431259e-01 3.438320e-01 4.862519e-01 6.876640e-01 2.328872e-01 
1.047175e-02 1.047175e-02 1.480929e-02 2.094350e-02 2.961858e-02 4.188699e-02 5.923715e-02 8.377398e-02 1.184743e-01 1.675480e-01 2.369486e-01 3.350959e-01 4.738972e-01 6.701919e-01 3.188820e-01 
4.721981e-03 4.721981e-03 6.677889e-03 9.443961e-03 1.335578e-02 1.888792e-02 2.671156e-02 3.777584e-02 5.342311e-02 7.555169e-02 1.068462e-01 1.511034e-01 2.136924e-01 3.022068e-01 9.040698e-01 
1.080842e-02 1.080842e-02 1.528541e-02 2.161683e-02 3.057082e-02 4.323366e-02 6.114163e-02 8.646733e-02 1.222833e-01 1.729347e-01 2.445665e-01 3.458693e-01 4.891331e-01 6.917386e-01 2.073533e-01 
4.686474e-03 4.686474e-03 6.627675e-03 9.372948e-03 1.325535e-02 1.874590e-02 2.651070e-02 3.749179e-02 5.302140e-02 7.498359e-02 1.060428e-01 1.499672e-01 2.120856e-01 2.999343e-01 9.055820e-01 
1.097336e-02 1.097336e-02 1.551867e-02 2.194671e-02 3.103734e-02 4.389343e-02 6.207468e-02 8.778685e-02 1.241494e-01 1.755737e-01 2.482987e-01 3.511474e-01 4.965974e-01 7.022948e-01 1.164646e-01 
1.001237e-02 1.001237e-02 1.415963e-02 2.002474e-02 2.831927e-02 4.004949e-02 5.663853e-02 8.009898e-02 1.132771e-01 1.601980e-01 2.265541e-01 3.203959e-01 4.531083e-01 6.407918e-01 4.228140e-01 
5.753448e-03 5.753448e-03 8.136604e-03 1.150690e-02 1.627321e-02 2.301379e-02 3.254642e-02 4.602758e-02 6.509283e-02 9.205517e-02 1.301857e-01 1.841103e-01 2.603713e-01 3.682207e-01 8.537137e-01 
9.692602e-03 9.692602e-03 1.370741e-02 1.938520e-02 2.741482e-02 3.877041e-02 5.482964e-02 7.754082e-02 1.096593e-01 1.550816e-01 2.193185e-01 3.101633e-01 4.386371e-01 6.203265e-01 4.799896e-01 
1.013107e-02 1.013107e-02 1.432749e-02 2.026213e-02 2.865499e-02 4.052427e-02 5.730997e-02 8.104854e-02 1.146199e-01 1.620971e-01 2.292399e-01 3.241942e-01 4.584798e-01 6.483883e-01 3.989802e-01 
2.228957e-03 2.228957e-03 3.152222e-03 4.457915e-03 6.304443e-03 8.915829e-03 1.260889e-02 1.783166e-02 2.521777e-02 3.566332e-02 5.043555e-02 7.132663e-02 1.008711e-01 1.426533e-01 9.794387e-01 
7.489741e-03 7.489741e-03 1.059209e-02 1.497948e-02 2.118419e-02 2.995897e-02 4.236837e-02 5.991793e-02 8.473675e-02 1.198359e-01 1.694735e-01 2.396717e-01 3.389470e-01 4.793434e-01 7.351597e-01 
7.783971e-03 7.783971e-03 1.100820e-02 1.556794e-02 2.201639e-02 3.113588e-02 4.403279e-02 6.227176e-02 8.806557e-02 1.245435e-01 1.761311e-01 2.490871e-01 3.522623e-01 4.981741e-01 7.096796e-01 
1.071342e-02 1.071342e-02 1.515106e-02 2.142684e-02 3.030212e-02 4.285367e-02 6.060424e-02 8.570735e-02 1.212085e-01 1.714147e-01 2.424170e-01 3.428294e-01 4.848340e-01 6.856588e-01 2.444261e-01 
1.090603e-02 1.090603e-02 1.542346e-02 2.181206e-02 3.084692e-02 4.362413e-02 6.169383e-02 8.724825e-02 1.233877e-01 1.744965e-01 2.467753e-01 3.489930e-01 4.935507e-01 6.979860e-01 1.600969e-01 
1.051041e-02 1.051041e-02 1.486397e-02 2.102082e-02 2.972793e-02 4.204165e-02 5.945587e-02 8.408330e-02 1.189117e-01 1.681666e-01 2.378235e-01 3.363332e-01 4.756469e-01 6.726664e-01 3.082855e-01 
1.620946e-03 1.620946e-03 2.292364e-03 3.241892e-03 4.584727e-03 6.483783e-03 9.169454e-03 1.296757e-02 1.833891e-02 2.593513e-02 3.667782e-02 5.187027e-02 7.335563e-02 1.037405e-01 9.891794e-01 
8.448368e-03 8.448368e-03 1.194780e-02 1.689674e-02 2.389559e-02 3.379347e-02 4.779119e-02 6.758694e-02 9.558237e-02 1.351739e-01 1.911647e-01 2.703478e-01 3.823295e-01 5.406956e-01 6.444351e-01 
4.863705e-03 4.863705e-03 6.878318e-03 9.727410e-03 1.375664e-02 1.945482e-02 2.751327e-02 3.890964e-02 5.502654e-02 7.781928e-02 1.100531e-01 1.556386e-01 2.201062e-01 3.112771e-01 8.978937e-01 
9.169314e-03 9.169314e-03 1.296737e-02 1.833863e-02 2.593474e-02 3.667726e-02 5.186947e-02 7.335451e-02 1.037389e-01 1.467090e-01 2.074779e-01 2.934181e-01 4.149558e-01 5.868361e-01 5.578950e-01 
9.777665e-03 9.777665e-03 1.382771e-02 1.955533e-02 2.765541e-02 3.911066e-02 5.531082e-02 7.822132e-02 1.106216e-01 1.564426e-01 2.212433e-01 3.128853e-01 4.424866e-01 6.257705e-01 4.656420e-01 
9.720683e-03 9.720683e-03 1.374712e-02 1.944137e-02 2.749424e-02 3.888273e-02 5.498849e-02 7.776546e-02 1.099770e-01 1.555309e-01 2.199539e-01 3.110618e-01 4.399079e-01 6.221237e-01 4.753149e-01 
1.104822e-02 1.104822e-02 1.562454e-02 2.209644e-02 3.124908e-02 4.419287e-02 6.249816e-02 8.838574e-02 1.249963e-01 1.767715e-01 2.499926e-01 3.535430e-01 4.999853e-01 7.070859e-01 7.677368e-03 
2.691034e-03 2.691034e-03 3.805697e-03 5.382068e-03 7.611393e-03 1.076414e-02 1.522279e-02 2.152827e-02 3.044557e-02 4.305654e-02 6.089114e-02 8.611308e-02 1.217823e-01 1.722262e-01 9.698847e-01 
1.061730e-02 1.061730e-02 1.501512e-02 2.123459e-02 3.003025e-02 4.246919e-02 6.006050e-02 8.493837e-02 1.201210e-01 1.698767e-01 2.402420e-01 3.397535e-01 4.804840e-01 6.795070e-01 2.766597e-01 
4.151409e-03 4.151409e-03 5.870979e-03 8.302818e-03 1.174196e-02 1.660564e-02 2.348392e-02 3.321127e-02 4.696783e-02 6.642255e-02 9.393567e-02 1.328451e-01 1.878713e-01 2.656902e-01 9.267240e-01 
7.986451e-03 7.986451e-03 1.129455e-02 1.597290e-02 2.258910e-02 3.194581e-02 4.517819e-02 6.389161e-02 9.035638e-02 1.277832e-01 1.807128e-01 2.555664e-01 3.614255e-01 5.111329e-01 6.910039e-01 
8.345522e-03 8.345522e-03 1.180235e-02 1.669104e-02 2.360470e-02 3.338209e-02 4.720940e-02 6.676418e-02 9.441880e-02 1.335284e-01 1.888376e-01 2.670567e-01 3.776752e-01 5.341134e-01 6.553211e-01 
1.072215e-02 1.072215e-02 1.516342e-02 2.144431e-02 3.032683e-02 4.288862e-02 6.065367e-02 8.577724e-02 1.213073e-01 1.715545e-01 2.426147e-01 3.431090e-01 4.852293e-01 6.862179e-01 2.412674e-01 
5.163052e-03 5.163052e-03 7.301659e-03 1.032610e-02 1.460332e-02 2.065221e-02 2.920664e-02 4.130442e-02 5.841327e-02 8.260884e-02 1.168265e-01 1.652177e-01 2.336531e-01 3.304354e-01 8.840956e-01 
1.095148e-02 1.095148e-02 1.548772e-02 2.190295e-02 3.097545e-02 4.380590e-02 6.195090e-02 8.761180e-02 1.239018e-01 1.752236e-01 2.478036e-01 3.504472e-01 4.956072e-01 7.008944e-01 1.322650e-01 
8.274270e-03 8.274270e-03 1.170159e-02 1.654854e-02 2.340317e-02 3.309708e-02 4.680634e-02 6.619416e-02 9.361268e-02 1.323883e-01 1.872254e-01 2.647767e-01 3.744507e-01 5.295533e-01 6.626814e-01 
9.317055e-03 9.317055e-03 1.317631e-02 1.863411e-02 2.635261e-02 3.726822e-02 5.270522e-02 7.453644e-02 1.054104e-01 1.490729e-01 2.108209e-01 2.981458e-01 4.216418e-01 5.962915e-01 5.374689e-01 
1.089517e-02 1.089517e-02 1.540809e-02 2.179033e-02 3.081618e-02 4.358066e-02 6.163237e-02 8.716133e-02 1.232647e-01 1.743227e-01 2.465295e-01 3.486453e-01 4.930589e-01 6.972906e-01 1.660468e-01 
1.020608e-02 1.020608e-02 1.443357e-02 2.041215e-02 2.886715e-02 4.082431e-02 5.773429e-02 8.164862e-02 1.154686e-01 1.632972e-01 2.309372e-01 3.265945e-01 4.618743e-01 6.531889e-01 3.829993e-01 
8.613097e-04 8.613097e-04 1.218076e-03 1.722619e-03 2.436152e-03 3.445239e-03 4.872303e-03 6.890477e-03 9.744606e-03 1.378095e-02 1.948921e-02 2.756191e-02 3.897843e-02 5.512382e-02 9.969567e-01 
1.099235e-02 1.099235e-02 1.554554e-02 2.198471e-02 3.109107e-02 4.396942e-02 6.218214e-02 8.793883e-02 1.243643e-01 1.758777e-01 2.487286e-01 3.517553e-01 4.974572e-01 7.035107e-01 1.007249e-01 
3.083453e-03 3.083453e-03 4.360661e-03 6.166906e-03 8.721323e-03 1.233381e-02 1.744265e-02 2.466763e-02 3.488529e-02 4.933525e-02 6.977058e-02 9.867050e-02 1.395412e-01 1.973410e-01 9.602672e-01 
3.169556e-03 3.169556e-03 4.482429e-03 6.339112e-03 8.964858e-03 1.267822e-02 1.792972e-02 2.535645e-02 3.585943e-02 5.071289e-02 7.171886e-02 1.014258e-01 1.434377e-01 2.028516e-01 9.579679e-01 
7.429239e-03 7.429239e-03 1.050653e-02 1.485848e-02 2.101306e-02 2.971696e-02 4.202612e-02 5.943391e-02 8.405225e-02 1.188678e-01 1.681045e-01 2.377357e-01 3.362090e-01 4.754713e-01 7.401716e-01 
5.239182e-03 5.239182e-03 7.409322e-03 1.047836e-02 1.481864e-02 2.095673e-02 2.963729e-02 4.191345e-02 5.927457e-02 8.382691e-02 1.185491e-01 1.676538e-01 2.370983e-01 3.353076e-01 8.804190e-01 
1.253456e-03 1.253456e-03 1.772655e-03 2.506913e-03 3.545310e-03 5.013825e-03 7.090620e-03 1.002765e-02 1.418124e-02 2.005530e-02 2.836248e-02 4.011060e-02 5.672496e-02 8.022120e-02 9.935437e-01 
1.104434e-02 1.104434e-02 1.561905e-02 2.208867e-02 3.123810e-02 4.417734e-02 6.247620e-02 8.835469e-02 1.249524e-01 1.767094e-01 2.499048e-01 3.534188e-01 4.998096e-01 7.068375e-01 2.759521e-02 
2.751557e-04 2.751557e-04 3.891290e-04 5.503114e-04 7.782579e-04 1.100623e-03 1.556516e-03 2.201246e-03 3.113032e-03 4.402492e-03 6.226063e-03 8.804983e-03 1.245213e-02 1.760997e-02 9.996898e-01 
1.367578e-03 1.367578e-03 1.934047e-03 2.735156e-03 3.868095e-03 5.470312e-03 7.736189e-03 1.094062e-02 1.547238e-02 2.188125e-02 3.094476e-02 4.376249e-02 6.188951e-02 8.752499e-02 9.923098e-01 
8.774246e-03 8.774246e-03 1.240866e-02 1.754849e-02 2.481731e-02 3.509698e-02 4.963463e-02 7.019396e-02 9.926926e-02 1.403879e-01 1.985385e-01 2.807759e-01 3.970770e-01 5.615517e-01 6.077165e-01 
1.069878e-02 1.069878e-02 1.513036e-02 2.139757e-02 3.026073e-02 4.279513e-02 6.052145e-02 8.559026e-02 1.210429e-01 1.711805e-01 2.420858e-01 3.423610e-01 4.841716e-01 6.847221e-01 2.496224e-01 
1.104055e-02 1.104055e-02 1.561370e-02 2.208111e-02 3.122740e-02 4.416222e-02 6.245480e-02 8.832443e-02 1.249096e-01 1.766489e-01 2.498192e-01 3.532977e-01 4.996384e-01 7.065955e-01 3.802263e-02 
9.007609e-03 9.007609e-03 1.273868e-02 1.801522e-02 2.547737e-02 3.603044e-02 5.095473e-02 7.206087e-02 1.019095e-01 1.441217e-01 2.038189e-01 2.882435e-01 4.076379e-01 5.764870e-01 5.790730e-01 
1.743688e-03 1.743688e-03 2.465947e-03 3.487375e-03 4.931894e-03 6.974751e-03 9.863787e-03 1.394950e-02 1.972757e-02 2.789900e-02 3.945515e-02 5.579801e-02 7.891030e-02 1.115960e-01 9.874678e-01 
1.097964e-03 1.097964e-03 1.552755e-03 2.195928e-03 3.105511e-03 4.391855e-03 6.211021e-03 8.783710e-03 1.242204e-02 1.756742e-02 2.484408e-02 3.513484e-02 4.968817e-02 7.026968e-02 9.950499e-01 
1.015956e-02 1.015956e-02 1.436779e-02 2.031912e-02 2.873557e-02 4.063824e-02 5.747115e-02 8.127648e-02 1.149423e-01 1.625530e-01 2.298846e-01 3.251059e-01 4.597692e-01 6.502118e-01 3.930002e-01 
1.811932e-03 1.811932e-03 2.562459e-03 3.623864e-03 5.124918e-03 7.247729e-03 1.024984e-02 1.449546e-02 2.049967e-02 2.899092e-02 4.099935e-02 5.798183e-02 8.199869e-02 1.159637e-01 9.864608e-01 
5.581210e-03 5.581210e-03 7.893023e-03 1.116242e-02 1.578605e-02 2.232484e-02 3.157209e-02 4.464968e-02 6.314419e-02 8.929937e-02 1.262884e-01 1.785987e-01 2.525767e-01 3.571975e-01 8.630295e-01 
1.099068e-02 1.099068e-02 1.554316e-02 2.198135e-02 3.108633e-02 4.396271e-02 6.217266e-02 8.792542e-02 1.243453e-01 1.758508e-01 2.486906e-01 3.517017e-01 4.973813e-01 7.034033e-01 1.022129e-01 
4.300917e-03 4.300917e-03 6.082415e-03 8.601833e-03 1.216483e-02 1.720367e-02 2.432966e-02 3.440733e-02 4.865932e-02 6.881467e-02 9.731863e-02 1.376293e-01 1.946373e-01 2.752587e-01 9.211218e-01 
9.350559e-03 9.350559e-03 1.322369e-02 1.870112e-02 2.644738e-02 3.740224e-02 5.289475e-02 7.480448e-02 1.057895e-01 1.496090e-01 2.115790e-01 2.992179e-01 4.231580e-01 5.984358e-01 5.326811e-01 
1.103878e-02 1.103878e-02 1.561119e-02 2.207755e-02 3.122238e-02 4.415511e-02 6.244475e-02 8.831022e-02 1.248895e-01 1.766204e-01 2.497790e-01 3.532409e-01 4.995580e-01 7.064817e-01 4.203682e-02 
3.892225e-03 3.892225e-03 5.504438e-03 7.784451e-03 1.100888e-02 1.556890e-02 2.201775e-02 3.113780e-02 4.403550e-02 6.227561e-02 8.807101e-02 1.245512e-01 1.761420e-01 2.491024e-01 9.358931e-01 
1.104716e-02 1.104716e-02 1.562304e-02 2.209432e-02 3.124608e-02 4.418863e-02 6.249217e-02 8.837727e-02 1.249843e-01 1.767545e-01 2.499687e-01 3.535091e-01 4.999373e-01 7.070181e-01 1.583284e-02 
8.310826e-03 8.310826e-03 1.175328e-02 1.662165e-02 2.350656e-02 3.324330e-02 4.701313e-02 6.648661e-02 9.402626e-02 1.329732e-01 1.880525e-01 2.659464e-01 3.761050e-01 5.318928e-01 6.589234e-01 
2.805725e-03 2.805725e-03 3.967894e-03 5.611450e-03 7.935789e-03 1.122290e-02 1.587158e-02 2.244580e-02 3.174316e-02 4.489160e-02 6.348631e-02 8.978320e-02 1.269726e-01 1.795664e-01 9.672186e-01 
3.608232e-03 3.608232e-03 5.102810e-03 7.216464e-03 1.020562e-02 1.443293e-02 2.041124e-02 2.886585e-02 4.082248e-02 5.773171e-02 8.164497e-02 1.154634e-01 1.632899e-01 2.309268e-01 9.451696e-01 
6.829254e-03 6.829254e-03 9.658024e-03 1.365851e-02 1.931605e-02 2.731702e-02 3.863209e-02 5.463403e-02 7.726419e-02 1.092681e-01 1.545284e-01 2.185361e-01 3.090568e-01 4.370723e-01 7.860889e-01 
9.868829e-04 9.868829e-04 1.395663e-03 1.973766e-03 2.791326e-03 3.947532e-03 5.582653e-03 7.895063e-03 1.116531e-02 1.579013e-02 2.233061e-02 3.158025e-02 4.466122e-02 6.316051e-02 9.960028e-01 
7.711030e-03 7.711030e-03 1.090504e-02 1.542206e-02 2.181009e-02 3.084412e-02 4.362017e-02 6.168824e-02 8.724034e-02 1.233765e-01 1.744807e-01 2.467529e-01 3.489614e-01 4.935059e-01 7.161731e-01 
7.586284e-03 7.586284e-03 1.072863e-02 1.517257e-02 2.145725e-02 3.034514e-02 4.291450e-02 6.069027e-02 8.582901e-02 1.213805e-01 1.716580e-01 2.427611e-01 3.433160e-01 4.855222e-01 7.270051e-01 
1.029676e-02 1.029676e-02 1.456181e-02 2.059352e-02 2.912363e-02 4.118703e-02 5.824726e-02 8.237406e-02 1.164945e-01 1.647481e-01 2.329890e-01 3.294963e-01 4.659781e-01 6.589925e-01 3.625710e-01 
5.223046e-03 5.223046e-03 7.386502e-03 1.044609e-02 1.477300e-02 2.089218e-02 2.954601e-02 4.178437e-02 5.909202e-02 8.356873e-02 1.181840e-01 1.671375e-01 2.363681e-01 3.342749e-01 8.812040e-01 
1.102793e-02 1.102793e-02 1.559584e-02 2.205585e-02 3.119169e-02 4.411171e-02 6.238337e-02 8.822341e-02 1.247667e-01 1.764468e-01 2.495335e-01 3.528937e-01 4.990670e-01 7.057873e-01 6.106193e-02 
2.035323e-03 2.035323e-03 2.878381e-03 4.070645e-03 5.756762e-03 8.141291e-03 1.151352e-02 1.628258e-02 2.302705e-02 3.256516e-02 4.605409e-02 6.513032e-02 9.210819e-02 1.302606e-01 9.828857e-01 
1.101079e-02 1.101079e-02 1.557161e-02 2.202158e-02 3.114321e-02 4.404316e-02 6.228643e-02 8.808631e-02 1.245729e-01 1.761726e-01 2.491457e-01 3.523453e-01 4.982914e-01 7.046905e-01 8.259893e-02 
3.237106e-03 3.237106e-03 4.577959e-03 6.474212e-03 9.155919e-03 1.294842e-02 1.831184e-02 2.589685e-02 3.662368e-02 5.179370e-02 7.324735e-02 1.035874e-01 1.464947e-01 2.071748e-01 9.561157e-01 
8.511377e-03 8.511377e-03 1.203690e-02 1.702275e-02 2.407381e-02 3.404551e-02 4.814762e-02 6.809101e-02 9.629524e-02 1.361820e-01 1.925905e-01 2.723641e-01 3.851809e-01 5.447281e-01 6.376069e-01 
1.101279e-02 1.101279e-02 1.557444e-02 2.202559e-02 3.114888e-02 4.405117e-02 6.229776e-02 8.810234e-02 1.245955e-01 1.762047e-01 2.491911e-01 3.524094e-01 4.983821e-01 7.048187e-01 8.038106e-02 
8.727834e-03 8.727834e-03 1.234302e-02 1.745567e-02 2.468604e-02 3.491134e-02 4.937208e-02 6.982267e-02 9.874417e-02 1.396453e-01 1.974883e-01 2.792907e-01 3.949767e-01 5.585814e-01 6.131669e-01 
9.492089e-03 9.492089e-03 1.342384e-02 1.898418e-02 2.684768e-02 3.796836e-02 5.369536e-02 7.593671e-02 1.073907e-01 1.518734e-01 2.147815e-01 3.037469e-01 4.295629e-01 6.074937e-01 5.117644e-01 
3.772234e-03 3.772234e-03 5.334745e-03 7.544468e-03 1.066949e-02 1.508894e-02 2.133898e-02 3.017787e-02 4.267796e-02 6.035575e-02 8.535591e-02 1.207115e-01 1.707118e-01 2.414230e-01 9.399095e-01 
8.589933e-03 8.589933e-03 1.214800e-02 1.717987e-02 2.429600e-02 3.435973e-02 4.859200e-02 6.871946e-02 9.718400e-02 1.374389e-01 1.943680e-01 2.748778e-01 3.887360e-01 5.497557e-01 6.289176e-01 
8.967500e-03 8.967500e-03 1.268196e-02 1.793500e-02 2.536392e-02 3.587000e-02 5.072784e-02 7.174000e-02 1.014557e-01 1.434800e-01 2.029114e-01 2.869600e-01 4.058227e-01 5.739200e-01 5.841504e-01 
8.300326e-03 8.300326e-03 1.173843e-02 1.660065e-02 2.347687e-02 3.320130e-02 4.695373e-02 6.640260e-02 9.390746e-02 1.328052e-01 1.878149e-01 2.656104e-01 3.756299e-01 5.312208e-01 6.600067e-01 
3.764925e-03 3.764925e-03 5.324408e-03 7.529851e-03 1.064882e-02 1.505970e-02 2.129763e-02 3.011940e-02 4.259527e-02 6.023880e-02 8.519053e-02 1.204776e-01 1.703811e-01 2.409552e-01 9.401495e-01 
9.095724e-03 9.095724e-03 1.286330e-02 1.819145e-02 2.572659e-02 3.638290e-02 5.145319e-02 7.276579e-02 1.029064e-01 1.455316e-01 2.058127e-01 2.910632e-01 4.116255e-01 5.821263e-01 5.676776e-01 
5.317060e-03 5.317060e-03 7.519458e-03 1.063412e-02 1.503892e-02 2.126824e-02 3.007783e-02 4.253648e-02 6.015567e-02 8.507296e-02 1.203113e-01 1.701459e-01 2.406227e-01 3.402918e-01 8.765859e-01 
6.116951e-03 6.116951e-03 8.650675e-03 1.223390e-02 1.730135e-02 2.446781e-02 3.460270e-02 4.893561e-02 6.920540e-02 9.787122e-02 1.384108e-01 1.957424e-01 2.768216e-01 3.914849e-01 8.327540e-01 
6.143726e-03 6.143726e-03 8.688541e-03 1.228745e-02 1.737708e-02 2.457491e-02 3.475417e-02 4.914981e-02 6.950833e-02 9.829962e-02 1.390167e-01 1.965992e-01 2.780333e-01 3.931985e-01 8.311377e-01 
