0 0 0 0 0 0 0 0 0 0 0 0 0 0 1 
0 0 0 0 0 0 0 0 0 0 0 0 0 0.707107 0.707107 
0 0 0 0 0 0 0 0 0 0 0 0 0 1 0 
0 0 0 0 0 0 0 0 0 0 0 0 0.707107 0 0.707107 
0 0 0 0 0 0 0 0 0 0 0 0 0.707107 0.707107 0 
0 0 0 0 0 0 0 0 0 0 0 0 1 0 0 
0 0 0 0 0 0 0 0 0 0 0 0.707107 0 0 0.707107 
0 0 0 0 0 0 0 0 0 0 0 0.707107 0 0.707107 0 
0 0 0 0 0 0 0 0 0 0 0 0.707107 0.707107 0 0 
0 0 0 0 0 0 0 0 0 0 0 1 0 0 0 
0 0 0 0 0 0 0 0 0 0 0.707107 0 0 0 0.707107 
0 0 0 0 0 0 0 0 0 0 0.707107 0 0 0.707107 0 
0 0 0 0 0 0 0 0 0 0 0.707107 0 0.707107 0 0 
0 0 0 0 0 0 0 0 0 0 0.707107 0.707107 0 0 0 
0 0 0 0 0 0 0 0 0 0 1 0 0 0 0 
0 0 0 0 0 0 0 0 0 0.707107 0 0 0 0 0.707107 
0 0 0 0 0 0 0 0 0 0.707107 0 0 0 0.707107 0 
0 0 0 0 0 0 0 0 0 0.707107 0 0 0.707107 0 0 
0 0 0 0 0 0 0 0 0 0.707107 0 0.707107 0 0 0 
0 0 0 0 0 0 0 0 0 0.707107 0.707107 0 0 0 0 
0 0 0 0 0 0 0 0 0 1 0 0 0 0 0 
0 0 0 0 0 0 0 0 0.707107 0 0 0 0 0 0.707107 
0 0 0 0 0 0 0 0 0.707107 0 0 0 0 0.707107 0 
0 0 0 0 0 0 0 0 0.707107 0 0 0 0.707107 0 0 
0 0 0 0 0 0 0 0 0.707107 0 0 0.707107 0 0 0 
0 0 0 0 0 0 0 0 0.707107 0 0.707107 0 0 0 0 
0 0 0 0 0 0 0 0 0.707107 0.707107 0 0 0 0 0 
0 0 0 0 0 0 0 0 1 0 0 0 0 0 0 
0 0 0 0 0 0 0 0.707107 0 0 0 0 0 0 0.707107 
0 0 0 0 0 0 0 0.707107 0 0 0 0 0 0.707107 0 
0 0 0 0 0 0 0 0.707107 0 0 0 0 0.707107 0 0 
0 0 0 0 0 0 0 0.707107 0 0 0 0.707107 0 0 0 
0 0 0 0 0 0 0 0.707107 0 0 0.707107 0 0 0 0 
0 0 0 0 0 0 0 0.707107 0 0.707107 0 0 0 0 0 
0 0 0 0 0 0 0 0.707107 0.707107 0 0 0 0 0 0 
0 0 0 0 0 0 0 1 0 0 0 0 0 0 0 
0 0 0 0 0 0 0.707107 0 0 0 0 0 0 0 0.707107 
0 0 0 0 0 0 0.707107 0 0 0 0 0 0 0.707107 0 
0 0 0 0 0 0 0.707107 0 0 0 0 0 0.707107 0 0 
0 0 0 0 0 0 0.707107 0 0 0 0 0.707107 0 0 0 
0 0 0 0 0 0 0.707107 0 0 0 0.707107 0 0 0 0 
0 0 0 0 0 0 0.707107 0 0 0.707107 0 0 0 0 0 
0 0 0 0 0 0 0.707107 0 0.707107 0 0 0 0 0 0 
0 0 0 0 0 0 0.707107 0.707107 0 0 0 0 0 0 0 
0 0 0 0 0 0 1 0 0 0 0 0 0 0 0 
0 0 0 0 0 0.707107 0 0 0 0 0 0 0 0 0.707107 
0 0 0 0 0 0.707107 0 0 0 0 0 0 0 0.707107 0 
0 0 0 0 0 0.707107 0 0 0 0 0 0 0.707107 0 0 
0 0 0 0 0 0.707107 0 0 0 0 0 0.707107 0 0 0 
0 0 0 0 0 0.707107 0 0 0 0 0.707107 0 0 0 0 
0 0 0 0 0 0.707107 0 0 0 0.707107 0 0 0 0 0 
0 0 0 0 0 0.707107 0 0 0.707107 0 0 0 0 0 0 
0 0 0 0 0 0.707107 0 0.707107 0 0 0 0 0 0 0 
0 0 0 0 0 0.707107 0.707107 0 0 0 0 0 0 0 0 
0 0 0 0 0 1 0 0 0 0 0 0 0 0 0 
0 0 0 0 0.707107 0 0 0 0 0 0 0 0 0 0.707107 
0 0 0 0 0.707107 0 0 0 0 0 0 0 0 0.707107 0 
0 0 0 0 0.707107 0 0 0 0 0 0 0 0.707107 0 0 
0 0 0 0 0.707107 0 0 0 0 0 0 0.707107 0 0 0 
0 0 0 0 0.707107 0 0 0 0 0 0.707107 0 0 0 0 
0 0 0 0 0.707107 0 0 0 0 0.707107 0 0 0 0 0 
0 0 0 0 0.707107 0 0 0 0.707107 0 0 0 0 0 0 
0 0 0 0 0.707107 0 0 0.707107 0 0 0 0 0 0 0 
0 0 0 0 0.707107 0 0.707107 0 0 0 0 0 0 0 0 
0 0 0 0 0.707107 0.707107 0 0 0 0 0 0 0 0 0 
0 0 0 0 1 0 0 0 0 0 0 0 0 0 0 
0 0 0 0.707107 0 0 0 0 0 0 0 0 0 0 0.707107 
0 0 0 0.707107 0 0 0 0 0 0 0 0 0 0.707107 0 
0 0 0 0.707107 0 0 0 0 0 0 0 0 0.707107 0 0 
0 0 0 0.707107 0 0 0 0 0 0 0 0.707107 0 0 0 
0 0 0 0.707107 0 0 0 0 0 0 0.707107 0 0 0 0 
0 0 0 0.707107 0 0 0 0 0 0.707107 0 0 0 0 0 
0 0 0 0.707107 0 0 0 0 0.707107 0 0 0 0 0 0 
0 0 0 0.707107 0 0 0 0.707107 0 0 0 0 0 0 0 
0 0 0 0.707107 0 0 0.707107 0 0 0 0 0 0 0 0 
0 0 0 0.707107 0 0.707107 0 0 0 0 0 0 0 0 0 
0 0 0 0.707107 0.707107 0 0 0 0 0 0 0 0 0 0 
0 0 0 1 0 0 0 0 0 0 0 0 0 0 0 
0 0 0.707107 0 0 0 0 0 0 0 0 0 0 0 0.707107 
0 0 0.707107 0 0 0 0 0 0 0 0 0 0 0.707107 0 
0 0 0.707107 0 0 0 0 0 0 0 0 0 0.707107 0 0 
0 0 0.707107 0 0 0 0 0 0 0 0 0.707107 0 0 0 
0 0 0.707107 0 0 0 0 0 0 0 0.707107 0 0 0 0 
0 0 0.707107 0 0 0 0 0 0 0.707107 0 0 0 0 0 
0 0 0.707107 0 0 0 0 0 0.707107 0 0 0 0 0 0 
0 0 0.707107 0 0 0 0 0.707107 0 0 0 0 0 0 0 
0 0 0.707107 0 0 0 0.707107 0 0 0 0 0 0 0 0 
0 0 0.707107 0 0 0.707107 0 0 0 0 0 0 0 0 0 
0 0 0.707107 0 0.707107 0 0 0 0 0 0 0 0 0 0 
0 0 0.707107 0.707107 0 0 0 0 0 0 0 0 0 0 0 
0 0 1 0 0 0 0 0 0 0 0 0 0 0 0 
0 0.707107 0 0 0 0 0 0 0 0 0 0 0 0 0.707107 
0 0.707107 0 0 0 0 0 0 0 0 0 0 0 0.707107 0 
0 0.707107 0 0 0 0 0 0 0 0 0 0 0.707107 0 0 
0 0.707107 0 0 0 0 0 0 0 0 0 0.707107 0 0 0 
0 0.707107 0 0 0 0 0 0 0 0 0.707107 0 0 0 0 
0 0.707107 0 0 0 0 0 0 0 0.707107 0 0 0 0 0 
0 0.707107 0 0 0 0 0 0 0.707107 0 0 0 0 0 0 
0 0.707107 0 0 0 0 0 0.707107 0 0 0 0 0 0 0 
0 0.707107 0 0 0 0 0.707107 0 0 0 0 0 0 0 0 
0 0.707107 0 0 0 0.707107 0 0 0 0 0 0 0 0 0 
0 0.707107 0 0 0.707107 0 0 0 0 0 0 0 0 0 0 
0 0.707107 0 0.707107 0 0 0 0 0 0 0 0 0 0 0 
0 0.707107 0.707107 0 0 0 0 0 0 0 0 0 0 0 0 
0 1 0 0 0 0 0 0 0 0 0 0 0 0 0 
0.707107 0 0 0 0 0 0 0 0 0 0 0 0 0 0.707107 
0.707107 0 0 0 0 0 0 0 0 0 0 0 0 0.707107 0 
0.707107 0 0 0 0 0 0 0 0 0 0 0 0.707107 0 0 
0.707107 0 0 0 0 0 0 0 0 0 0 0.707107 0 0 0 
0.707107 0 0 0 0 0 0 0 0 0 0.707107 0 0 0 0 
0.707107 0 0 0 0 0 0 0 0 0.707107 0 0 0 0 0 
0.707107 0 0 0 0 0 0 0 0.707107 0 0 0 0 0 0 
0.707107 0 0 0 0 0 0 0.707107 0 0 0 0 0 0 0 
0.707107 0 0 0 0 0 0.707107 0 0 0 0 0 0 0 0 
0.707107 0 0 0 0 0.707107 0 0 0 0 0 0 0 0 0 
0.707107 0 0 0 0.707107 0 0 0 0 0 0 0 0 0 0 
0.707107 0 0 0.707107 0 0 0 0 0 0 0 0 0 0 0 
0.707107 0 0.707107 0 0 0 0 0 0 0 0 0 0 0 0 
0.707107 0.707107 0 0 0 0 0 0 0 0 0 0 0 0 0 
1 0 0 0 0 0 0 0 0 0 0 0 0 0 0 
0.0608581 0.0608581 0.0608581 0.0608581 0.0608581 0.0608581 0.0608581 0.0608581 0.0608581 0.0608581 0.0608581 0.0608581 0.0608581 0.0608581 0.973729 
0.0608581 0.0608581 0.0608581 0.0608581 0.0608581 0.0608581 0.0608581 0.0608581 0.0608581 0.0608581 0.0608581 0.0608581 0.0608581 0.973729 0.0608581 
0.0608581 0.0608581 0.0608581 0.0608581 0.0608581 0.0608581 0.0608581 0.0608581 0.0608581 0.0608581 0.0608581 0.0608581 0.973729 0.0608581 0.0608581 
0.0608581 0.0608581 0.0608581 0.0608581 0.0608581 0.0608581 0.0608581 0.0608581 0.0608581 0.0608581 0.0608581 0.973729 0.0608581 0.0608581 0.0608581 
0.0608581 0.0608581 0.0608581 0.0608581 0.0608581 0.0608581 0.0608581 0.0608581 0.0608581 0.0608581 0.973729 0.0608581 0.0608581 0.0608581 0.0608581 
0.0608581 0.0608581 0.0608581 0.0608581 0.0608581 0.0608581 0.0608581 0.0608581 0.0608581 0.973729 0.0608581 0.0608581 0.0608581 0.0608581 0.0608581 
0.0608581 0.0608581 0.0608581 0.0608581 0.0608581 0.0608581 0.0608581 0.0608581 0.973729 0.0608581 0.0608581 0.0608581 0.0608581 0.0608581 0.0608581 
0.0608581 0.0608581 0.0608581 0.0608581 0.0608581 0.0608581 0.0608581 0.973729 0.0608581 0.0608581 0.0608581 0.0608581 0.0608581 0.0608581 0.0608581 
0.0608581 0.0608581 0.0608581 0.0608581 0.0608581 0.0608581 0.973729 0.0608581 0.0608581 0.0608581 0.0608581 0.0608581 0.0608581 0.0608581 0.0608581 
0.0608581 0.0608581 0.0608581 0.0608581 0.0608581 0.973729 0.0608581 0.0608581 0.0608581 0.0608581 0.0608581 0.0608581 0.0608581 0.0608581 0.0608581 
0.0608581 0.0608581 0.0608581 0.0608581 0.973729 0.0608581 0.0608581 0.0608581 0.0608581 0.0608581 0.0608581 0.0608581 0.0608581 0.0608581 0.0608581 
0.0608581 0.0608581 0.0608581 0.973729 0.0608581 0.0608581 0.0608581 0.0608581 0.0608581 0.0608581 0.0608581 0.0608581 0.0608581 0.0608581 0.0608581 
0.0608581 0.0608581 0.973729 0.0608581 0.0608581 0.0608581 0.0608581 0.0608581 0.0608581 0.0608581 0.0608581 0.0608581 0.0608581 0.0608581 0.0608581 
0.0608581 0.973729 0.0608581 0.0608581 0.0608581 0.0608581 0.0608581 0.0608581 0.0608581 0.0608581 0.0608581 0.0608581 0.0608581 0.0608581 0.0608581 
0.973729 0.0608581 0.0608581 0.0608581 0.0608581 0.0608581 0.0608581 0.0608581 0.0608581 0.0608581 0.0608581 0.0608581 0.0608581 0.0608581 0.0608581 
