5.952429e-02 5.952429e-02 8.418005e-02 1.190486e-01 1.683601e-01 2.380971e-01 3.367202e-01 4.761943e-01 6.734404e-01 3.048869e-01 
3.341742e-02 3.341742e-02 4.725937e-02 6.683484e-02 9.451874e-02 1.336697e-01 1.890375e-01 2.673394e-01 3.780750e-01 8.450554e-01 
5.755078e-02 5.755078e-02 8.138909e-02 1.151016e-01 1.627782e-01 2.302031e-01 3.255564e-01 4.604062e-01 6.511127e-01 3.900057e-01 
3.919720e-02 3.919720e-02 5.543321e-02 7.839439e-02 1.108664e-01 1.567888e-01 2.217328e-01 3.135776e-01 4.434657e-01 7.788943e-01 
6.231691e-02 6.231691e-02 8.812942e-02 1.246338e-01 1.762588e-01 2.492676e-01 3.525177e-01 4.985353e-01 7.050353e-01 7.648750e-02 
1.430272e-02 1.430272e-02 2.022711e-02 2.860545e-02 4.045421e-02 5.721090e-02 8.090843e-02 1.144218e-01 1.618169e-01 9.734632e-01 
5.796114e-02 5.796114e-02 8.196943e-02 1.159223e-01 1.639389e-01 2.318446e-01 3.278777e-01 4.636891e-01 6.557554e-01 3.741252e-01 
5.762297e-02 5.762297e-02 8.149118e-02 1.152459e-01 1.629824e-01 2.304919e-01 3.259647e-01 4.609837e-01 6.519295e-01 3.872673e-01 
1.332278e-02 1.332278e-02 1.884125e-02 2.664556e-02 3.768251e-02 5.329111e-02 7.536501e-02 1.065822e-01 1.507300e-01 9.770163e-01 
5.132839e-02 5.132839e-02 7.258931e-02 1.026568e-01 1.451786e-01 2.053136e-01 2.903572e-01 4.106271e-01 5.807145e-01 5.705624e-01 
1.615833e-02 1.615833e-02 2.285134e-02 3.231667e-02 4.570267e-02 6.463334e-02 9.140534e-02 1.292667e-01 1.828107e-01 9.660023e-01 
5.250526e-02 5.250526e-02 7.425365e-02 1.050105e-01 1.485073e-01 2.100211e-01 2.970146e-01 4.200421e-01 5.940292e-01 5.424560e-01 
2.173907e-02 2.173907e-02 3.074369e-02 4.347814e-02 6.148737e-02 8.695628e-02 1.229747e-01 1.739126e-01 2.459495e-01 9.375594e-01 
6.247655e-02 6.247655e-02 8.835518e-02 1.249531e-01 1.767104e-01 2.499062e-01 3.534207e-01 4.998124e-01 7.068415e-01 2.739211e-02 
5.257560e-02 5.257560e-02 7.435313e-02 1.051512e-01 1.487063e-01 2.103024e-01 2.974125e-01 4.206048e-01 5.948250e-01 5.407092e-01 
1.939995e-02 1.939995e-02 2.743567e-02 3.879990e-02 5.487134e-02 7.759979e-02 1.097427e-01 1.551996e-01 2.194854e-01 9.506063e-01 
6.246788e-02 6.246788e-02 8.834292e-02 1.249358e-01 1.766858e-01 2.498715e-01 3.533717e-01 4.997430e-01 7.067433e-01 3.205781e-02 
5.247493e-02 5.247493e-02 7.421076e-02 1.049499e-01 1.484215e-01 2.098997e-01 2.968430e-01 4.197994e-01 5.936861e-01 5.432069e-01 
5.286453e-02 5.286453e-02 7.476173e-02 1.057291e-01 1.495235e-01 2.114581e-01 2.990469e-01 4.229162e-01 5.980938e-01 5.334487e-01 
6.871080e-04 6.871080e-04 9.717174e-04 1.374216e-03 1.943435e-03 2.748432e-03 3.886870e-03 5.496864e-03 7.773739e-03 9.999396e-01 
5.141114e-02 5.141114e-02 7.270634e-02 1.028223e-01 1.454127e-01 2.056446e-01 2.908254e-01 4.112892e-01 5.816507e-01 5.686518e-01 
4.598534e-02 4.598534e-02 6.503309e-02 9.197068e-02 1.300662e-01 1.839414e-01 2.601324e-01 3.678827e-01 5.202647e-01 6.772365e-01 
3.524117e-02 3.524117e-02 4.983854e-02 7.048235e-02 9.967709e-02 1.409647e-01 1.993542e-01 2.819294e-01 3.987084e-01 8.258712e-01 
5.161214e-02 5.161214e-02 7.299059e-02 1.032243e-01 1.459812e-01 2.064486e-01 2.919623e-01 4.128971e-01 5.839247e-01 5.639716e-01 
1.207208e-02 1.207208e-02 1.707249e-02 2.414415e-02 3.414499e-02 4.828830e-02 6.828997e-02 9.657661e-02 1.365799e-01 9.811686e-01 
2.257252e-02 2.257252e-02 3.192236e-02 4.514503e-02 6.384472e-02 9.029006e-02 1.276894e-01 1.805801e-01 2.553789e-01 9.325038e-01 
5.264571e-02 5.264571e-02 7.445228e-02 1.052914e-01 1.489046e-01 2.105828e-01 2.978091e-01 4.211657e-01 5.956182e-01 5.389600e-01 
6.152712e-02 6.152712e-02 8.701249e-02 1.230542e-01 1.740250e-01 2.461085e-01 3.480499e-01 4.922169e-01 6.960999e-01 1.757552e-01 
3.011322e-02 3.011322e-02 4.258652e-02 6.022643e-02 8.517304e-02 1.204529e-01 1.703461e-01 2.409057e-01 3.406922e-01 8.762749e-01 
5.237380e-02 5.237380e-02 7.406774e-02 1.047476e-01 1.481355e-01 2.094952e-01 2.962709e-01 4.189904e-01 5.925419e-01 5.456998e-01 
6.137639e-02 6.137639e-02 8.679932e-02 1.227528e-01 1.735986e-01 2.455056e-01 3.471973e-01 4.910111e-01 6.943946e-01 1.887652e-01 
4.582136e-02 4.582136e-02 6.480119e-02 9.164271e-02 1.296024e-01 1.832854e-01 2.592047e-01 3.665709e-01 5.184095e-01 6.800759e-01 
3.934120e-02 3.934120e-02 5.563686e-02 7.868240e-02 1.112737e-01 1.573648e-01 2.225474e-01 3.147296e-01 4.450949e-01 7.770335e-01 
2.243924e-03 2.243924e-03 3.173388e-03 4.487849e-03 6.346777e-03 8.975698e-03 1.269355e-02 1.795140e-02 2.538711e-02 9.993553e-01 
8.112965e-03 8.112965e-03 1.147347e-02 1.622593e-02 2.294693e-02 3.245186e-02 4.589386e-02 6.490372e-02 9.178772e-02 9.915392e-01 
2.571768e-02 2.571768e-02 3.637030e-02 5.143537e-02 7.274060e-02 1.028707e-01 1.454812e-01 2.057415e-01 2.909624e-01 9.114175e-01 
3.738955e-02 3.738955e-02 5.287681e-02 7.477911e-02 1.057536e-01 1.495582e-01 2.115073e-01 2.991164e-01 4.230145e-01 8.013223e-01 
5.205208e-02 5.205208e-02 7.361275e-02 1.041042e-01 1.472255e-01 2.082083e-01 2.944510e-01 4.164166e-01 5.889020e-01 5.535240e-01 
2.595420e-02 2.595420e-02 3.670478e-02 5.190839e-02 7.340955e-02 1.038168e-01 1.468191e-01 2.076336e-01 2.936382e-01 9.096995e-01 
5.272176e-02 5.272176e-02 7.455983e-02 1.054435e-01 1.491197e-01 2.108870e-01 2.982393e-01 4.217741e-01 5.964786e-01 5.370536e-01 
5.848777e-02 5.848777e-02 8.271419e-02 1.169755e-01 1.654284e-01 2.339511e-01 3.308568e-01 4.679021e-01 6.617135e-01 3.525200e-01 
2.561579e-02 2.561579e-02 3.622619e-02 5.123157e-02 7.245239e-02 1.024631e-01 1.449048e-01 2.049263e-01 2.898095e-01 9.121518e-01 
6.039989e-02 6.039989e-02 8.541835e-02 1.207998e-01 1.708367e-01 2.415996e-01 3.416734e-01 4.831991e-01 6.833468e-01 2.570493e-01 
1.290693e-02 1.290693e-02 1.825316e-02 2.581386e-02 3.650631e-02 5.162772e-02 7.301262e-02 1.032554e-01 1.460252e-01 9.784443e-01 
3.895298e-02 3.895298e-02 5.508783e-02 7.790596e-02 1.101757e-01 1.558119e-01 2.203513e-01 3.116238e-01 4.407027e-01 7.820245e-01 
3.233062e-02 3.233062e-02 4.572240e-02 6.466124e-02 9.144480e-02 1.293225e-01 1.828896e-01 2.586450e-01 3.657792e-01 8.558102e-01 
4.924640e-02 4.924640e-02 6.964492e-02 9.849279e-02 1.392898e-01 1.969856e-01 2.785797e-01 3.939712e-01 5.571594e-01 6.157490e-01 
2.731452e-02 2.731452e-02 3.862857e-02 5.462905e-02 7.725714e-02 1.092581e-01 1.545143e-01 2.185162e-01 3.090286e-01 8.994458e-01 
6.230541e-02 6.230541e-02 8.811316e-02 1.246108e-01 1.762263e-01 2.492217e-01 3.524527e-01 4.984433e-01 7.049053e-01 7.884815e-02 
5.311894e-02 5.311894e-02 7.512152e-02 1.062379e-01 1.502430e-01 2.124757e-01 3.004861e-01 4.249515e-01 6.009722e-01 5.269392e-01 
6.078148e-02 6.078148e-02 8.595800e-02 1.215630e-01 1.719160e-01 2.431259e-01 3.438320e-01 4.862519e-01 6.876640e-01 2.328872e-01 
5.923715e-02 5.923715e-02 8.377398e-02 1.184743e-01 1.675480e-01 2.369486e-01 3.350959e-01 4.738972e-01 6.701919e-01 3.188820e-01 
2.671156e-02 2.671156e-02 3.777584e-02 5.342311e-02 7.555169e-02 1.068462e-01 1.511034e-01 2.136924e-01 3.022068e-01 9.040698e-01 
6.114163e-02 6.114163e-02 8.646733e-02 1.222833e-01 1.729347e-01 2.445665e-01 3.458693e-01 4.891331e-01 6.917386e-01 2.073533e-01 
2.651070e-02 2.651070e-02 3.749179e-02 5.302140e-02 7.498359e-02 1.060428e-01 1.499672e-01 2.120856e-01 2.999343e-01 9.055820e-01 
6.207468e-02 6.207468e-02 8.778685e-02 1.241494e-01 1.755737e-01 2.482987e-01 3.511474e-01 4.965974e-01 7.022948e-01 1.164646e-01 
5.663853e-02 5.663853e-02 8.009898e-02 1.132771e-01 1.601980e-01 2.265541e-01 3.203959e-01 4.531083e-01 6.407918e-01 4.228140e-01 
3.254642e-02 3.254642e-02 4.602758e-02 6.509283e-02 9.205517e-02 1.301857e-01 1.841103e-01 2.603713e-01 3.682207e-01 8.537137e-01 
5.482964e-02 5.482964e-02 7.754082e-02 1.096593e-01 1.550816e-01 2.193185e-01 3.101633e-01 4.386371e-01 6.203265e-01 4.799896e-01 
5.730997e-02 5.730997e-02 8.104854e-02 1.146199e-01 1.620971e-01 2.292399e-01 3.241942e-01 4.584798e-01 6.483883e-01 3.989802e-01 
1.260889e-02 1.260889e-02 1.783166e-02 2.521777e-02 3.566332e-02 5.043555e-02 7.132663e-02 1.008711e-01 1.426533e-01 9.794387e-01 
4.236837e-02 4.236837e-02 5.991793e-02 8.473675e-02 1.198359e-01 1.694735e-01 2.396717e-01 3.389470e-01 4.793434e-01 7.351597e-01 
4.403279e-02 4.403279e-02 6.227176e-02 8.806557e-02 1.245435e-01 1.761311e-01 2.490871e-01 3.522623e-01 4.981741e-01 7.096796e-01 
6.060424e-02 6.060424e-02 8.570735e-02 1.212085e-01 1.714147e-01 2.424170e-01 3.428294e-01 4.848340e-01 6.856588e-01 2.444261e-01 
6.169383e-02 6.169383e-02 8.724825e-02 1.233877e-01 1.744965e-01 2.467753e-01 3.489930e-01 4.935507e-01 6.979860e-01 1.600969e-01 
5.945587e-02 5.945587e-02 8.408330e-02 1.189117e-01 1.681666e-01 2.378235e-01 3.363332e-01 4.756469e-01 6.726664e-01 3.082855e-01 
9.169454e-03 9.169454e-03 1.296757e-02 1.833891e-02 2.593513e-02 3.667782e-02 5.187027e-02 7.335563e-02 1.037405e-01 9.891794e-01 
4.779119e-02 4.779119e-02 6.758694e-02 9.558237e-02 1.351739e-01 1.911647e-01 2.703478e-01 3.823295e-01 5.406956e-01 6.444351e-01 
2.751327e-02 2.751327e-02 3.890964e-02 5.502654e-02 7.781928e-02 1.100531e-01 1.556386e-01 2.201062e-01 3.112771e-01 8.978937e-01 
5.186947e-02 5.186947e-02 7.335451e-02 1.037389e-01 1.467090e-01 2.074779e-01 2.934181e-01 4.149558e-01 5.868361e-01 5.578950e-01 
5.531082e-02 5.531082e-02 7.822132e-02 1.106216e-01 1.564426e-01 2.212433e-01 3.128853e-01 4.424866e-01 6.257705e-01 4.656420e-01 
5.498849e-02 5.498849e-02 7.776546e-02 1.099770e-01 1.555309e-01 2.199539e-01 3.110618e-01 4.399079e-01 6.221237e-01 4.753149e-01 
6.249816e-02 6.249816e-02 8.838574e-02 1.249963e-01 1.767715e-01 2.499926e-01 3.535430e-01 4.999853e-01 7.070859e-01 7.677368e-03 
1.522279e-02 1.522279e-02 2.152827e-02 3.044557e-02 4.305654e-02 6.089114e-02 8.611308e-02 1.217823e-01 1.722262e-01 9.698847e-01 
6.006050e-02 6.006050e-02 8.493837e-02 1.201210e-01 1.698767e-01 2.402420e-01 3.397535e-01 4.804840e-01 6.795070e-01 2.766597e-01 
2.348392e-02 2.348392e-02 3.321127e-02 4.696783e-02 6.642255e-02 9.393567e-02 1.328451e-01 1.878713e-01 2.656902e-01 9.267240e-01 
4.517819e-02 4.517819e-02 6.389161e-02 9.035638e-02 1.277832e-01 1.807128e-01 2.555664e-01 3.614255e-01 5.111329e-01 6.910039e-01 
4.720940e-02 4.720940e-02 6.676418e-02 9.441880e-02 1.335284e-01 1.888376e-01 2.670567e-01 3.776752e-01 5.341134e-01 6.553211e-01 
6.065367e-02 6.065367e-02 8.577724e-02 1.213073e-01 1.715545e-01 2.426147e-01 3.431090e-01 4.852293e-01 6.862179e-01 2.412674e-01 
2.920664e-02 2.920664e-02 4.130442e-02 5.841327e-02 8.260884e-02 1.168265e-01 1.652177e-01 2.336531e-01 3.304354e-01 8.840956e-01 
6.195090e-02 6.195090e-02 8.761180e-02 1.239018e-01 1.752236e-01 2.478036e-01 3.504472e-01 4.956072e-01 7.008944e-01 1.322650e-01 
4.680634e-02 4.680634e-02 6.619416e-02 9.361268e-02 1.323883e-01 1.872254e-01 2.647767e-01 3.744507e-01 5.295533e-01 6.626814e-01 
5.270522e-02 5.270522e-02 7.453644e-02 1.054104e-01 1.490729e-01 2.108209e-01 2.981458e-01 4.216418e-01 5.962915e-01 5.374689e-01 
6.163237e-02 6.163237e-02 8.716133e-02 1.232647e-01 1.743227e-01 2.465295e-01 3.486453e-01 4.930589e-01 6.972906e-01 1.660468e-01 
5.773429e-02 5.773429e-02 8.164862e-02 1.154686e-01 1.632972e-01 2.309372e-01 3.265945e-01 4.618743e-01 6.531889e-01 3.829993e-01 
4.872303e-03 4.872303e-03 6.890477e-03 9.744606e-03 1.378095e-02 1.948921e-02 2.756191e-02 3.897843e-02 5.512382e-02 9.969567e-01 
6.218214e-02 6.218214e-02 8.793883e-02 1.243643e-01 1.758777e-01 2.487286e-01 3.517553e-01 4.974572e-01 7.035107e-01 1.007249e-01 
1.744265e-02 1.744265e-02 2.466763e-02 3.488529e-02 4.933525e-02 6.977058e-02 9.867050e-02 1.395412e-01 1.973410e-01 9.602672e-01 
1.792972e-02 1.792972e-02 2.535645e-02 3.585943e-02 5.071289e-02 7.171886e-02 1.014258e-01 1.434377e-01 2.028516e-01 9.579679e-01 
4.202612e-02 4.202612e-02 5.943391e-02 8.405225e-02 1.188678e-01 1.681045e-01 2.377357e-01 3.362090e-01 4.754713e-01 7.401716e-01 
2.963729e-02 2.963729e-02 4.191345e-02 5.927457e-02 8.382691e-02 1.185491e-01 1.676538e-01 2.370983e-01 3.353076e-01 8.804190e-01 
7.090620e-03 7.090620e-03 1.002765e-02 1.418124e-02 2.005530e-02 2.836248e-02 4.011060e-02 5.672496e-02 8.022120e-02 9.935437e-01 
6.247620e-02 6.247620e-02 8.835469e-02 1.249524e-01 1.767094e-01 2.499048e-01 3.534188e-01 4.998096e-01 7.068375e-01 2.759521e-02 
1.556516e-03 1.556516e-03 2.201246e-03 3.113032e-03 4.402492e-03 6.226063e-03 8.804983e-03 1.245213e-02 1.760997e-02 9.996898e-01 
7.736189e-03 7.736189e-03 1.094062e-02 1.547238e-02 2.188125e-02 3.094476e-02 4.376249e-02 6.188951e-02 8.752499e-02 9.923098e-01 
4.963463e-02 4.963463e-02 7.019396e-02 9.926926e-02 1.403879e-01 1.985385e-01 2.807759e-01 3.970770e-01 5.615517e-01 6.077165e-01 
6.052145e-02 6.052145e-02 8.559026e-02 1.210429e-01 1.711805e-01 2.420858e-01 3.423610e-01 4.841716e-01 6.847221e-01 2.496224e-01 
6.245480e-02 6.245480e-02 8.832443e-02 1.249096e-01 1.766489e-01 2.498192e-01 3.532977e-01 4.996384e-01 7.065955e-01 3.802263e-02 
5.095473e-02 5.095473e-02 7.206087e-02 1.019095e-01 1.441217e-01 2.038189e-01 2.882435e-01 4.076379e-01 5.764870e-01 5.790730e-01 
9.863787e-03 9.863787e-03 1.394950e-02 1.972757e-02 2.789900e-02 3.945515e-02 5.579801e-02 7.891030e-02 1.115960e-01 9.874678e-01 
6.211021e-03 6.211021e-03 8.783710e-03 1.242204e-02 1.756742e-02 2.484408e-02 3.513484e-02 4.968817e-02 7.026968e-02 9.950499e-01 
5.747115e-02 5.747115e-02 8.127648e-02 1.149423e-01 1.625530e-01 2.298846e-01 3.251059e-01 4.597692e-01 6.502118e-01 3.930002e-01 
1.024984e-02 1.024984e-02 1.449546e-02 2.049967e-02 2.899092e-02 4.099935e-02 5.798183e-02 8.199869e-02 1.159637e-01 9.864608e-01 
3.157209e-02 3.157209e-02 4.464968e-02 6.314419e-02 8.929937e-02 1.262884e-01 1.785987e-01 2.525767e-01 3.571975e-01 8.630295e-01 
6.217266e-02 6.217266e-02 8.792542e-02 1.243453e-01 1.758508e-01 2.486906e-01 3.517017e-01 4.973813e-01 7.034033e-01 1.022129e-01 
2.432966e-02 2.432966e-02 3.440733e-02 4.865932e-02 6.881467e-02 9.731863e-02 1.376293e-01 1.946373e-01 2.752587e-01 9.211218e-01 
5.289475e-02 5.289475e-02 7.480448e-02 1.057895e-01 1.496090e-01 2.115790e-01 2.992179e-01 4.231580e-01 5.984358e-01 5.326811e-01 
6.244475e-02 6.244475e-02 8.831022e-02 1.248895e-01 1.766204e-01 2.497790e-01 3.532409e-01 4.995580e-01 7.064817e-01 4.203682e-02 
2.201775e-02 2.201775e-02 3.113780e-02 4.403550e-02 6.227561e-02 8.807101e-02 1.245512e-01 1.761420e-01 2.491024e-01 9.358931e-01 
6.249217e-02 6.249217e-02 8.837727e-02 1.249843e-01 1.767545e-01 2.499687e-01 3.535091e-01 4.999373e-01 7.070181e-01 1.583284e-02 
4.701313e-02 4.701313e-02 6.648661e-02 9.402626e-02 1.329732e-01 1.880525e-01 2.659464e-01 3.761050e-01 5.318928e-01 6.589234e-01 
1.587158e-02 1.587158e-02 2.244580e-02 3.174316e-02 4.489160e-02 6.348631e-02 8.978320e-02 1.269726e-01 1.795664e-01 9.672186e-01 
2.041124e-02 2.041124e-02 2.886585e-02 4.082248e-02 5.773171e-02 8.164497e-02 1.154634e-01 1.632899e-01 2.309268e-01 9.451696e-01 
3.863209e-02 3.863209e-02 5.463403e-02 7.726419e-02 1.092681e-01 1.545284e-01 2.185361e-01 3.090568e-01 4.370723e-01 7.860889e-01 
5.582653e-03 5.582653e-03 7.895063e-03 1.116531e-02 1.579013e-02 2.233061e-02 3.158025e-02 4.466122e-02 6.316051e-02 9.960028e-01 
4.362017e-02 4.362017e-02 6.168824e-02 8.724034e-02 1.233765e-01 1.744807e-01 2.467529e-01 3.489614e-01 4.935059e-01 7.161731e-01 
4.291450e-02 4.291450e-02 6.069027e-02 8.582901e-02 1.213805e-01 1.716580e-01 2.427611e-01 3.433160e-01 4.855222e-01 7.270051e-01 
5.824726e-02 5.824726e-02 8.237406e-02 1.164945e-01 1.647481e-01 2.329890e-01 3.294963e-01 4.659781e-01 6.589925e-01 3.625710e-01 
2.954601e-02 2.954601e-02 4.178437e-02 5.909202e-02 8.356873e-02 1.181840e-01 1.671375e-01 2.363681e-01 3.342749e-01 8.812040e-01 
6.238337e-02 6.238337e-02 8.822341e-02 1.247667e-01 1.764468e-01 2.495335e-01 3.528937e-01 4.990670e-01 7.057873e-01 6.106193e-02 
1.151352e-02 1.151352e-02 1.628258e-02 2.302705e-02 3.256516e-02 4.605409e-02 6.513032e-02 9.210819e-02 1.302606e-01 9.828857e-01 
6.228643e-02 6.228643e-02 8.808631e-02 1.245729e-01 1.761726e-01 2.491457e-01 3.523453e-01 4.982914e-01 7.046905e-01 8.259893e-02 
1.831184e-02 1.831184e-02 2.589685e-02 3.662368e-02 5.179370e-02 7.324735e-02 1.035874e-01 1.464947e-01 2.071748e-01 9.561157e-01 
4.814762e-02 4.814762e-02 6.809101e-02 9.629524e-02 1.361820e-01 1.925905e-01 2.723641e-01 3.851809e-01 5.447281e-01 6.376069e-01 
6.229776e-02 6.229776e-02 8.810234e-02 1.245955e-01 1.762047e-01 2.491911e-01 3.524094e-01 4.983821e-01 7.048187e-01 8.038106e-02 
4.937208e-02 4.937208e-02 6.982267e-02 9.874417e-02 1.396453e-01 1.974883e-01 2.792907e-01 3.949767e-01 5.585814e-01 6.131669e-01 
5.369536e-02 5.369536e-02 7.593671e-02 1.073907e-01 1.518734e-01 2.147815e-01 3.037469e-01 4.295629e-01 6.074937e-01 5.117644e-01 
2.133898e-02 2.133898e-02 3.017787e-02 4.267796e-02 6.035575e-02 8.535591e-02 1.207115e-01 1.707118e-01 2.414230e-01 9.399095e-01 
4.859200e-02 4.859200e-02 6.871946e-02 9.718400e-02 1.374389e-01 1.943680e-01 2.748778e-01 3.887360e-01 5.497557e-01 6.289176e-01 
5.072784e-02 5.072784e-02 7.174000e-02 1.014557e-01 1.434800e-01 2.029114e-01 2.869600e-01 4.058227e-01 5.739200e-01 5.841504e-01 
4.695373e-02 4.695373e-02 6.640260e-02 9.390746e-02 1.328052e-01 1.878149e-01 2.656104e-01 3.756299e-01 5.312208e-01 6.600067e-01 
2.129763e-02 2.129763e-02 3.011940e-02 4.259527e-02 6.023880e-02 8.519053e-02 1.204776e-01 1.703811e-01 2.409552e-01 9.401495e-01 
5.145319e-02 5.145319e-02 7.276579e-02 1.029064e-01 1.455316e-01 2.058127e-01 2.910632e-01 4.116255e-01 5.821263e-01 5.676776e-01 
3.007783e-02 3.007783e-02 4.253648e-02 6.015567e-02 8.507296e-02 1.203113e-01 1.701459e-01 2.406227e-01 3.402918e-01 8.765859e-01 
3.460270e-02 3.460270e-02 4.893561e-02 6.920540e-02 9.787122e-02 1.384108e-01 1.957424e-01 2.768216e-01 3.914849e-01 8.327540e-01 
3.475417e-02 3.475417e-02 4.914981e-02 6.950833e-02 9.829962e-02 1.390167e-01 1.965992e-01 2.780333e-01 3.931985e-01 8.311377e-01 
3.884497e-02 3.884497e-02 5.493508e-02 7.768994e-02 1.098702e-01 1.553799e-01 2.197403e-01 3.107597e-01 4.394806e-01 7.833987e-01 
4.203378e-02 4.203378e-02 5.944474e-02 8.406756e-02 1.188895e-01 1.681351e-01 2.377790e-01 3.362702e-01 4.755579e-01 7.400604e-01 
5.536536e-02 5.536536e-02 7.829844e-02 1.107307e-01 1.565969e-01 2.214614e-01 3.131938e-01 4.429229e-01 6.263875e-01 4.639798e-01 
4.802509e-02 4.802509e-02 6.791773e-02 9.605018e-02 1.358355e-01 1.921004e-01 2.716709e-01 3.842007e-01 5.433419e-01 6.399682e-01 
4.088418e-02 4.088418e-02 5.781896e-02 8.176836e-02 1.156379e-01 1.635367e-01 2.312758e-01 3.270734e-01 4.625517e-01 7.563676e-01 
3.801609e-02 3.801609e-02 5.376288e-02 7.603219e-02 1.075258e-01 1.520644e-01 2.150515e-01 3.041288e-01 4.301030e-01 7.937398e-01 
6.123635e-02 6.123635e-02 8.660127e-02 1.224727e-01 1.732025e-01 2.449454e-01 3.464051e-01 4.898908e-01 6.928102e-01 2.000702e-01 
4.477247e-02 4.477247e-02 6.331784e-02 8.954494e-02 1.266357e-01 1.790899e-01 2.532713e-01 3.581798e-01 5.065427e-01 6.977313e-01 
1.899334e-02 1.899334e-02 2.686064e-02 3.798668e-02 5.372128e-02 7.597337e-02 1.074426e-01 1.519467e-01 2.148851e-01 9.527060e-01 
1.219549e-02 1.219549e-02 1.724703e-02 2.439099e-02 3.449406e-02 4.878197e-02 6.898813e-02 9.756395e-02 1.379763e-01 9.807778e-01 
5.922915e-02 5.922915e-02 8.376267e-02 1.184583e-01 1.675253e-01 2.369166e-01 3.350507e-01 4.738332e-01 6.701014e-01 3.192620e-01 
4.103715e-02 4.103715e-02 5.803530e-02 8.207430e-02 1.160706e-01 1.641486e-01 2.321412e-01 3.282972e-01 4.642824e-01 7.542438e-01 
1.269634e-02 1.269634e-02 1.795533e-02 2.539268e-02 3.591067e-02 5.078535e-02 7.182134e-02 1.015707e-01 1.436427e-01 9.791494e-01 
4.300833e-04 4.300833e-04 6.082297e-04 8.601666e-04 1.216459e-03 1.720333e-03 2.432919e-03 3.440667e-03 4.865837e-03 9.999763e-01 
1.756916e-02 1.756916e-02 2.484655e-02 3.513832e-02 4.969310e-02 7.027665e-02 9.938619e-02 1.405533e-01 1.987724e-01 9.596766e-01 
5.789050e-02 5.789050e-02 8.186953e-02 1.157810e-01 1.637391e-01 2.315620e-01 3.274781e-01 4.631240e-01 6.549563e-01 3.769146e-01 
3.908014e-03 3.908014e-03 5.526766e-03 7.816028e-03 1.105353e-02 1.563206e-02 2.210707e-02 3.126411e-02 4.421413e-02 9.980432e-01 
4.405775e-02 4.405775e-02 6.230707e-02 8.811551e-02 1.246141e-01 1.762310e-01 2.492283e-01 3.524620e-01 4.984566e-01 7.092828e-01 
4.571232e-02 4.571232e-02 6.464698e-02 9.142463e-02 1.292940e-01 1.828493e-01 2.585879e-01 3.656985e-01 5.171758e-01 6.819519e-01 
4.566150e-02 4.566150e-02 6.457511e-02 9.132300e-02 1.291502e-01 1.826460e-01 2.583004e-01 3.652920e-01 5.166009e-01 6.828228e-01 
4.343767e-02 4.343767e-02 6.143014e-02 8.687534e-02 1.228603e-01 1.737507e-01 2.457206e-01 3.475013e-01 4.914411e-01 7.190071e-01 
1.717596e-03 1.717596e-03 2.429047e-03 3.435191e-03 4.858094e-03 6.870382e-03 9.716188e-03 1.374076e-02 1.943238e-02 9.996223e-01 
4.823769e-02 4.823769e-02 6.821839e-02 9.647537e-02 1.364368e-01 1.929507e-01 2.728736e-01 3.859015e-01 5.457471e-01 6.358618e-01 
6.137760e-02 6.137760e-02 8.680104e-02 1.227552e-01 1.736021e-01 2.455104e-01 3.472041e-01 4.910208e-01 6.944083e-01 1.886643e-01 
2.074570e-02 2.074570e-02 2.933885e-02 4.149140e-02 5.867770e-02 8.298280e-02 1.173554e-01 1.659656e-01 2.347108e-01 9.433036e-01 
4.444592e-02 4.444592e-02 6.285602e-02 8.889184e-02 1.257120e-01 1.777837e-01 2.514241e-01 3.555674e-01 5.028482e-01 7.030558e-01 
5.435233e-02 5.435233e-02 7.686581e-02 1.087047e-01 1.537316e-01 2.174093e-01 3.074632e-01 4.348187e-01 6.149265e-01 4.936911e-01 
4.661973e-02 4.661973e-02 6.593026e-02 9.323947e-02 1.318605e-01 1.864789e-01 2.637210e-01 3.729579e-01 5.274421e-01 6.660403e-01 
1.226650e-02 1.226650e-02 1.734745e-02 2.453300e-02 3.469489e-02 4.906599e-02 6.938979e-02 9.813198e-02 1.387796e-01 9.805511e-01 
2.764516e-02 2.764516e-02 3.909616e-02 5.529031e-02 7.819231e-02 1.105806e-01 1.563846e-01 2.211613e-01 3.127693e-01 8.968561e-01 
5.583894e-02 5.583894e-02 7.896819e-02 1.116779e-01 1.579364e-01 2.233558e-01 3.158727e-01 4.467115e-01 6.317455e-01 4.492163e-01 
2.187457e-02 2.187457e-02 3.093532e-02 4.374915e-02 6.187064e-02 8.749830e-02 1.237413e-01 1.749966e-01 2.474826e-01 9.367522e-01 
6.214292e-02 6.214292e-02 8.788336e-02 1.242858e-01 1.757667e-01 2.485717e-01 3.515334e-01 4.971434e-01 7.030669e-01 1.067424e-01 
5.562780e-02 5.562780e-02 7.866959e-02 1.112556e-01 1.573392e-01 2.225112e-01 3.146784e-01 4.450224e-01 6.293567e-01 4.558730e-01 
2.533779e-03 2.533779e-03 3.583305e-03 5.067559e-03 7.166610e-03 1.013512e-02 1.433322e-02 2.027024e-02 2.866644e-02 9.991779e-01 
5.242945e-02 5.242945e-02 7.414643e-02 1.048589e-01 1.482929e-01 2.097178e-01 2.965857e-01 4.194356e-01 5.931715e-01 5.443301e-01 
2.916632e-02 2.916632e-02 4.124740e-02 5.833264e-02 8.249480e-02 1.166653e-01 1.649896e-01 2.333305e-01 3.299792e-01 8.844362e-01 
5.879505e-02 5.879505e-02 8.314876e-02 1.175901e-01 1.662975e-01 2.351802e-01 3.325951e-01 4.703604e-01 6.651901e-01 3.391818e-01 
3.381838e-02 3.381838e-02 4.782641e-02 6.763675e-02 9.565281e-02 1.352735e-01 1.913056e-01 2.705470e-01 3.826113e-01 8.409621e-01 
6.184175e-02 6.184175e-02 8.745744e-02 1.236835e-01 1.749149e-01 2.473670e-01 3.498298e-01 4.947340e-01 6.996595e-01 1.447519e-01 
5.529323e-02 5.529323e-02 7.819643e-02 1.105865e-01 1.563929e-01 2.211729e-01 3.127857e-01 4.423458e-01 6.255715e-01 4.661766e-01 
3.687870e-03 3.687870e-03 5.215436e-03 7.375741e-03 1.043087e-02 1.475148e-02 2.086175e-02 2.950296e-02 4.172349e-02 9.982576e-01 
3.886802e-02 3.886802e-02 5.496767e-02 7.773603e-02 1.099353e-01 1.554721e-01 2.198707e-01 3.109441e-01 4.397414e-01 7.831060e-01 
8.864339e-03 8.864339e-03 1.253607e-02 1.772868e-02 2.507214e-02 3.545736e-02 5.014428e-02 7.091472e-02 1.002886e-01 9.898911e-01 
5.279608e-02 5.279608e-02 7.466493e-02 1.055922e-01 1.493299e-01 2.111843e-01 2.986597e-01 4.223686e-01 5.973195e-01 5.351812e-01 
5.382277e-02 5.382277e-02 7.611689e-02 1.076455e-01 1.522338e-01 2.152911e-01 3.044676e-01 4.305822e-01 6.089351e-01 5.083267e-01 
5.513526e-02 5.513526e-02 7.797303e-02 1.102705e-01 1.559461e-01 2.205410e-01 3.118921e-01 4.410821e-01 6.237843e-01 4.709420e-01 
3.573315e-02 3.573315e-02 5.053430e-02 7.146629e-02 1.010686e-01 1.429326e-01 2.021372e-01 2.858652e-01 4.042744e-01 8.204416e-01 
3.676487e-03 3.676487e-03 5.199338e-03 7.352974e-03 1.039868e-02 1.470595e-02 2.079735e-02 2.941190e-02 4.159470e-02 9.982684e-01 
5.001067e-02 5.001067e-02 7.072577e-02 1.000213e-01 1.414515e-01 2.000427e-01 2.829031e-01 4.000854e-01 5.658062e-01 5.997723e-01 
6.226170e-02 6.226170e-02 8.805134e-02 1.245234e-01 1.761027e-01 2.490468e-01 3.522053e-01 4.980936e-01 7.044107e-01 8.724200e-02 
5.892563e-02 5.892563e-02 8.333342e-02 1.178513e-01 1.666668e-01 2.357025e-01 3.333337e-01 4.714050e-01 6.666674e-01 3.333305e-01 
2.371474e-02 2.371474e-02 3.353771e-02 4.742949e-02 6.707542e-02 9.485897e-02 1.341508e-01 1.897179e-01 2.683017e-01 9.252180e-01 
8.192551e-03 8.192551e-03 1.158602e-02 1.638510e-02 2.317203e-02 3.277020e-02 4.634407e-02 6.554041e-02 9.268813e-02 9.913717e-01 
5.669970e-02 5.669970e-02 8.018549e-02 1.133994e-01 1.603710e-01 2.267988e-01 3.207420e-01 4.535976e-01 6.414839e-01 4.207098e-01 
2.318673e-02 2.318673e-02 3.279099e-02 4.637346e-02 6.558198e-02 9.274692e-02 1.311640e-01 1.854938e-01 2.623279e-01 9.286378e-01 
5.814444e-02 5.814444e-02 8.222865e-02 1.162889e-01 1.644573e-01 2.325778e-01 3.289146e-01 4.651555e-01 6.578292e-01 3.667716e-01 
6.097850e-02 6.097850e-02 8.623661e-02 1.219570e-01 1.724732e-01 2.439140e-01 3.449465e-01 4.878280e-01 6.898929e-01 2.193069e-01 
3.893410e-02 3.893410e-02 5.506113e-02 7.786820e-02 1.101223e-01 1.557364e-01 2.202445e-01 3.114728e-01 4.404890e-01 7.822652e-01 
5.889413e-02 5.889413e-02 8.328888e-02 1.177883e-01 1.665778e-01 2.355765e-01 3.331555e-01 4.711530e-01 6.663110e-01 3.347525e-01 
4.832433e-02 4.832433e-02 6.834093e-02 9.664866e-02 1.366819e-01 1.932973e-01 2.733637e-01 3.865947e-01 5.467274e-01 6.341753e-01 
5.690951e-02 5.690951e-02 8.048220e-02 1.138190e-01 1.609644e-01 2.276380e-01 3.219288e-01 4.552761e-01 6.438576e-01 4.133943e-01 
6.035154e-02 6.035154e-02 8.534996e-02 1.207031e-01 1.706999e-01 2.414061e-01 3.413999e-01 4.828123e-01 6.827997e-01 2.599406e-01 
2.094014e-02 2.094014e-02 2.961383e-02 4.188028e-02 5.922766e-02 8.376055e-02 1.184553e-01 1.675211e-01 2.369106e-01 9.422031e-01 
9.958219e-03 9.958219e-03 1.408305e-02 1.991644e-02 2.816610e-02 3.983288e-02 5.633219e-02 7.966575e-02 1.126644e-01 9.872251e-01 
3.818410e-02 3.818410e-02 5.400047e-02 7.636819e-02 1.080009e-01 1.527364e-01 2.160019e-01 3.054728e-01 4.320037e-01 7.916726e-01 
5.581931e-02 5.581931e-02 7.894043e-02 1.116386e-01 1.578809e-01 2.232773e-01 3.157617e-01 4.465545e-01 6.315235e-01 4.498402e-01 
6.192773e-02 6.192773e-02 8.757903e-02 1.238555e-01 1.751581e-01 2.477109e-01 3.503161e-01 4.954218e-01 7.006323e-01 1.350143e-01 
4.694138e-02 4.694138e-02 6.638514e-02 9.388276e-02 1.327703e-01 1.877655e-01 2.655405e-01 3.755310e-01 5.310811e-01 6.602316e-01 
9.140701e-03 9.140701e-03 1.292690e-02 1.828140e-02 2.585381e-02 3.656280e-02 5.170761e-02 7.312561e-02 1.034152e-01 9.892475e-01 
3.282379e-02 3.282379e-02 4.641985e-02 6.564758e-02 9.283970e-02 1.312952e-01 1.856794e-01 2.625903e-01 3.713588e-01 8.509908e-01 
1.080191e-02 1.080191e-02 1.527621e-02 2.160382e-02 3.055241e-02 4.320764e-02 6.110483e-02 8.641528e-02 1.222097e-01 9.849516e-01 
4.312597e-02 4.312597e-02 6.098933e-02 8.625194e-02 1.219787e-01 1.725039e-01 2.439573e-01 3.450078e-01 4.879147e-01 7.237945e-01 
6.213313e-02 6.213313e-02 8.786952e-02 1.242663e-01 1.757390e-01 2.485325e-01 3.514781e-01 4.970651e-01 7.029562e-01 1.081909e-01 
4.719252e-02 4.719252e-02 6.674031e-02 9.438505e-02 1.334806e-01 1.887701e-01 2.669612e-01 3.775402e-01 5.339224e-01 6.556322e-01 
2.244465e-02 2.244465e-02 3.174153e-02 4.488930e-02 6.348306e-02 8.977861e-02 1.269661e-01 1.795572e-01 2.539322e-01 9.332935e-01 
2.955108e-02 2.955108e-02 4.179154e-02 5.910216e-02 8.358307e-02 1.182043e-01 1.671661e-01 2.364086e-01 3.343323e-01 8.811605e-01 
5.930237e-02 5.930237e-02 8.386622e-02 1.186047e-01 1.677324e-01 2.372095e-01 3.354649e-01 4.744190e-01 6.709298e-01 3.157633e-01 
4.362397e-02 4.362397e-02 6.169360e-02 8.724793e-02 1.233872e-01 1.744959e-01 2.467744e-01 3.489917e-01 4.935488e-01 7.161139e-01 
2.497260e-02 2.497260e-02 3.531658e-02 4.994519e-02 7.063317e-02 9.989038e-02 1.412663e-01 1.997808e-01 2.825327e-01 9.167064e-01 
5.979604e-02 5.979604e-02 8.456438e-02 1.195921e-01 1.691288e-01 2.391842e-01 3.382575e-01 4.783683e-01 6.765150e-01 2.909551e-01 
1.053731e-02 1.053731e-02 1.490201e-02 2.107463e-02 2.980403e-02 4.214926e-02 5.960805e-02 8.429852e-02 1.192161e-01 9.856851e-01 
3.207392e-02 3.207392e-02 4.535937e-02 6.414784e-02 9.071874e-02 1.282957e-01 1.814375e-01 2.565913e-01 3.628750e-01 8.582794e-01 
5.692269e-02 5.692269e-02 8.050084e-02 1.138454e-01 1.610017e-01 2.276907e-01 3.220033e-01 4.553815e-01 6.440067e-01 4.129295e-01 
6.245073e-02 6.245073e-02 8.831867e-02 1.249015e-01 1.766373e-01 2.498029e-01 3.532747e-01 4.996058e-01 7.065494e-01 3.969879e-02 
3.634138e-02 3.634138e-02 5.139447e-02 7.268275e-02 1.027889e-01 1.453655e-01 2.055779e-01 2.907310e-01 4.111557e-01 8.135735e-01 
5.631605e-02 5.631605e-02 7.964292e-02 1.126321e-01 1.592858e-01 2.252642e-01 3.185717e-01 4.505284e-01 6.371434e-01 4.337011e-01 
5.037748e-02 5.037748e-02 7.124452e-02 1.007550e-01 1.424890e-01 2.015099e-01 2.849781e-01 4.030199e-01 5.699561e-01 5.918615e-01 
5.098686e-02 5.098686e-02 7.210631e-02 1.019737e-01 1.442126e-01 2.039475e-01 2.884253e-01 4.078949e-01 5.768505e-01 5.783485e-01 
6.212906e-02 6.212906e-02 8.786376e-02 1.242581e-01 1.757275e-01 2.485162e-01 3.514550e-01 4.970325e-01 7.029101e-01 1.087881e-01 
3.636248e-02 3.636248e-02 5.142432e-02 7.272496e-02 1.028486e-01 1.454499e-01 2.056973e-01 2.908999e-01 4.113945e-01 8.133321e-01 
2.289669e-02 2.289669e-02 3.238081e-02 4.579338e-02 6.476163e-02 9.158677e-02 1.295233e-01 1.831735e-01 2.590465e-01 9.304783e-01 
2.576776e-02 2.576776e-02 3.644112e-02 5.153552e-02 7.288223e-02 1.030710e-01 1.457645e-01 2.061421e-01 2.915289e-01 9.110553e-01 
4.787545e-02 4.787545e-02 6.770612e-02 9.575091e-02 1.354122e-01 1.915018e-01 2.708245e-01 3.830036e-01 5.416489e-01 6.428319e-01 
4.942556e-02 4.942556e-02 6.989829e-02 9.885111e-02 1.397966e-01 1.977022e-01 2.795932e-01 3.954044e-01 5.591863e-01 6.120632e-01 
4.770303e-02 4.770303e-02 6.746227e-02 9.540605e-02 1.349245e-01 1.908121e-01 2.698491e-01 3.816242e-01 5.396981e-01 6.461051e-01 
4.393517e-02 4.393517e-02 6.213372e-02 8.787034e-02 1.242674e-01 1.757407e-01 2.485349e-01 3.514814e-01 4.970697e-01 7.112267e-01 
4.725607e-02 4.725607e-02 6.683018e-02 9.451214e-02 1.336604e-01 1.890243e-01 2.673207e-01 3.780486e-01 5.346414e-01 6.544594e-01 
3.726228e-02 3.726228e-02 5.269683e-02 7.452457e-02 1.053937e-01 1.490491e-01 2.107873e-01 2.980983e-01 4.215746e-01 8.028385e-01 
3.240490e-02 3.240490e-02 4.582744e-02 6.480979e-02 9.165488e-02 1.296196e-01 1.833098e-01 2.592392e-01 3.666195e-01 8.550908e-01 
6.160857e-02 6.160857e-02 8.712767e-02 1.232171e-01 1.742553e-01 2.464343e-01 3.485107e-01 4.928685e-01 6.970214e-01 1.682926e-01 
6.166175e-02 6.166175e-02 8.720288e-02 1.233235e-01 1.744058e-01 2.466470e-01 3.488115e-01 4.932940e-01 6.976230e-01 1.632306e-01 
5.866392e-02 5.866392e-02 8.296331e-02 1.173278e-01 1.659266e-01 2.346557e-01 3.318532e-01 4.693114e-01 6.637065e-01 3.449455e-01 
5.657622e-02 5.657622e-02 8.001085e-02 1.131524e-01 1.600217e-01 2.263049e-01 3.200434e-01 4.526097e-01 6.400868e-01 4.249444e-01 
1.289863e-02 1.289863e-02 1.824142e-02 2.579727e-02 3.648284e-02 5.159453e-02 7.296569e-02 1.031891e-01 1.459314e-01 9.784723e-01 
5.456970e-02 5.456970e-02 7.717322e-02 1.091394e-01 1.543464e-01 2.182788e-01 3.086929e-01 4.365576e-01 6.173857e-01 4.875138e-01 
6.180097e-02 6.180097e-02 8.739977e-02 1.236019e-01 1.747995e-01 2.472039e-01 3.495991e-01 4.944078e-01 6.991981e-01 1.491439e-01 
3.304689e-02 3.304689e-02 4.673535e-02 6.609377e-02 9.347071e-02 1.321875e-01 1.869414e-01 2.643751e-01 3.738828e-01 8.487775e-01 
5.769886e-02 5.769886e-02 8.159851e-02 1.153977e-01 1.631970e-01 2.307954e-01 3.263941e-01 4.615909e-01 6.527881e-01 3.843636e-01 
6.070190e-02 6.070190e-02 8.584545e-02 1.214038e-01 1.716909e-01 2.428076e-01 3.433818e-01 4.856152e-01 6.867636e-01 2.381418e-01 
4.562177e-03 4.562177e-03 6.451893e-03 9.124354e-03 1.290379e-02 1.824871e-02 2.580757e-02 3.649742e-02 5.161514e-02 9.973323e-01 
2.504269e-02 2.504269e-02 3.541571e-02 5.008538e-02 7.083143e-02 1.001708e-01 1.416629e-01 2.003415e-01 2.833257e-01 9.162167e-01 
6.003841e-02 6.003841e-02 8.490713e-02 1.200768e-01 1.698143e-01 2.401536e-01 3.396285e-01 4.803073e-01 6.792571e-01 2.778843e-01 
6.082066e-02 6.082066e-02 8.601340e-02 1.216413e-01 1.720268e-01 2.432826e-01 3.440536e-01 4.865653e-01 6.881072e-01 2.302541e-01 
1.624354e-02 1.624354e-02 2.297184e-02 3.248708e-02 4.594367e-02 6.497417e-02 9.188735e-02 1.299483e-01 1.837747e-01 9.656364e-01 
4.348770e-02 4.348770e-02 6.150089e-02 8.697539e-02 1.230018e-01 1.739508e-01 2.460036e-01 3.479016e-01 4.920071e-01 7.182325e-01 
4.828550e-02 4.828550e-02 6.828601e-02 9.657100e-02 1.365720e-01 1.931420e-01 2.731440e-01 3.862840e-01 5.462881e-01 6.349320e-01 
5.389519e-02 5.389519e-02 7.621931e-02 1.077904e-01 1.524386e-01 2.155808e-01 3.048772e-01 4.311615e-01 6.097545e-01 5.063586e-01 
4.564031e-02 4.564031e-02 6.454514e-02 9.128061e-02 1.290903e-01 1.825612e-01 2.581806e-01 3.651224e-01 5.163611e-01 6.831855e-01 
6.111294e-02 6.111294e-02 8.642674e-02 1.222259e-01 1.728535e-01 2.444517e-01 3.457070e-01 4.889035e-01 6.914139e-01 2.095078e-01 
1.993638e-02 1.993638e-02 2.819429e-02 3.987275e-02 5.638859e-02 7.974550e-02 1.127772e-01 1.594910e-01 2.255543e-01 9.477608e-01 
3.414894e-02 3.414894e-02 4.829389e-02 6.829788e-02 9.658778e-02 1.365958e-01 1.931756e-01 2.731915e-01 3.863511e-01 8.375354e-01 
1.308461e-02 1.308461e-02 1.850443e-02 2.616922e-02 3.700887e-02 5.233844e-02 7.401773e-02 1.046769e-01 1.480355e-01 9.778400e-01 
5.760778e-02 5.760778e-02 8.146970e-02 1.152156e-01 1.629394e-01 2.304311e-01 3.258788e-01 4.608622e-01 6.517576e-01 3.878453e-01 
4.130659e-02 4.130659e-02 5.841634e-02 8.261319e-02 1.168327e-01 1.652264e-01 2.336654e-01 3.304527e-01 4.673308e-01 7.504691e-01 
2.070543e-02 2.070543e-02 2.928189e-02 4.141085e-02 5.856379e-02 8.282170e-02 1.171276e-01 1.656434e-01 2.342552e-01 9.435301e-01 
5.608337e-02 5.608337e-02 7.931386e-02 1.121667e-01 1.586277e-01 2.243335e-01 3.172555e-01 4.486670e-01 6.345109e-01 4.413522e-01 
2.028210e-02 2.028210e-02 2.868322e-02 4.056419e-02 5.736643e-02 8.112839e-02 1.147329e-01 1.622568e-01 2.294657e-01 9.458810e-01 
3.771982e-02 3.771982e-02 5.334388e-02 7.543963e-02 1.066878e-01 1.508793e-01 2.133755e-01 3.017585e-01 4.267510e-01 7.973501e-01 
4.803386e-02 4.803386e-02 6.793014e-02 9.606773e-02 1.358603e-01 1.921355e-01 2.717206e-01 3.842709e-01 5.434411e-01 6.397996e-01 
3.743430e-02 3.743430e-02 5.294009e-02 7.486859e-02 1.058802e-01 1.497372e-01 2.117604e-01 2.994744e-01 4.235207e-01 8.007874e-01 
3.989953e-02 3.989953e-02 5.642645e-02 7.979906e-02 1.128529e-01 1.595981e-01 2.257058e-01 3.191962e-01 4.514116e-01 7.697110e-01 
5.747586e-02 5.747586e-02 8.128314e-02 1.149517e-01 1.625663e-01 2.299034e-01 3.251326e-01 4.598069e-01 6.502651e-01 3.928239e-01 
3.789828e-02 3.789828e-02 5.359626e-02 7.579655e-02 1.071925e-01 1.515931e-01 2.143850e-01 3.031862e-01 4.287701e-01 7.951808e-01 
4.749984e-02 4.749984e-02 6.717491e-02 9.499967e-02 1.343498e-01 1.899993e-01 2.686996e-01 3.799987e-01 5.373993e-01 6.499261e-01 
2.724145e-02 2.724145e-02 3.852523e-02 5.448290e-02 7.705045e-02 1.089658e-01 1.541009e-01 2.179316e-01 3.082018e-01 9.000129e-01 
4.356351e-02 4.356351e-02 6.160810e-02 8.712701e-02 1.232162e-01 1.742540e-01 2.464324e-01 3.485080e-01 4.928648e-01 7.170555e-01 
4.825918e-02 4.825918e-02 6.824879e-02 9.651837e-02 1.364976e-01 1.930367e-01 2.729952e-01 3.860735e-01 5.459903e-01 6.354440e-01 
4.312774e-02 4.312774e-02 6.099183e-02 8.625548e-02 1.219837e-01 1.725110e-01 2.439673e-01 3.450219e-01 4.879347e-01 7.237676e-01 
6.036143e-02 6.036143e-02 8.536395e-02 1.207229e-01 1.707279e-01 2.414457e-01 3.414558e-01 4.828914e-01 6.829116e-01 2.593520e-01
