0 0 0 0 0.5 
0 0 0 0.0833333 0.416667 
0 0 0 0.166667 0.333333 
0 0 0 0.25 0.25 
0 0 0 0.333333 0.166667 
0 0 0 0.416667 0.0833333 
0 0 0 0.5 0 
0 0 0.0833333 0 0.416667 
0 0 0.0833333 0.0833333 0.333333 
0 0 0.0833333 0.166667 0.25 
0 0 0.0833333 0.25 0.166667 
0 0 0.0833333 0.333333 0.0833333 
0 0 0.0833333 0.416667 0 
0 0 0.166667 0 0.333333 
0 0 0.166667 0.0833333 0.25 
0 0 0.166667 0.166667 0.166667 
0 0 0.166667 0.25 0.0833333 
0 0 0.166667 0.333333 0 
0 0 0.25 0 0.25 
0 0 0.25 0.0833333 0.166667 
0 0 0.25 0.166667 0.0833333 
0 0 0.25 0.25 0 
0 0 0.333333 0 0.166667 
0 0 0.333333 0.0833333 0.0833333 
0 0 0.333333 0.166667 0 
0 0 0.416667 0 0.0833333 
0 0 0.416667 0.0833333 0 
0 0 0.5 0 0 
0 0.0833333 0 0 0.416667 
0 0.0833333 0 0.0833333 0.333333 
0 0.0833333 0 0.166667 0.25 
0 0.0833333 0 0.25 0.166667 
0 0.0833333 0 0.333333 0.0833333 
0 0.0833333 0 0.416667 0 
0 0.0833333 0.0833333 0 0.333333 
0 0.0833333 0.0833333 0.0833333 0.25 
0 0.0833333 0.0833333 0.166667 0.166667 
0 0.0833333 0.0833333 0.25 0.0833333 
0 0.0833333 0.0833333 0.333333 0 
0 0.0833333 0.166667 0 0.25 
0 0.0833333 0.166667 0.0833333 0.166667 
0 0.0833333 0.166667 0.166667 0.0833333 
0 0.0833333 0.166667 0.25 0 
0 0.0833333 0.25 0 0.166667 
0 0.0833333 0.25 0.0833333 0.0833333 
0 0.0833333 0.25 0.166667 0 
0 0.0833333 0.333333 0 0.0833333 
0 0.0833333 0.333333 0.0833333 0 
0 0.0833333 0.416667 0 0 
0 0.166667 0 0 0.333333 
0 0.166667 0 0.0833333 0.25 
0 0.166667 0 0.166667 0.166667 
0 0.166667 0 0.25 0.0833333 
0 0.166667 0 0.333333 0 
0 0.166667 0.0833333 0 0.25 
0 0.166667 0.0833333 0.0833333 0.166667 
0 0.166667 0.0833333 0.166667 0.0833333 
0 0.166667 0.0833333 0.25 0 
0 0.166667 0.166667 0 0.166667 
0 0.166667 0.166667 0.0833333 0.0833333 
0 0.166667 0.166667 0.166667 0 
0 0.166667 0.25 0 0.0833333 
0 0.166667 0.25 0.0833333 0 
0 0.166667 0.333333 0 0 
0 0.25 0 0 0.25 
0 0.25 0 0.0833333 0.166667 
0 0.25 0 0.166667 0.0833333 
0 0.25 0 0.25 0 
0 0.25 0.0833333 0 0.166667 
0 0.25 0.0833333 0.0833333 0.0833333 
0 0.25 0.0833333 0.166667 0 
0 0.25 0.166667 0 0.0833333 
0 0.25 0.166667 0.0833333 0 
0 0.25 0.25 0 0 
0 0.333333 0 0 0.166667 
0 0.333333 0 0.0833333 0.0833333 
0 0.333333 0 0.166667 0 
0 0.333333 0.0833333 0 0.0833333 
0 0.333333 0.0833333 0.0833333 0 
0 0.333333 0.166667 0 0 
0 0.416667 0 0 0.0833333 
0 0.416667 0 0.0833333 0 
0 0.416667 0.0833333 0 0 
0 0.5 0 0 0 
0.0833333 0 0 0 0.416667 
0.0833333 0 0 0.0833333 0.333333 
0.0833333 0 0 0.166667 0.25 
0.0833333 0 0 0.25 0.166667 
0.0833333 0 0 0.333333 0.0833333 
0.0833333 0 0 0.416667 0 
0.0833333 0 0.0833333 0 0.333333 
0.0833333 0 0.0833333 0.0833333 0.25 
0.0833333 0 0.0833333 0.166667 0.166667 
0.0833333 0 0.0833333 0.25 0.0833333 
0.0833333 0 0.0833333 0.333333 0 
0.0833333 0 0.166667 0 0.25 
0.0833333 0 0.166667 0.0833333 0.166667 
0.0833333 0 0.166667 0.166667 0.0833333 
0.0833333 0 0.166667 0.25 0 
0.0833333 0 0.25 0 0.166667 
0.0833333 0 0.25 0.0833333 0.0833333 
0.0833333 0 0.25 0.166667 0 
0.0833333 0 0.333333 0 0.0833333 
0.0833333 0 0.333333 0.0833333 0 
0.0833333 0 0.416667 0 0 
0.0833333 0.0833333 0 0 0.333333 
0.0833333 0.0833333 0 0.0833333 0.25 
0.0833333 0.0833333 0 0.166667 0.166667 
0.0833333 0.0833333 0 0.25 0.0833333 
0.0833333 0.0833333 0 0.333333 0 
0.0833333 0.0833333 0.0833333 0 0.25 
0.0833333 0.0833333 0.0833333 0.0833333 0.166667 
0.0833333 0.0833333 0.0833333 0.166667 0.0833333 
0.0833333 0.0833333 0.0833333 0.25 0 
0.0833333 0.0833333 0.166667 0 0.166667 
0.0833333 0.0833333 0.166667 0.0833333 0.0833333 
0.0833333 0.0833333 0.166667 0.166667 0 
0.0833333 0.0833333 0.25 0 0.0833333 
0.0833333 0.0833333 0.25 0.0833333 0 
0.0833333 0.0833333 0.333333 0 0 
0.0833333 0.166667 0 0 0.25 
0.0833333 0.166667 0 0.0833333 0.166667 
0.0833333 0.166667 0 0.166667 0.0833333 
0.0833333 0.166667 0 0.25 0 
0.0833333 0.166667 0.0833333 0 0.166667 
0.0833333 0.166667 0.0833333 0.0833333 0.0833333 
0.0833333 0.166667 0.0833333 0.166667 0 
0.0833333 0.166667 0.166667 0 0.0833333 
0.0833333 0.166667 0.166667 0.0833333 0 
0.0833333 0.166667 0.25 0 0 
0.0833333 0.25 0 0 0.166667 
0.0833333 0.25 0 0.0833333 0.0833333 
0.0833333 0.25 0 0.166667 0 
0.0833333 0.25 0.0833333 0 0.0833333 
0.0833333 0.25 0.0833333 0.0833333 0 
0.0833333 0.25 0.166667 0 0 
0.0833333 0.333333 0 0 0.0833333 
0.0833333 0.333333 0 0.0833333 0 
0.0833333 0.333333 0.0833333 0 0 
0.0833333 0.416667 0 0 0 
0.166667 0 0 0 0.333333 
0.166667 0 0 0.0833333 0.25 
0.166667 0 0 0.166667 0.166667 
0.166667 0 0 0.25 0.0833333 
0.166667 0 0 0.333333 0 
0.166667 0 0.0833333 0 0.25 
0.166667 0 0.0833333 0.0833333 0.166667 
0.166667 0 0.0833333 0.166667 0.0833333 
0.166667 0 0.0833333 0.25 0 
0.166667 0 0.166667 0 0.166667 
0.166667 0 0.166667 0.0833333 0.0833333 
0.166667 0 0.166667 0.166667 0 
0.166667 0 0.25 0 0.0833333 
0.166667 0 0.25 0.0833333 0 
0.166667 0 0.333333 0 0 
0.166667 0.0833333 0 0 0.25 
0.166667 0.0833333 0 0.0833333 0.166667 
0.166667 0.0833333 0 0.166667 0.0833333 
0.166667 0.0833333 0 0.25 0 
0.166667 0.0833333 0.0833333 0 0.166667 
0.166667 0.0833333 0.0833333 0.0833333 0.0833333 
0.166667 0.0833333 0.0833333 0.166667 0 
0.166667 0.0833333 0.166667 0 0.0833333 
0.166667 0.0833333 0.166667 0.0833333 0 
0.166667 0.0833333 0.25 0 0 
0.166667 0.166667 0 0 0.166667 
0.166667 0.166667 0 0.0833333 0.0833333 
0.166667 0.166667 0 0.166667 0 
0.166667 0.166667 0.0833333 0 0.0833333 
0.166667 0.166667 0.0833333 0.0833333 0 
0.166667 0.166667 0.166667 0 0 
0.166667 0.25 0 0 0.0833333 
0.166667 0.25 0 0.0833333 0 
0.166667 0.25 0.0833333 0 0 
0.166667 0.333333 0 0 0 
0.25 0 0 0 0.25 
0.25 0 0 0.0833333 0.166667 
0.25 0 0 0.166667 0.0833333 
0.25 0 0 0.25 0 
0.25 0 0.0833333 0 0.166667 
0.25 0 0.0833333 0.0833333 0.0833333 
0.25 0 0.0833333 0.166667 0 
0.25 0 0.166667 0 0.0833333 
0.25 0 0.166667 0.0833333 0 
0.25 0 0.25 0 0 
0.25 0.0833333 0 0 0.166667 
0.25 0.0833333 0 0.0833333 0.0833333 
0.25 0.0833333 0 0.166667 0 
0.25 0.0833333 0.0833333 0 0.0833333 
0.25 0.0833333 0.0833333 0.0833333 0 
0.25 0.0833333 0.166667 0 0 
0.25 0.166667 0 0 0.0833333 
0.25 0.166667 0 0.0833333 0 
0.25 0.166667 0.0833333 0 0 
0.25 0.25 0 0 0 
0.333333 0 0 0 0.166667 
0.333333 0 0 0.0833333 0.0833333 
0.333333 0 0 0.166667 0 
0.333333 0 0.0833333 0 0.0833333 
0.333333 0 0.0833333 0.0833333 0 
0.333333 0 0.166667 0 0 
0.333333 0.0833333 0 0 0.0833333 
0.333333 0.0833333 0 0.0833333 0 
0.333333 0.0833333 0.0833333 0 0 
0.333333 0.166667 0 0 0 
0.416667 0 0 0 0.0833333 
0.416667 0 0 0.0833333 0 
0.416667 0 0.0833333 0 0 
0.416667 0.0833333 0 0 0 
0.5 0 0 0 0 
