0 0 0 0 0 0 0 0 0 0.5 
0 0 0 0 0 0 0 0 0.166667 0.333333 
0 0 0 0 0 0 0 0 0.333333 0.166667 
0 0 0 0 0 0 0 0 0.5 0 
0 0 0 0 0 0 0 0.166667 0 0.333333 
0 0 0 0 0 0 0 0.166667 0.166667 0.166667 
0 0 0 0 0 0 0 0.166667 0.333333 0 
0 0 0 0 0 0 0 0.333333 0 0.166667 
0 0 0 0 0 0 0 0.333333 0.166667 0 
0 0 0 0 0 0 0 0.5 0 0 
0 0 0 0 0 0 0.166667 0 0 0.333333 
0 0 0 0 0 0 0.166667 0 0.166667 0.166667 
0 0 0 0 0 0 0.166667 0 0.333333 0 
0 0 0 0 0 0 0.166667 0.166667 0 0.166667 
0 0 0 0 0 0 0.166667 0.166667 0.166667 0 
0 0 0 0 0 0 0.166667 0.333333 0 0 
0 0 0 0 0 0 0.333333 0 0 0.166667 
0 0 0 0 0 0 0.333333 0 0.166667 0 
0 0 0 0 0 0 0.333333 0.166667 0 0 
0 0 0 0 0 0 0.5 0 0 0 
0 0 0 0 0 0.166667 0 0 0 0.333333 
0 0 0 0 0 0.166667 0 0 0.166667 0.166667 
0 0 0 0 0 0.166667 0 0 0.333333 0 
0 0 0 0 0 0.166667 0 0.166667 0 0.166667 
0 0 0 0 0 0.166667 0 0.166667 0.166667 0 
0 0 0 0 0 0.166667 0 0.333333 0 0 
0 0 0 0 0 0.166667 0.166667 0 0 0.166667 
0 0 0 0 0 0.166667 0.166667 0 0.166667 0 
0 0 0 0 0 0.166667 0.166667 0.166667 0 0 
0 0 0 0 0 0.166667 0.333333 0 0 0 
0 0 0 0 0 0.333333 0 0 0 0.166667 
0 0 0 0 0 0.333333 0 0 0.166667 0 
0 0 0 0 0 0.333333 0 0.166667 0 0 
0 0 0 0 0 0.333333 0.166667 0 0 0 
0 0 0 0 0 0.5 0 0 0 0 
0 0 0 0 0.166667 0 0 0 0 0.333333 
0 0 0 0 0.166667 0 0 0 0.166667 0.166667 
0 0 0 0 0.166667 0 0 0 0.333333 0 
0 0 0 0 0.166667 0 0 0.166667 0 0.166667 
0 0 0 0 0.166667 0 0 0.166667 0.166667 0 
0 0 0 0 0.166667 0 0 0.333333 0 0 
0 0 0 0 0.166667 0 0.166667 0 0 0.166667 
0 0 0 0 0.166667 0 0.166667 0 0.166667 0 
0 0 0 0 0.166667 0 0.166667 0.166667 0 0 
0 0 0 0 0.166667 0 0.333333 0 0 0 
0 0 0 0 0.166667 0.166667 0 0 0 0.166667 
0 0 0 0 0.166667 0.166667 0 0 0.166667 0 
0 0 0 0 0.166667 0.166667 0 0.166667 0 0 
0 0 0 0 0.166667 0.166667 0.166667 0 0 0 
0 0 0 0 0.166667 0.333333 0 0 0 0 
0 0 0 0 0.333333 0 0 0 0 0.166667 
0 0 0 0 0.333333 0 0 0 0.166667 0 
0 0 0 0 0.333333 0 0 0.166667 0 0 
0 0 0 0 0.333333 0 0.166667 0 0 0 
0 0 0 0 0.333333 0.166667 0 0 0 0 
0 0 0 0 0.5 0 0 0 0 0 
0 0 0 0.166667 0 0 0 0 0 0.333333 
0 0 0 0.166667 0 0 0 0 0.166667 0.166667 
0 0 0 0.166667 0 0 0 0 0.333333 0 
0 0 0 0.166667 0 0 0 0.166667 0 0.166667 
0 0 0 0.166667 0 0 0 0.166667 0.166667 0 
0 0 0 0.166667 0 0 0 0.333333 0 0 
0 0 0 0.166667 0 0 0.166667 0 0 0.166667 
0 0 0 0.166667 0 0 0.166667 0 0.166667 0 
0 0 0 0.166667 0 0 0.166667 0.166667 0 0 
0 0 0 0.166667 0 0 0.333333 0 0 0 
0 0 0 0.166667 0 0.166667 0 0 0 0.166667 
0 0 0 0.166667 0 0.166667 0 0 0.166667 0 
0 0 0 0.166667 0 0.166667 0 0.166667 0 0 
0 0 0 0.166667 0 0.166667 0.166667 0 0 0 
0 0 0 0.166667 0 0.333333 0 0 0 0 
0 0 0 0.166667 0.166667 0 0 0 0 0.166667 
0 0 0 0.166667 0.166667 0 0 0 0.166667 0 
0 0 0 0.166667 0.166667 0 0 0.166667 0 0 
0 0 0 0.166667 0.166667 0 0.166667 0 0 0 
0 0 0 0.166667 0.166667 0.166667 0 0 0 0 
0 0 0 0.166667 0.333333 0 0 0 0 0 
0 0 0 0.333333 0 0 0 0 0 0.166667 
0 0 0 0.333333 0 0 0 0 0.166667 0 
0 0 0 0.333333 0 0 0 0.166667 0 0 
0 0 0 0.333333 0 0 0.166667 0 0 0 
0 0 0 0.333333 0 0.166667 0 0 0 0 
0 0 0 0.333333 0.166667 0 0 0 0 0 
0 0 0 0.5 0 0 0 0 0 0 
0 0 0.166667 0 0 0 0 0 0 0.333333 
0 0 0.166667 0 0 0 0 0 0.166667 0.166667 
0 0 0.166667 0 0 0 0 0 0.333333 0 
0 0 0.166667 0 0 0 0 0.166667 0 0.166667 
0 0 0.166667 0 0 0 0 0.166667 0.166667 0 
0 0 0.166667 0 0 0 0 0.333333 0 0 
0 0 0.166667 0 0 0 0.166667 0 0 0.166667 
0 0 0.166667 0 0 0 0.166667 0 0.166667 0 
0 0 0.166667 0 0 0 0.166667 0.166667 0 0 
0 0 0.166667 0 0 0 0.333333 0 0 0 
0 0 0.166667 0 0 0.166667 0 0 0 0.166667 
0 0 0.166667 0 0 0.166667 0 0 0.166667 0 
0 0 0.166667 0 0 0.166667 0 0.166667 0 0 
0 0 0.166667 0 0 0.166667 0.166667 0 0 0 
0 0 0.166667 0 0 0.333333 0 0 0 0 
0 0 0.166667 0 0.166667 0 0 0 0 0.166667 
0 0 0.166667 0 0.166667 0 0 0 0.166667 0 
0 0 0.166667 0 0.166667 0 0 0.166667 0 0 
0 0 0.166667 0 0.166667 0 0.166667 0 0 0 
0 0 0.166667 0 0.166667 0.166667 0 0 0 0 
0 0 0.166667 0 0.333333 0 0 0 0 0 
0 0 0.166667 0.166667 0 0 0 0 0 0.166667 
0 0 0.166667 0.166667 0 0 0 0 0.166667 0 
0 0 0.166667 0.166667 0 0 0 0.166667 0 0 
0 0 0.166667 0.166667 0 0 0.166667 0 0 0 
0 0 0.166667 0.166667 0 0.166667 0 0 0 0 
0 0 0.166667 0.166667 0.166667 0 0 0 0 0 
0 0 0.166667 0.333333 0 0 0 0 0 0 
0 0 0.333333 0 0 0 0 0 0 0.166667 
0 0 0.333333 0 0 0 0 0 0.166667 0 
0 0 0.333333 0 0 0 0 0.166667 0 0 
0 0 0.333333 0 0 0 0.166667 0 0 0 
0 0 0.333333 0 0 0.166667 0 0 0 0 
0 0 0.333333 0 0.166667 0 0 0 0 0 
0 0 0.333333 0.166667 0 0 0 0 0 0 
0 0 0.5 0 0 0 0 0 0 0 
0 0.166667 0 0 0 0 0 0 0 0.333333 
0 0.166667 0 0 0 0 0 0 0.166667 0.166667 
0 0.166667 0 0 0 0 0 0 0.333333 0 
0 0.166667 0 0 0 0 0 0.166667 0 0.166667 
0 0.166667 0 0 0 0 0 0.166667 0.166667 0 
0 0.166667 0 0 0 0 0 0.333333 0 0 
0 0.166667 0 0 0 0 0.166667 0 0 0.166667 
0 0.166667 0 0 0 0 0.166667 0 0.166667 0 
0 0.166667 0 0 0 0 0.166667 0.166667 0 0 
0 0.166667 0 0 0 0 0.333333 0 0 0 
0 0.166667 0 0 0 0.166667 0 0 0 0.166667 
0 0.166667 0 0 0 0.166667 0 0 0.166667 0 
0 0.166667 0 0 0 0.166667 0 0.166667 0 0 
0 0.166667 0 0 0 0.166667 0.166667 0 0 0 
0 0.166667 0 0 0 0.333333 0 0 0 0 
0 0.166667 0 0 0.166667 0 0 0 0 0.166667 
0 0.166667 0 0 0.166667 0 0 0 0.166667 0 
0 0.166667 0 0 0.166667 0 0 0.166667 0 0 
0 0.166667 0 0 0.166667 0 0.166667 0 0 0 
0 0.166667 0 0 0.166667 0.166667 0 0 0 0 
0 0.166667 0 0 0.333333 0 0 0 0 0 
0 0.166667 0 0.166667 0 0 0 0 0 0.166667 
0 0.166667 0 0.166667 0 0 0 0 0.166667 0 
0 0.166667 0 0.166667 0 0 0 0.166667 0 0 
0 0.166667 0 0.166667 0 0 0.166667 0 0 0 
0 0.166667 0 0.166667 0 0.166667 0 0 0 0 
0 0.166667 0 0.166667 0.166667 0 0 0 0 0 
0 0.166667 0 0.333333 0 0 0 0 0 0 
0 0.166667 0.166667 0 0 0 0 0 0 0.166667 
0 0.166667 0.166667 0 0 0 0 0 0.166667 0 
0 0.166667 0.166667 0 0 0 0 0.166667 0 0 
0 0.166667 0.166667 0 0 0 0.166667 0 0 0 
0 0.166667 0.166667 0 0 0.166667 0 0 0 0 
0 0.166667 0.166667 0 0.166667 0 0 0 0 0 
0 0.166667 0.166667 0.166667 0 0 0 0 0 0 
0 0.166667 0.333333 0 0 0 0 0 0 0 
0 0.333333 0 0 0 0 0 0 0 0.166667 
0 0.333333 0 0 0 0 0 0 0.166667 0 
0 0.333333 0 0 0 0 0 0.166667 0 0 
0 0.333333 0 0 0 0 0.166667 0 0 0 
0 0.333333 0 0 0 0.166667 0 0 0 0 
0 0.333333 0 0 0.166667 0 0 0 0 0 
0 0.333333 0 0.166667 0 0 0 0 0 0 
0 0.333333 0.166667 0 0 0 0 0 0 0 
0 0.5 0 0 0 0 0 0 0 0 
0.166667 0 0 0 0 0 0 0 0 0.333333 
0.166667 0 0 0 0 0 0 0 0.166667 0.166667 
0.166667 0 0 0 0 0 0 0 0.333333 0 
0.166667 0 0 0 0 0 0 0.166667 0 0.166667 
0.166667 0 0 0 0 0 0 0.166667 0.166667 0 
0.166667 0 0 0 0 0 0 0.333333 0 0 
0.166667 0 0 0 0 0 0.166667 0 0 0.166667 
0.166667 0 0 0 0 0 0.166667 0 0.166667 0 
0.166667 0 0 0 0 0 0.166667 0.166667 0 0 
0.166667 0 0 0 0 0 0.333333 0 0 0 
0.166667 0 0 0 0 0.166667 0 0 0 0.166667 
0.166667 0 0 0 0 0.166667 0 0 0.166667 0 
0.166667 0 0 0 0 0.166667 0 0.166667 0 0 
0.166667 0 0 0 0 0.166667 0.166667 0 0 0 
0.166667 0 0 0 0 0.333333 0 0 0 0 
0.166667 0 0 0 0.166667 0 0 0 0 0.166667 
0.166667 0 0 0 0.166667 0 0 0 0.166667 0 
0.166667 0 0 0 0.166667 0 0 0.166667 0 0 
0.166667 0 0 0 0.166667 0 0.166667 0 0 0 
0.166667 0 0 0 0.166667 0.166667 0 0 0 0 
0.166667 0 0 0 0.333333 0 0 0 0 0 
0.166667 0 0 0.166667 0 0 0 0 0 0.166667 
0.166667 0 0 0.166667 0 0 0 0 0.166667 0 
0.166667 0 0 0.166667 0 0 0 0.166667 0 0 
0.166667 0 0 0.166667 0 0 0.166667 0 0 0 
0.166667 0 0 0.166667 0 0.166667 0 0 0 0 
0.166667 0 0 0.166667 0.166667 0 0 0 0 0 
0.166667 0 0 0.333333 0 0 0 0 0 0 
0.166667 0 0.166667 0 0 0 0 0 0 0.166667 
0.166667 0 0.166667 0 0 0 0 0 0.166667 0 
0.166667 0 0.166667 0 0 0 0 0.166667 0 0 
0.166667 0 0.166667 0 0 0 0.166667 0 0 0 
0.166667 0 0.166667 0 0 0.166667 0 0 0 0 
0.166667 0 0.166667 0 0.166667 0 0 0 0 0 
0.166667 0 0.166667 0.166667 0 0 0 0 0 0 
0.166667 0 0.333333 0 0 0 0 0 0 0 
0.166667 0.166667 0 0 0 0 0 0 0 0.166667 
0.166667 0.166667 0 0 0 0 0 0 0.166667 0 
0.166667 0.166667 0 0 0 0 0 0.166667 0 0 
0.166667 0.166667 0 0 0 0 0.166667 0 0 0 
0.166667 0.166667 0 0 0 0.166667 0 0 0 0 
0.166667 0.166667 0 0 0.166667 0 0 0 0 0 
0.166667 0.166667 0 0.166667 0 0 0 0 0 0 
0.166667 0.166667 0.166667 0 0 0 0 0 0 0 
0.166667 0.333333 0 0 0 0 0 0 0 0 
0.333333 0 0 0 0 0 0 0 0 0.166667 
0.333333 0 0 0 0 0 0 0 0.166667 0 
0.333333 0 0 0 0 0 0 0.166667 0 0 
0.333333 0 0 0 0 0 0.166667 0 0 0 
0.333333 0 0 0 0 0.166667 0 0 0 0 
0.333333 0 0 0 0.166667 0 0 0 0 0 
0.333333 0 0 0.166667 0 0 0 0 0 0 
0.333333 0 0.166667 0 0 0 0 0 0 0 
0.333333 0.166667 0 0 0 0 0 0 0 0 
0.5 0 0 0 0 0 0 0 0 0 
0.025 0.025 0.025 0.025 0.025 0.025 0.025 0.025 0.025 0.275 
0.025 0.025 0.025 0.025 0.025 0.025 0.025 0.025 0.15 0.15 
0.025 0.025 0.025 0.025 0.025 0.025 0.025 0.025 0.275 0.025 
0.025 0.025 0.025 0.025 0.025 0.025 0.025 0.15 0.025 0.15 
0.025 0.025 0.025 0.025 0.025 0.025 0.025 0.15 0.15 0.025 
0.025 0.025 0.025 0.025 0.025 0.025 0.025 0.275 0.025 0.025 
0.025 0.025 0.025 0.025 0.025 0.025 0.15 0.025 0.025 0.15 
0.025 0.025 0.025 0.025 0.025 0.025 0.15 0.025 0.15 0.025 
0.025 0.025 0.025 0.025 0.025 0.025 0.15 0.15 0.025 0.025 
0.025 0.025 0.025 0.025 0.025 0.025 0.275 0.025 0.025 0.025 
0.025 0.025 0.025 0.025 0.025 0.15 0.025 0.025 0.025 0.15 
0.025 0.025 0.025 0.025 0.025 0.15 0.025 0.025 0.15 0.025 
0.025 0.025 0.025 0.025 0.025 0.15 0.025 0.15 0.025 0.025 
0.025 0.025 0.025 0.025 0.025 0.15 0.15 0.025 0.025 0.025 
0.025 0.025 0.025 0.025 0.025 0.275 0.025 0.025 0.025 0.025 
0.025 0.025 0.025 0.025 0.15 0.025 0.025 0.025 0.025 0.15 
0.025 0.025 0.025 0.025 0.15 0.025 0.025 0.025 0.15 0.025 
0.025 0.025 0.025 0.025 0.15 0.025 0.025 0.15 0.025 0.025 
0.025 0.025 0.025 0.025 0.15 0.025 0.15 0.025 0.025 0.025 
0.025 0.025 0.025 0.025 0.15 0.15 0.025 0.025 0.025 0.025 
0.025 0.025 0.025 0.025 0.275 0.025 0.025 0.025 0.025 0.025 
0.025 0.025 0.025 0.15 0.025 0.025 0.025 0.025 0.025 0.15 
0.025 0.025 0.025 0.15 0.025 0.025 0.025 0.025 0.15 0.025 
0.025 0.025 0.025 0.15 0.025 0.025 0.025 0.15 0.025 0.025 
0.025 0.025 0.025 0.15 0.025 0.025 0.15 0.025 0.025 0.025 
0.025 0.025 0.025 0.15 0.025 0.15 0.025 0.025 0.025 0.025 
0.025 0.025 0.025 0.15 0.15 0.025 0.025 0.025 0.025 0.025 
0.025 0.025 0.025 0.275 0.025 0.025 0.025 0.025 0.025 0.025 
0.025 0.025 0.15 0.025 0.025 0.025 0.025 0.025 0.025 0.15 
0.025 0.025 0.15 0.025 0.025 0.025 0.025 0.025 0.15 0.025 
0.025 0.025 0.15 0.025 0.025 0.025 0.025 0.15 0.025 0.025 
0.025 0.025 0.15 0.025 0.025 0.025 0.15 0.025 0.025 0.025 
0.025 0.025 0.15 0.025 0.025 0.15 0.025 0.025 0.025 0.025 
0.025 0.025 0.15 0.025 0.15 0.025 0.025 0.025 0.025 0.025 
0.025 0.025 0.15 0.15 0.025 0.025 0.025 0.025 0.025 0.025 
0.025 0.025 0.275 0.025 0.025 0.025 0.025 0.025 0.025 0.025 
0.025 0.15 0.025 0.025 0.025 0.025 0.025 0.025 0.025 0.15 
0.025 0.15 0.025 0.025 0.025 0.025 0.025 0.025 0.15 0.025 
0.025 0.15 0.025 0.025 0.025 0.025 0.025 0.15 0.025 0.025 
0.025 0.15 0.025 0.025 0.025 0.025 0.15 0.025 0.025 0.025 
0.025 0.15 0.025 0.025 0.025 0.15 0.025 0.025 0.025 0.025 
0.025 0.15 0.025 0.025 0.15 0.025 0.025 0.025 0.025 0.025 
0.025 0.15 0.025 0.15 0.025 0.025 0.025 0.025 0.025 0.025 
0.025 0.15 0.15 0.025 0.025 0.025 0.025 0.025 0.025 0.025 
0.025 0.275 0.025 0.025 0.025 0.025 0.025 0.025 0.025 0.025 
0.15 0.025 0.025 0.025 0.025 0.025 0.025 0.025 0.025 0.15 
0.15 0.025 0.025 0.025 0.025 0.025 0.025 0.025 0.15 0.025 
0.15 0.025 0.025 0.025 0.025 0.025 0.025 0.15 0.025 0.025 
0.15 0.025 0.025 0.025 0.025 0.025 0.15 0.025 0.025 0.025 
0.15 0.025 0.025 0.025 0.025 0.15 0.025 0.025 0.025 0.025 
0.15 0.025 0.025 0.025 0.15 0.025 0.025 0.025 0.025 0.025 
0.15 0.025 0.025 0.15 0.025 0.025 0.025 0.025 0.025 0.025 
0.15 0.025 0.15 0.025 0.025 0.025 0.025 0.025 0.025 0.025 
0.15 0.15 0.025 0.025 0.025 0.025 0.025 0.025 0.025 0.025 
0.275 0.025 0.025 0.025 0.025 0.025 0.025 0.025 0.025 0.025 
