0 0 0 0 0 0 0 0 0 1 
0 0 0 0 0 0 0 0 0.447214 0.894427 
0 0 0 0 0 0 0 0 0.894427 0.447214 
0 0 0 0 0 0 0 0 1 0 
0 0 0 0 0 0 0 0.447214 0 0.894427 
0 0 0 0 0 0 0 0.57735 0.57735 0.57735 
0 0 0 0 0 0 0 0.447214 0.894427 0 
0 0 0 0 0 0 0 0.894427 0 0.447214 
0 0 0 0 0 0 0 0.894427 0.447214 0 
0 0 0 0 0 0 0 1 0 0 
0 0 0 0 0 0 0.447214 0 0 0.894427 
0 0 0 0 0 0 0.57735 0 0.57735 0.57735 
0 0 0 0 0 0 0.447214 0 0.894427 0 
0 0 0 0 0 0 0.57735 0.57735 0 0.57735 
0 0 0 0 0 0 0.57735 0.57735 0.57735 0 
0 0 0 0 0 0 0.447214 0.894427 0 0 
0 0 0 0 0 0 0.894427 0 0 0.447214 
0 0 0 0 0 0 0.894427 0 0.447214 0 
0 0 0 0 0 0 0.894427 0.447214 0 0 
0 0 0 0 0 0 1 0 0 0 
0 0 0 0 0 0.447214 0 0 0 0.894427 
0 0 0 0 0 0.57735 0 0 0.57735 0.57735 
0 0 0 0 0 0.447214 0 0 0.894427 0 
0 0 0 0 0 0.57735 0 0.57735 0 0.57735 
0 0 0 0 0 0.57735 0 0.57735 0.57735 0 
0 0 0 0 0 0.447214 0 0.894427 0 0 
0 0 0 0 0 0.57735 0.57735 0 0 0.57735 
0 0 0 0 0 0.57735 0.57735 0 0.57735 0 
0 0 0 0 0 0.57735 0.57735 0.57735 0 0 
0 0 0 0 0 0.447214 0.894427 0 0 0 
0 0 0 0 0 0.894427 0 0 0 0.447214 
0 0 0 0 0 0.894427 0 0 0.447214 0 
0 0 0 0 0 0.894427 0 0.447214 0 0 
0 0 0 0 0 0.894427 0.447214 0 0 0 
0 0 0 0 0 1 0 0 0 0 
0 0 0 0 0.447214 0 0 0 0 0.894427 
0 0 0 0 0.57735 0 0 0 0.57735 0.57735 
0 0 0 0 0.447214 0 0 0 0.894427 0 
0 0 0 0 0.57735 0 0 0.57735 0 0.57735 
0 0 0 0 0.57735 0 0 0.57735 0.57735 0 
0 0 0 0 0.447214 0 0 0.894427 0 0 
0 0 0 0 0.57735 0 0.57735 0 0 0.57735 
0 0 0 0 0.57735 0 0.57735 0 0.57735 0 
0 0 0 0 0.57735 0 0.57735 0.57735 0 0 
0 0 0 0 0.447214 0 0.894427 0 0 0 
0 0 0 0 0.57735 0.57735 0 0 0 0.57735 
0 0 0 0 0.57735 0.57735 0 0 0.57735 0 
0 0 0 0 0.57735 0.57735 0 0.57735 0 0 
0 0 0 0 0.57735 0.57735 0.57735 0 0 0 
0 0 0 0 0.447214 0.894427 0 0 0 0 
0 0 0 0 0.894427 0 0 0 0 0.447214 
0 0 0 0 0.894427 0 0 0 0.447214 0 
0 0 0 0 0.894427 0 0 0.447214 0 0 
0 0 0 0 0.894427 0 0.447214 0 0 0 
0 0 0 0 0.894427 0.447214 0 0 0 0 
0 0 0 0 1 0 0 0 0 0 
0 0 0 0.447214 0 0 0 0 0 0.894427 
0 0 0 0.57735 0 0 0 0 0.57735 0.57735 
0 0 0 0.447214 0 0 0 0 0.894427 0 
0 0 0 0.57735 0 0 0 0.57735 0 0.57735 
0 0 0 0.57735 0 0 0 0.57735 0.57735 0 
0 0 0 0.447214 0 0 0 0.894427 0 0 
0 0 0 0.57735 0 0 0.57735 0 0 0.57735 
0 0 0 0.57735 0 0 0.57735 0 0.57735 0 
0 0 0 0.57735 0 0 0.57735 0.57735 0 0 
0 0 0 0.447214 0 0 0.894427 0 0 0 
0 0 0 0.57735 0 0.57735 0 0 0 0.57735 
0 0 0 0.57735 0 0.57735 0 0 0.57735 0 
0 0 0 0.57735 0 0.57735 0 0.57735 0 0 
0 0 0 0.57735 0 0.57735 0.57735 0 0 0 
0 0 0 0.447214 0 0.894427 0 0 0 0 
0 0 0 0.57735 0.57735 0 0 0 0 0.57735 
0 0 0 0.57735 0.57735 0 0 0 0.57735 0 
0 0 0 0.57735 0.57735 0 0 0.57735 0 0 
0 0 0 0.57735 0.57735 0 0.57735 0 0 0 
0 0 0 0.57735 0.57735 0.57735 0 0 0 0 
0 0 0 0.447214 0.894427 0 0 0 0 0 
0 0 0 0.894427 0 0 0 0 0 0.447214 
0 0 0 0.894427 0 0 0 0 0.447214 0 
0 0 0 0.894427 0 0 0 0.447214 0 0 
0 0 0 0.894427 0 0 0.447214 0 0 0 
0 0 0 0.894427 0 0.447214 0 0 0 0 
0 0 0 0.894427 0.447214 0 0 0 0 0 
0 0 0 1 0 0 0 0 0 0 
0 0 0.447214 0 0 0 0 0 0 0.894427 
0 0 0.57735 0 0 0 0 0 0.57735 0.57735 
0 0 0.447214 0 0 0 0 0 0.894427 0 
0 0 0.57735 0 0 0 0 0.57735 0 0.57735 
0 0 0.57735 0 0 0 0 0.57735 0.57735 0 
0 0 0.447214 0 0 0 0 0.894427 0 0 
0 0 0.57735 0 0 0 0.57735 0 0 0.57735 
0 0 0.57735 0 0 0 0.57735 0 0.57735 0 
0 0 0.57735 0 0 0 0.57735 0.57735 0 0 
0 0 0.447214 0 0 0 0.894427 0 0 0 
0 0 0.57735 0 0 0.57735 0 0 0 0.57735 
0 0 0.57735 0 0 0.57735 0 0 0.57735 0 
0 0 0.57735 0 0 0.57735 0 0.57735 0 0 
0 0 0.57735 0 0 0.57735 0.57735 0 0 0 
0 0 0.447214 0 0 0.894427 0 0 0 0 
0 0 0.57735 0 0.57735 0 0 0 0 0.57735 
0 0 0.57735 0 0.57735 0 0 0 0.57735 0 
0 0 0.57735 0 0.57735 0 0 0.57735 0 0 
0 0 0.57735 0 0.57735 0 0.57735 0 0 0 
0 0 0.57735 0 0.57735 0.57735 0 0 0 0 
0 0 0.447214 0 0.894427 0 0 0 0 0 
0 0 0.57735 0.57735 0 0 0 0 0 0.57735 
0 0 0.57735 0.57735 0 0 0 0 0.57735 0 
0 0 0.57735 0.57735 0 0 0 0.57735 0 0 
0 0 0.57735 0.57735 0 0 0.57735 0 0 0 
0 0 0.57735 0.57735 0 0.57735 0 0 0 0 
0 0 0.57735 0.57735 0.57735 0 0 0 0 0 
0 0 0.447214 0.894427 0 0 0 0 0 0 
0 0 0.894427 0 0 0 0 0 0 0.447214 
0 0 0.894427 0 0 0 0 0 0.447214 0 
0 0 0.894427 0 0 0 0 0.447214 0 0 
0 0 0.894427 0 0 0 0.447214 0 0 0 
0 0 0.894427 0 0 0.447214 0 0 0 0 
0 0 0.894427 0 0.447214 0 0 0 0 0 
0 0 0.894427 0.447214 0 0 0 0 0 0 
0 0 1 0 0 0 0 0 0 0 
0 0.447214 0 0 0 0 0 0 0 0.894427 
0 0.57735 0 0 0 0 0 0 0.57735 0.57735 
0 0.447214 0 0 0 0 0 0 0.894427 0 
0 0.57735 0 0 0 0 0 0.57735 0 0.57735 
0 0.57735 0 0 0 0 0 0.57735 0.57735 0 
0 0.447214 0 0 0 0 0 0.894427 0 0 
0 0.57735 0 0 0 0 0.57735 0 0 0.57735 
0 0.57735 0 0 0 0 0.57735 0 0.57735 0 
0 0.57735 0 0 0 0 0.57735 0.57735 0 0 
0 0.447214 0 0 0 0 0.894427 0 0 0 
0 0.57735 0 0 0 0.57735 0 0 0 0.57735 
0 0.57735 0 0 0 0.57735 0 0 0.57735 0 
0 0.57735 0 0 0 0.57735 0 0.57735 0 0 
0 0.57735 0 0 0 0.57735 0.57735 0 0 0 
0 0.447214 0 0 0 0.894427 0 0 0 0 
0 0.57735 0 0 0.57735 0 0 0 0 0.57735 
0 0.57735 0 0 0.57735 0 0 0 0.57735 0 
0 0.57735 0 0 0.57735 0 0 0.57735 0 0 
0 0.57735 0 0 0.57735 0 0.57735 0 0 0 
0 0.57735 0 0 0.57735 0.57735 0 0 0 0 
0 0.447214 0 0 0.894427 0 0 0 0 0 
0 0.57735 0 0.57735 0 0 0 0 0 0.57735 
0 0.57735 0 0.57735 0 0 0 0 0.57735 0 
0 0.57735 0 0.57735 0 0 0 0.57735 0 0 
0 0.57735 0 0.57735 0 0 0.57735 0 0 0 
0 0.57735 0 0.57735 0 0.57735 0 0 0 0 
0 0.57735 0 0.57735 0.57735 0 0 0 0 0 
0 0.447214 0 0.894427 0 0 0 0 0 0 
0 0.57735 0.57735 0 0 0 0 0 0 0.57735 
0 0.57735 0.57735 0 0 0 0 0 0.57735 0 
0 0.57735 0.57735 0 0 0 0 0.57735 0 0 
0 0.57735 0.57735 0 0 0 0.57735 0 0 0 
0 0.57735 0.57735 0 0 0.57735 0 0 0 0 
0 0.57735 0.57735 0 0.57735 0 0 0 0 0 
0 0.57735 0.57735 0.57735 0 0 0 0 0 0 
0 0.447214 0.894427 0 0 0 0 0 0 0 
0 0.894427 0 0 0 0 0 0 0 0.447214 
0 0.894427 0 0 0 0 0 0 0.447214 0 
0 0.894427 0 0 0 0 0 0.447214 0 0 
0 0.894427 0 0 0 0 0.447214 0 0 0 
0 0.894427 0 0 0 0.447214 0 0 0 0 
0 0.894427 0 0 0.447214 0 0 0 0 0 
0 0.894427 0 0.447214 0 0 0 0 0 0 
0 0.894427 0.447214 0 0 0 0 0 0 0 
0 1 0 0 0 0 0 0 0 0 
0.447214 0 0 0 0 0 0 0 0 0.894427 
0.57735 0 0 0 0 0 0 0 0.57735 0.57735 
0.447214 0 0 0 0 0 0 0 0.894427 0 
0.57735 0 0 0 0 0 0 0.57735 0 0.57735 
0.57735 0 0 0 0 0 0 0.57735 0.57735 0 
0.447214 0 0 0 0 0 0 0.894427 0 0 
0.57735 0 0 0 0 0 0.57735 0 0 0.57735 
0.57735 0 0 0 0 0 0.57735 0 0.57735 0 
0.57735 0 0 0 0 0 0.57735 0.57735 0 0 
0.447214 0 0 0 0 0 0.894427 0 0 0 
0.57735 0 0 0 0 0.57735 0 0 0 0.57735 
0.57735 0 0 0 0 0.57735 0 0 0.57735 0 
0.57735 0 0 0 0 0.57735 0 0.57735 0 0 
0.57735 0 0 0 0 0.57735 0.57735 0 0 0 
0.447214 0 0 0 0 0.894427 0 0 0 0 
0.57735 0 0 0 0.57735 0 0 0 0 0.57735 
0.57735 0 0 0 0.57735 0 0 0 0.57735 0 
0.57735 0 0 0 0.57735 0 0 0.57735 0 0 
0.57735 0 0 0 0.57735 0 0.57735 0 0 0 
0.57735 0 0 0 0.57735 0.57735 0 0 0 0 
0.447214 0 0 0 0.894427 0 0 0 0 0 
0.57735 0 0 0.57735 0 0 0 0 0 0.57735 
0.57735 0 0 0.57735 0 0 0 0 0.57735 0 
0.57735 0 0 0.57735 0 0 0 0.57735 0 0 
0.57735 0 0 0.57735 0 0 0.57735 0 0 0 
0.57735 0 0 0.57735 0 0.57735 0 0 0 0 
0.57735 0 0 0.57735 0.57735 0 0 0 0 0 
0.447214 0 0 0.894427 0 0 0 0 0 0 
0.57735 0 0.57735 0 0 0 0 0 0 0.57735 
0.57735 0 0.57735 0 0 0 0 0 0.57735 0 
0.57735 0 0.57735 0 0 0 0 0.57735 0 0 
0.57735 0 0.57735 0 0 0 0.57735 0 0 0 
0.57735 0 0.57735 0 0 0.57735 0 0 0 0 
0.57735 0 0.57735 0 0.57735 0 0 0 0 0 
0.57735 0 0.57735 0.57735 0 0 0 0 0 0 
0.447214 0 0.894427 0 0 0 0 0 0 0 
0.57735 0.57735 0 0 0 0 0 0 0 0.57735 
0.57735 0.57735 0 0 0 0 0 0 0.57735 0 
0.57735 0.57735 0 0 0 0 0 0.57735 0 0 
0.57735 0.57735 0 0 0 0 0.57735 0 0 0 
0.57735 0.57735 0 0 0 0.57735 0 0 0 0 
0.57735 0.57735 0 0 0.57735 0 0 0 0 0 
0.57735 0.57735 0 0.57735 0 0 0 0 0 0 
0.57735 0.57735 0.57735 0 0 0 0 0 0 0 
0.447214 0.894427 0 0 0 0 0 0 0 0 
0.894427 0 0 0 0 0 0 0 0 0.447214 
0.894427 0 0 0 0 0 0 0 0.447214 0 
0.894427 0 0 0 0 0 0 0.447214 0 0 
0.894427 0 0 0 0 0 0.447214 0 0 0 
0.894427 0 0 0 0 0.447214 0 0 0 0 
0.894427 0 0 0 0.447214 0 0 0 0 0 
0.894427 0 0 0.447214 0 0 0 0 0 0 
0.894427 0 0.447214 0 0 0 0 0 0 0 
0.894427 0.447214 0 0 0 0 0 0 0 0 
1 0 0 0 0 0 0 0 0 0 
0.0877058 0.0877058 0.0877058 0.0877058 0.0877058 0.0877058 0.0877058 0.0877058 0.0877058 0.964764 
0.111803 0.111803 0.111803 0.111803 0.111803 0.111803 0.111803 0.111803 0.67082 0.67082 
0.0877058 0.0877058 0.0877058 0.0877058 0.0877058 0.0877058 0.0877058 0.0877058 0.964764 0.0877058 
0.111803 0.111803 0.111803 0.111803 0.111803 0.111803 0.111803 0.67082 0.111803 0.67082 
0.111803 0.111803 0.111803 0.111803 0.111803 0.111803 0.111803 0.67082 0.67082 0.111803 
0.0877058 0.0877058 0.0877058 0.0877058 0.0877058 0.0877058 0.0877058 0.964764 0.0877058 0.0877058 
0.111803 0.111803 0.111803 0.111803 0.111803 0.111803 0.67082 0.111803 0.111803 0.67082 
0.111803 0.111803 0.111803 0.111803 0.111803 0.111803 0.67082 0.111803 0.67082 0.111803 
0.111803 0.111803 0.111803 0.111803 0.111803 0.111803 0.67082 0.67082 0.111803 0.111803 
0.0877058 0.0877058 0.0877058 0.0877058 0.0877058 0.0877058 0.964764 0.0877058 0.0877058 0.0877058 
0.111803 0.111803 0.111803 0.111803 0.111803 0.67082 0.111803 0.111803 0.111803 0.67082 
0.111803 0.111803 0.111803 0.111803 0.111803 0.67082 0.111803 0.111803 0.67082 0.111803 
0.111803 0.111803 0.111803 0.111803 0.111803 0.67082 0.111803 0.67082 0.111803 0.111803 
0.111803 0.111803 0.111803 0.111803 0.111803 0.67082 0.67082 0.111803 0.111803 0.111803 
0.0877058 0.0877058 0.0877058 0.0877058 0.0877058 0.964764 0.0877058 0.0877058 0.0877058 0.0877058 
0.111803 0.111803 0.111803 0.111803 0.67082 0.111803 0.111803 0.111803 0.111803 0.67082 
0.111803 0.111803 0.111803 0.111803 0.67082 0.111803 0.111803 0.111803 0.67082 0.111803 
0.111803 0.111803 0.111803 0.111803 0.67082 0.111803 0.111803 0.67082 0.111803 0.111803 
0.111803 0.111803 0.111803 0.111803 0.67082 0.111803 0.67082 0.111803 0.111803 0.111803 
0.111803 0.111803 0.111803 0.111803 0.67082 0.67082 0.111803 0.111803 0.111803 0.111803 
0.0877058 0.0877058 0.0877058 0.0877058 0.964764 0.0877058 0.0877058 0.0877058 0.0877058 0.0877058 
0.111803 0.111803 0.111803 0.67082 0.111803 0.111803 0.111803 0.111803 0.111803 0.67082 
0.111803 0.111803 0.111803 0.67082 0.111803 0.111803 0.111803 0.111803 0.67082 0.111803 
0.111803 0.111803 0.111803 0.67082 0.111803 0.111803 0.111803 0.67082 0.111803 0.111803 
0.111803 0.111803 0.111803 0.67082 0.111803 0.111803 0.67082 0.111803 0.111803 0.111803 
0.111803 0.111803 0.111803 0.67082 0.111803 0.67082 0.111803 0.111803 0.111803 0.111803 
0.111803 0.111803 0.111803 0.67082 0.67082 0.111803 0.111803 0.111803 0.111803 0.111803 
0.0877058 0.0877058 0.0877058 0.964764 0.0877058 0.0877058 0.0877058 0.0877058 0.0877058 0.0877058 
0.111803 0.111803 0.67082 0.111803 0.111803 0.111803 0.111803 0.111803 0.111803 0.67082 
0.111803 0.111803 0.67082 0.111803 0.111803 0.111803 0.111803 0.111803 0.67082 0.111803 
0.111803 0.111803 0.67082 0.111803 0.111803 0.111803 0.111803 0.67082 0.111803 0.111803 
0.111803 0.111803 0.67082 0.111803 0.111803 0.111803 0.67082 0.111803 0.111803 0.111803 
0.111803 0.111803 0.67082 0.111803 0.111803 0.67082 0.111803 0.111803 0.111803 0.111803 
0.111803 0.111803 0.67082 0.111803 0.67082 0.111803 0.111803 0.111803 0.111803 0.111803 
0.111803 0.111803 0.67082 0.67082 0.111803 0.111803 0.111803 0.111803 0.111803 0.111803 
0.0877058 0.0877058 0.964764 0.0877058 0.0877058 0.0877058 0.0877058 0.0877058 0.0877058 0.0877058 
0.111803 0.67082 0.111803 0.111803 0.111803 0.111803 0.111803 0.111803 0.111803 0.67082 
0.111803 0.67082 0.111803 0.111803 0.111803 0.111803 0.111803 0.111803 0.67082 0.111803 
0.111803 0.67082 0.111803 0.111803 0.111803 0.111803 0.111803 0.67082 0.111803 0.111803 
0.111803 0.67082 0.111803 0.111803 0.111803 0.111803 0.67082 0.111803 0.111803 0.111803 
0.111803 0.67082 0.111803 0.111803 0.111803 0.67082 0.111803 0.111803 0.111803 0.111803 
0.111803 0.67082 0.111803 0.111803 0.67082 0.111803 0.111803 0.111803 0.111803 0.111803 
0.111803 0.67082 0.111803 0.67082 0.111803 0.111803 0.111803 0.111803 0.111803 0.111803 
0.111803 0.67082 0.67082 0.111803 0.111803 0.111803 0.111803 0.111803 0.111803 0.111803 
0.0877058 0.964764 0.0877058 0.0877058 0.0877058 0.0877058 0.0877058 0.0877058 0.0877058 0.0877058 
0.67082 0.111803 0.111803 0.111803 0.111803 0.111803 0.111803 0.111803 0.111803 0.67082 
0.67082 0.111803 0.111803 0.111803 0.111803 0.111803 0.111803 0.111803 0.67082 0.111803 
0.67082 0.111803 0.111803 0.111803 0.111803 0.111803 0.111803 0.67082 0.111803 0.111803 
0.67082 0.111803 0.111803 0.111803 0.111803 0.111803 0.67082 0.111803 0.111803 0.111803 
0.67082 0.111803 0.111803 0.111803 0.111803 0.67082 0.111803 0.111803 0.111803 0.111803 
0.67082 0.111803 0.111803 0.111803 0.67082 0.111803 0.111803 0.111803 0.111803 0.111803 
0.67082 0.111803 0.111803 0.67082 0.111803 0.111803 0.111803 0.111803 0.111803 0.111803 
0.67082 0.111803 0.67082 0.111803 0.111803 0.111803 0.111803 0.111803 0.111803 0.111803 
0.67082 0.67082 0.111803 0.111803 0.111803 0.111803 0.111803 0.111803 0.111803 0.111803 
0.964764 0.0877058 0.0877058 0.0877058 0.0877058 0.0877058 0.0877058 0.0877058 0.0877058 0.0877058 
