1.190486e-01 1.190486e-01 1.683601e-01 2.380971e-01 3.367202e-01 4.761943e-01 6.734404e-01 3.048869e-01 
6.683484e-02 6.683484e-02 9.451874e-02 1.336697e-01 1.890375e-01 2.673394e-01 3.780750e-01 8.450554e-01 
1.151016e-01 1.151016e-01 1.627782e-01 2.302031e-01 3.255564e-01 4.604062e-01 6.511127e-01 3.900057e-01 
7.839439e-02 7.839439e-02 1.108664e-01 1.567888e-01 2.217328e-01 3.135776e-01 4.434657e-01 7.788943e-01 
1.246338e-01 1.246338e-01 1.762588e-01 2.492676e-01 3.525177e-01 4.985353e-01 7.050353e-01 7.648750e-02 
2.860545e-02 2.860545e-02 4.045421e-02 5.721090e-02 8.090843e-02 1.144218e-01 1.618169e-01 9.734632e-01 
1.159223e-01 1.159223e-01 1.639389e-01 2.318446e-01 3.278777e-01 4.636891e-01 6.557554e-01 3.741252e-01 
1.152459e-01 1.152459e-01 1.629824e-01 2.304919e-01 3.259647e-01 4.609837e-01 6.519295e-01 3.872673e-01 
2.664556e-02 2.664556e-02 3.768251e-02 5.329111e-02 7.536501e-02 1.065822e-01 1.507300e-01 9.770163e-01 
1.026568e-01 1.026568e-01 1.451786e-01 2.053136e-01 2.903572e-01 4.106271e-01 5.807145e-01 5.705624e-01 
3.231667e-02 3.231667e-02 4.570267e-02 6.463334e-02 9.140534e-02 1.292667e-01 1.828107e-01 9.660023e-01 
1.050105e-01 1.050105e-01 1.485073e-01 2.100211e-01 2.970146e-01 4.200421e-01 5.940292e-01 5.424560e-01 
4.347814e-02 4.347814e-02 6.148737e-02 8.695628e-02 1.229747e-01 1.739126e-01 2.459495e-01 9.375594e-01 
1.249531e-01 1.249531e-01 1.767104e-01 2.499062e-01 3.534207e-01 4.998124e-01 7.068415e-01 2.739211e-02 
1.051512e-01 1.051512e-01 1.487063e-01 2.103024e-01 2.974125e-01 4.206048e-01 5.948250e-01 5.407092e-01 
3.879990e-02 3.879990e-02 5.487134e-02 7.759979e-02 1.097427e-01 1.551996e-01 2.194854e-01 9.506063e-01 
1.249358e-01 1.249358e-01 1.766858e-01 2.498715e-01 3.533717e-01 4.997430e-01 7.067433e-01 3.205781e-02 
1.049499e-01 1.049499e-01 1.484215e-01 2.098997e-01 2.968430e-01 4.197994e-01 5.936861e-01 5.432069e-01 
1.057291e-01 1.057291e-01 1.495235e-01 2.114581e-01 2.990469e-01 4.229162e-01 5.980938e-01 5.334487e-01 
1.374216e-03 1.374216e-03 1.943435e-03 2.748432e-03 3.886870e-03 5.496864e-03 7.773739e-03 9.999396e-01 
1.028223e-01 1.028223e-01 1.454127e-01 2.056446e-01 2.908254e-01 4.112892e-01 5.816507e-01 5.686518e-01 
9.197068e-02 9.197068e-02 1.300662e-01 1.839414e-01 2.601324e-01 3.678827e-01 5.202647e-01 6.772365e-01 
7.048235e-02 7.048235e-02 9.967709e-02 1.409647e-01 1.993542e-01 2.819294e-01 3.987084e-01 8.258712e-01 
1.032243e-01 1.032243e-01 1.459812e-01 2.064486e-01 2.919623e-01 4.128971e-01 5.839247e-01 5.639716e-01 
2.414415e-02 2.414415e-02 3.414499e-02 4.828830e-02 6.828997e-02 9.657661e-02 1.365799e-01 9.811686e-01 
4.514503e-02 4.514503e-02 6.384472e-02 9.029006e-02 1.276894e-01 1.805801e-01 2.553789e-01 9.325038e-01 
1.052914e-01 1.052914e-01 1.489046e-01 2.105828e-01 2.978091e-01 4.211657e-01 5.956182e-01 5.389600e-01 
1.230542e-01 1.230542e-01 1.740250e-01 2.461085e-01 3.480499e-01 4.922169e-01 6.960999e-01 1.757552e-01 
6.022643e-02 6.022643e-02 8.517304e-02 1.204529e-01 1.703461e-01 2.409057e-01 3.406922e-01 8.762749e-01 
1.047476e-01 1.047476e-01 1.481355e-01 2.094952e-01 2.962709e-01 4.189904e-01 5.925419e-01 5.456998e-01 
1.227528e-01 1.227528e-01 1.735986e-01 2.455056e-01 3.471973e-01 4.910111e-01 6.943946e-01 1.887652e-01 
9.164271e-02 9.164271e-02 1.296024e-01 1.832854e-01 2.592047e-01 3.665709e-01 5.184095e-01 6.800759e-01 
7.868240e-02 7.868240e-02 1.112737e-01 1.573648e-01 2.225474e-01 3.147296e-01 4.450949e-01 7.770335e-01 
4.487849e-03 4.487849e-03 6.346777e-03 8.975698e-03 1.269355e-02 1.795140e-02 2.538711e-02 9.993553e-01 
1.622593e-02 1.622593e-02 2.294693e-02 3.245186e-02 4.589386e-02 6.490372e-02 9.178772e-02 9.915392e-01 
5.143537e-02 5.143537e-02 7.274060e-02 1.028707e-01 1.454812e-01 2.057415e-01 2.909624e-01 9.114175e-01 
7.477911e-02 7.477911e-02 1.057536e-01 1.495582e-01 2.115073e-01 2.991164e-01 4.230145e-01 8.013223e-01 
1.041042e-01 1.041042e-01 1.472255e-01 2.082083e-01 2.944510e-01 4.164166e-01 5.889020e-01 5.535240e-01 
5.190839e-02 5.190839e-02 7.340955e-02 1.038168e-01 1.468191e-01 2.076336e-01 2.936382e-01 9.096995e-01 
1.054435e-01 1.054435e-01 1.491197e-01 2.108870e-01 2.982393e-01 4.217741e-01 5.964786e-01 5.370536e-01 
1.169755e-01 1.169755e-01 1.654284e-01 2.339511e-01 3.308568e-01 4.679021e-01 6.617135e-01 3.525200e-01 
5.123157e-02 5.123157e-02 7.245239e-02 1.024631e-01 1.449048e-01 2.049263e-01 2.898095e-01 9.121518e-01 
1.207998e-01 1.207998e-01 1.708367e-01 2.415996e-01 3.416734e-01 4.831991e-01 6.833468e-01 2.570493e-01 
2.581386e-02 2.581386e-02 3.650631e-02 5.162772e-02 7.301262e-02 1.032554e-01 1.460252e-01 9.784443e-01 
7.790596e-02 7.790596e-02 1.101757e-01 1.558119e-01 2.203513e-01 3.116238e-01 4.407027e-01 7.820245e-01 
6.466124e-02 6.466124e-02 9.144480e-02 1.293225e-01 1.828896e-01 2.586450e-01 3.657792e-01 8.558102e-01 
9.849279e-02 9.849279e-02 1.392898e-01 1.969856e-01 2.785797e-01 3.939712e-01 5.571594e-01 6.157490e-01 
5.462905e-02 5.462905e-02 7.725714e-02 1.092581e-01 1.545143e-01 2.185162e-01 3.090286e-01 8.994458e-01 
1.246108e-01 1.246108e-01 1.762263e-01 2.492217e-01 3.524527e-01 4.984433e-01 7.049053e-01 7.884815e-02 
1.062379e-01 1.062379e-01 1.502430e-01 2.124757e-01 3.004861e-01 4.249515e-01 6.009722e-01 5.269392e-01 
1.215630e-01 1.215630e-01 1.719160e-01 2.431259e-01 3.438320e-01 4.862519e-01 6.876640e-01 2.328872e-01 
1.184743e-01 1.184743e-01 1.675480e-01 2.369486e-01 3.350959e-01 4.738972e-01 6.701919e-01 3.188820e-01 
5.342311e-02 5.342311e-02 7.555169e-02 1.068462e-01 1.511034e-01 2.136924e-01 3.022068e-01 9.040698e-01 
1.222833e-01 1.222833e-01 1.729347e-01 2.445665e-01 3.458693e-01 4.891331e-01 6.917386e-01 2.073533e-01 
5.302140e-02 5.302140e-02 7.498359e-02 1.060428e-01 1.499672e-01 2.120856e-01 2.999343e-01 9.055820e-01 
1.241494e-01 1.241494e-01 1.755737e-01 2.482987e-01 3.511474e-01 4.965974e-01 7.022948e-01 1.164646e-01 
1.132771e-01 1.132771e-01 1.601980e-01 2.265541e-01 3.203959e-01 4.531083e-01 6.407918e-01 4.228140e-01 
6.509283e-02 6.509283e-02 9.205517e-02 1.301857e-01 1.841103e-01 2.603713e-01 3.682207e-01 8.537137e-01 
1.096593e-01 1.096593e-01 1.550816e-01 2.193185e-01 3.101633e-01 4.386371e-01 6.203265e-01 4.799896e-01 
1.146199e-01 1.146199e-01 1.620971e-01 2.292399e-01 3.241942e-01 4.584798e-01 6.483883e-01 3.989802e-01 
2.521777e-02 2.521777e-02 3.566332e-02 5.043555e-02 7.132663e-02 1.008711e-01 1.426533e-01 9.794387e-01 
8.473675e-02 8.473675e-02 1.198359e-01 1.694735e-01 2.396717e-01 3.389470e-01 4.793434e-01 7.351597e-01 
8.806557e-02 8.806557e-02 1.245435e-01 1.761311e-01 2.490871e-01 3.522623e-01 4.981741e-01 7.096796e-01 
1.212085e-01 1.212085e-01 1.714147e-01 2.424170e-01 3.428294e-01 4.848340e-01 6.856588e-01 2.444261e-01 
1.233877e-01 1.233877e-01 1.744965e-01 2.467753e-01 3.489930e-01 4.935507e-01 6.979860e-01 1.600969e-01 
1.189117e-01 1.189117e-01 1.681666e-01 2.378235e-01 3.363332e-01 4.756469e-01 6.726664e-01 3.082855e-01 
1.833891e-02 1.833891e-02 2.593513e-02 3.667782e-02 5.187027e-02 7.335563e-02 1.037405e-01 9.891794e-01 
9.558237e-02 9.558237e-02 1.351739e-01 1.911647e-01 2.703478e-01 3.823295e-01 5.406956e-01 6.444351e-01 
5.502654e-02 5.502654e-02 7.781928e-02 1.100531e-01 1.556386e-01 2.201062e-01 3.112771e-01 8.978937e-01 
1.037389e-01 1.037389e-01 1.467090e-01 2.074779e-01 2.934181e-01 4.149558e-01 5.868361e-01 5.578950e-01 
1.106216e-01 1.106216e-01 1.564426e-01 2.212433e-01 3.128853e-01 4.424866e-01 6.257705e-01 4.656420e-01 
1.099770e-01 1.099770e-01 1.555309e-01 2.199539e-01 3.110618e-01 4.399079e-01 6.221237e-01 4.753149e-01 
1.249963e-01 1.249963e-01 1.767715e-01 2.499926e-01 3.535430e-01 4.999853e-01 7.070859e-01 7.677368e-03 
3.044557e-02 3.044557e-02 4.305654e-02 6.089114e-02 8.611308e-02 1.217823e-01 1.722262e-01 9.698847e-01 
1.201210e-01 1.201210e-01 1.698767e-01 2.402420e-01 3.397535e-01 4.804840e-01 6.795070e-01 2.766597e-01 
4.696783e-02 4.696783e-02 6.642255e-02 9.393567e-02 1.328451e-01 1.878713e-01 2.656902e-01 9.267240e-01 
9.035638e-02 9.035638e-02 1.277832e-01 1.807128e-01 2.555664e-01 3.614255e-01 5.111329e-01 6.910039e-01 
9.441880e-02 9.441880e-02 1.335284e-01 1.888376e-01 2.670567e-01 3.776752e-01 5.341134e-01 6.553211e-01 
1.213073e-01 1.213073e-01 1.715545e-01 2.426147e-01 3.431090e-01 4.852293e-01 6.862179e-01 2.412674e-01 
5.841327e-02 5.841327e-02 8.260884e-02 1.168265e-01 1.652177e-01 2.336531e-01 3.304354e-01 8.840956e-01 
1.239018e-01 1.239018e-01 1.752236e-01 2.478036e-01 3.504472e-01 4.956072e-01 7.008944e-01 1.322650e-01 
9.361268e-02 9.361268e-02 1.323883e-01 1.872254e-01 2.647767e-01 3.744507e-01 5.295533e-01 6.626814e-01 
1.054104e-01 1.054104e-01 1.490729e-01 2.108209e-01 2.981458e-01 4.216418e-01 5.962915e-01 5.374689e-01 
1.232647e-01 1.232647e-01 1.743227e-01 2.465295e-01 3.486453e-01 4.930589e-01 6.972906e-01 1.660468e-01 
1.154686e-01 1.154686e-01 1.632972e-01 2.309372e-01 3.265945e-01 4.618743e-01 6.531889e-01 3.829993e-01 
9.744606e-03 9.744606e-03 1.378095e-02 1.948921e-02 2.756191e-02 3.897843e-02 5.512382e-02 9.969567e-01 
1.243643e-01 1.243643e-01 1.758777e-01 2.487286e-01 3.517553e-01 4.974572e-01 7.035107e-01 1.007249e-01 
3.488529e-02 3.488529e-02 4.933525e-02 6.977058e-02 9.867050e-02 1.395412e-01 1.973410e-01 9.602672e-01 
3.585943e-02 3.585943e-02 5.071289e-02 7.171886e-02 1.014258e-01 1.434377e-01 2.028516e-01 9.579679e-01 
8.405225e-02 8.405225e-02 1.188678e-01 1.681045e-01 2.377357e-01 3.362090e-01 4.754713e-01 7.401716e-01 
5.927457e-02 5.927457e-02 8.382691e-02 1.185491e-01 1.676538e-01 2.370983e-01 3.353076e-01 8.804190e-01 
1.418124e-02 1.418124e-02 2.005530e-02 2.836248e-02 4.011060e-02 5.672496e-02 8.022120e-02 9.935437e-01 
1.249524e-01 1.249524e-01 1.767094e-01 2.499048e-01 3.534188e-01 4.998096e-01 7.068375e-01 2.759521e-02 
3.113032e-03 3.113032e-03 4.402492e-03 6.226063e-03 8.804983e-03 1.245213e-02 1.760997e-02 9.996898e-01 
1.547238e-02 1.547238e-02 2.188125e-02 3.094476e-02 4.376249e-02 6.188951e-02 8.752499e-02 9.923098e-01 
9.926926e-02 9.926926e-02 1.403879e-01 1.985385e-01 2.807759e-01 3.970770e-01 5.615517e-01 6.077165e-01 
1.210429e-01 1.210429e-01 1.711805e-01 2.420858e-01 3.423610e-01 4.841716e-01 6.847221e-01 2.496224e-01 
1.249096e-01 1.249096e-01 1.766489e-01 2.498192e-01 3.532977e-01 4.996384e-01 7.065955e-01 3.802263e-02 
1.019095e-01 1.019095e-01 1.441217e-01 2.038189e-01 2.882435e-01 4.076379e-01 5.764870e-01 5.790730e-01 
1.972757e-02 1.972757e-02 2.789900e-02 3.945515e-02 5.579801e-02 7.891030e-02 1.115960e-01 9.874678e-01 
1.242204e-02 1.242204e-02 1.756742e-02 2.484408e-02 3.513484e-02 4.968817e-02 7.026968e-02 9.950499e-01 
1.149423e-01 1.149423e-01 1.625530e-01 2.298846e-01 3.251059e-01 4.597692e-01 6.502118e-01 3.930002e-01 
2.049967e-02 2.049967e-02 2.899092e-02 4.099935e-02 5.798183e-02 8.199869e-02 1.159637e-01 9.864608e-01 
6.314419e-02 6.314419e-02 8.929937e-02 1.262884e-01 1.785987e-01 2.525767e-01 3.571975e-01 8.630295e-01 
1.243453e-01 1.243453e-01 1.758508e-01 2.486906e-01 3.517017e-01 4.973813e-01 7.034033e-01 1.022129e-01 
4.865932e-02 4.865932e-02 6.881467e-02 9.731863e-02 1.376293e-01 1.946373e-01 2.752587e-01 9.211218e-01 
1.057895e-01 1.057895e-01 1.496090e-01 2.115790e-01 2.992179e-01 4.231580e-01 5.984358e-01 5.326811e-01 
1.248895e-01 1.248895e-01 1.766204e-01 2.497790e-01 3.532409e-01 4.995580e-01 7.064817e-01 4.203682e-02 
4.403550e-02 4.403550e-02 6.227561e-02 8.807101e-02 1.245512e-01 1.761420e-01 2.491024e-01 9.358931e-01 
1.249843e-01 1.249843e-01 1.767545e-01 2.499687e-01 3.535091e-01 4.999373e-01 7.070181e-01 1.583284e-02 
9.402626e-02 9.402626e-02 1.329732e-01 1.880525e-01 2.659464e-01 3.761050e-01 5.318928e-01 6.589234e-01 
3.174316e-02 3.174316e-02 4.489160e-02 6.348631e-02 8.978320e-02 1.269726e-01 1.795664e-01 9.672186e-01 
4.082248e-02 4.082248e-02 5.773171e-02 8.164497e-02 1.154634e-01 1.632899e-01 2.309268e-01 9.451696e-01 
7.726419e-02 7.726419e-02 1.092681e-01 1.545284e-01 2.185361e-01 3.090568e-01 4.370723e-01 7.860889e-01 
1.116531e-02 1.116531e-02 1.579013e-02 2.233061e-02 3.158025e-02 4.466122e-02 6.316051e-02 9.960028e-01 
8.724034e-02 8.724034e-02 1.233765e-01 1.744807e-01 2.467529e-01 3.489614e-01 4.935059e-01 7.161731e-01 
8.582901e-02 8.582901e-02 1.213805e-01 1.716580e-01 2.427611e-01 3.433160e-01 4.855222e-01 7.270051e-01 
1.164945e-01 1.164945e-01 1.647481e-01 2.329890e-01 3.294963e-01 4.659781e-01 6.589925e-01 3.625710e-01 
5.909202e-02 5.909202e-02 8.356873e-02 1.181840e-01 1.671375e-01 2.363681e-01 3.342749e-01 8.812040e-01 
1.247667e-01 1.247667e-01 1.764468e-01 2.495335e-01 3.528937e-01 4.990670e-01 7.057873e-01 6.106193e-02 
2.302705e-02 2.302705e-02 3.256516e-02 4.605409e-02 6.513032e-02 9.210819e-02 1.302606e-01 9.828857e-01 
1.245729e-01 1.245729e-01 1.761726e-01 2.491457e-01 3.523453e-01 4.982914e-01 7.046905e-01 8.259893e-02 
3.662368e-02 3.662368e-02 5.179370e-02 7.324735e-02 1.035874e-01 1.464947e-01 2.071748e-01 9.561157e-01 
9.629524e-02 9.629524e-02 1.361820e-01 1.925905e-01 2.723641e-01 3.851809e-01 5.447281e-01 6.376069e-01 
1.245955e-01 1.245955e-01 1.762047e-01 2.491911e-01 3.524094e-01 4.983821e-01 7.048187e-01 8.038106e-02 
9.874417e-02 9.874417e-02 1.396453e-01 1.974883e-01 2.792907e-01 3.949767e-01 5.585814e-01 6.131669e-01 
1.073907e-01 1.073907e-01 1.518734e-01 2.147815e-01 3.037469e-01 4.295629e-01 6.074937e-01 5.117644e-01 
4.267796e-02 4.267796e-02 6.035575e-02 8.535591e-02 1.207115e-01 1.707118e-01 2.414230e-01 9.399095e-01 
9.718400e-02 9.718400e-02 1.374389e-01 1.943680e-01 2.748778e-01 3.887360e-01 5.497557e-01 6.289176e-01 
1.014557e-01 1.014557e-01 1.434800e-01 2.029114e-01 2.869600e-01 4.058227e-01 5.739200e-01 5.841504e-01 
9.390746e-02 9.390746e-02 1.328052e-01 1.878149e-01 2.656104e-01 3.756299e-01 5.312208e-01 6.600067e-01 
4.259527e-02 4.259527e-02 6.023880e-02 8.519053e-02 1.204776e-01 1.703811e-01 2.409552e-01 9.401495e-01 
1.029064e-01 1.029064e-01 1.455316e-01 2.058127e-01 2.910632e-01 4.116255e-01 5.821263e-01 5.676776e-01 
6.015567e-02 6.015567e-02 8.507296e-02 1.203113e-01 1.701459e-01 2.406227e-01 3.402918e-01 8.765859e-01 
6.920540e-02 6.920540e-02 9.787122e-02 1.384108e-01 1.957424e-01 2.768216e-01 3.914849e-01 8.327540e-01 
6.950833e-02 6.950833e-02 9.829962e-02 1.390167e-01 1.965992e-01 2.780333e-01 3.931985e-01 8.311377e-01 
7.768994e-02 7.768994e-02 1.098702e-01 1.553799e-01 2.197403e-01 3.107597e-01 4.394806e-01 7.833987e-01 
8.406756e-02 8.406756e-02 1.188895e-01 1.681351e-01 2.377790e-01 3.362702e-01 4.755579e-01 7.400604e-01 
1.107307e-01 1.107307e-01 1.565969e-01 2.214614e-01 3.131938e-01 4.429229e-01 6.263875e-01 4.639798e-01 
9.605018e-02 9.605018e-02 1.358355e-01 1.921004e-01 2.716709e-01 3.842007e-01 5.433419e-01 6.399682e-01 
8.176836e-02 8.176836e-02 1.156379e-01 1.635367e-01 2.312758e-01 3.270734e-01 4.625517e-01 7.563676e-01 
7.603219e-02 7.603219e-02 1.075258e-01 1.520644e-01 2.150515e-01 3.041288e-01 4.301030e-01 7.937398e-01 
1.224727e-01 1.224727e-01 1.732025e-01 2.449454e-01 3.464051e-01 4.898908e-01 6.928102e-01 2.000702e-01 
8.954494e-02 8.954494e-02 1.266357e-01 1.790899e-01 2.532713e-01 3.581798e-01 5.065427e-01 6.977313e-01 
3.798668e-02 3.798668e-02 5.372128e-02 7.597337e-02 1.074426e-01 1.519467e-01 2.148851e-01 9.527060e-01 
2.439099e-02 2.439099e-02 3.449406e-02 4.878197e-02 6.898813e-02 9.756395e-02 1.379763e-01 9.807778e-01 
1.184583e-01 1.184583e-01 1.675253e-01 2.369166e-01 3.350507e-01 4.738332e-01 6.701014e-01 3.192620e-01 
8.207430e-02 8.207430e-02 1.160706e-01 1.641486e-01 2.321412e-01 3.282972e-01 4.642824e-01 7.542438e-01 
2.539268e-02 2.539268e-02 3.591067e-02 5.078535e-02 7.182134e-02 1.015707e-01 1.436427e-01 9.791494e-01 
8.601666e-04 8.601666e-04 1.216459e-03 1.720333e-03 2.432919e-03 3.440667e-03 4.865837e-03 9.999763e-01 
3.513832e-02 3.513832e-02 4.969310e-02 7.027665e-02 9.938619e-02 1.405533e-01 1.987724e-01 9.596766e-01 
1.157810e-01 1.157810e-01 1.637391e-01 2.315620e-01 3.274781e-01 4.631240e-01 6.549563e-01 3.769146e-01 
7.816028e-03 7.816028e-03 1.105353e-02 1.563206e-02 2.210707e-02 3.126411e-02 4.421413e-02 9.980432e-01 
8.811551e-02 8.811551e-02 1.246141e-01 1.762310e-01 2.492283e-01 3.524620e-01 4.984566e-01 7.092828e-01 
9.142463e-02 9.142463e-02 1.292940e-01 1.828493e-01 2.585879e-01 3.656985e-01 5.171758e-01 6.819519e-01 
9.132300e-02 9.132300e-02 1.291502e-01 1.826460e-01 2.583004e-01 3.652920e-01 5.166009e-01 6.828228e-01
