0 0 0 0 0 0 0 0.5 
0 0 0 0 0 0 0.166667 0.333333 
0 0 0 0 0 0 0.333333 0.166667 
0 0 0 0 0 0 0.5 0 
0 0 0 0 0 0.166667 0 0.333333 
0 0 0 0 0 0.166667 0.166667 0.166667 
0 0 0 0 0 0.166667 0.333333 0 
0 0 0 0 0 0.333333 0 0.166667 
0 0 0 0 0 0.333333 0.166667 0 
0 0 0 0 0 0.5 0 0 
0 0 0 0 0.166667 0 0 0.333333 
0 0 0 0 0.166667 0 0.166667 0.166667 
0 0 0 0 0.166667 0 0.333333 0 
0 0 0 0 0.166667 0.166667 0 0.166667 
0 0 0 0 0.166667 0.166667 0.166667 0 
0 0 0 0 0.166667 0.333333 0 0 
0 0 0 0 0.333333 0 0 0.166667 
0 0 0 0 0.333333 0 0.166667 0 
0 0 0 0 0.333333 0.166667 0 0 
0 0 0 0 0.5 0 0 0 
0 0 0 0.166667 0 0 0 0.333333 
0 0 0 0.166667 0 0 0.166667 0.166667 
0 0 0 0.166667 0 0 0.333333 0 
0 0 0 0.166667 0 0.166667 0 0.166667 
0 0 0 0.166667 0 0.166667 0.166667 0 
0 0 0 0.166667 0 0.333333 0 0 
0 0 0 0.166667 0.166667 0 0 0.166667 
0 0 0 0.166667 0.166667 0 0.166667 0 
0 0 0 0.166667 0.166667 0.166667 0 0 
0 0 0 0.166667 0.333333 0 0 0 
0 0 0 0.333333 0 0 0 0.166667 
0 0 0 0.333333 0 0 0.166667 0 
0 0 0 0.333333 0 0.166667 0 0 
0 0 0 0.333333 0.166667 0 0 0 
0 0 0 0.5 0 0 0 0 
0 0 0.166667 0 0 0 0 0.333333 
0 0 0.166667 0 0 0 0.166667 0.166667 
0 0 0.166667 0 0 0 0.333333 0 
0 0 0.166667 0 0 0.166667 0 0.166667 
0 0 0.166667 0 0 0.166667 0.166667 0 
0 0 0.166667 0 0 0.333333 0 0 
0 0 0.166667 0 0.166667 0 0 0.166667 
0 0 0.166667 0 0.166667 0 0.166667 0 
0 0 0.166667 0 0.166667 0.166667 0 0 
0 0 0.166667 0 0.333333 0 0 0 
0 0 0.166667 0.166667 0 0 0 0.166667 
0 0 0.166667 0.166667 0 0 0.166667 0 
0 0 0.166667 0.166667 0 0.166667 0 0 
0 0 0.166667 0.166667 0.166667 0 0 0 
0 0 0.166667 0.333333 0 0 0 0 
0 0 0.333333 0 0 0 0 0.166667 
0 0 0.333333 0 0 0 0.166667 0 
0 0 0.333333 0 0 0.166667 0 0 
0 0 0.333333 0 0.166667 0 0 0 
0 0 0.333333 0.166667 0 0 0 0 
0 0 0.5 0 0 0 0 0 
0 0.166667 0 0 0 0 0 0.333333 
0 0.166667 0 0 0 0 0.166667 0.166667 
0 0.166667 0 0 0 0 0.333333 0 
0 0.166667 0 0 0 0.166667 0 0.166667 
0 0.166667 0 0 0 0.166667 0.166667 0 
0 0.166667 0 0 0 0.333333 0 0 
0 0.166667 0 0 0.166667 0 0 0.166667 
0 0.166667 0 0 0.166667 0 0.166667 0 
0 0.166667 0 0 0.166667 0.166667 0 0 
0 0.166667 0 0 0.333333 0 0 0 
0 0.166667 0 0.166667 0 0 0 0.166667 
0 0.166667 0 0.166667 0 0 0.166667 0 
0 0.166667 0 0.166667 0 0.166667 0 0 
0 0.166667 0 0.166667 0.166667 0 0 0 
0 0.166667 0 0.333333 0 0 0 0 
0 0.166667 0.166667 0 0 0 0 0.166667 
0 0.166667 0.166667 0 0 0 0.166667 0 
0 0.166667 0.166667 0 0 0.166667 0 0 
0 0.166667 0.166667 0 0.166667 0 0 0 
0 0.166667 0.166667 0.166667 0 0 0 0 
0 0.166667 0.333333 0 0 0 0 0 
0 0.333333 0 0 0 0 0 0.166667 
0 0.333333 0 0 0 0 0.166667 0 
0 0.333333 0 0 0 0.166667 0 0 
0 0.333333 0 0 0.166667 0 0 0 
0 0.333333 0 0.166667 0 0 0 0 
0 0.333333 0.166667 0 0 0 0 0 
0 0.5 0 0 0 0 0 0 
0.166667 0 0 0 0 0 0 0.333333 
0.166667 0 0 0 0 0 0.166667 0.166667 
0.166667 0 0 0 0 0 0.333333 0 
0.166667 0 0 0 0 0.166667 0 0.166667 
0.166667 0 0 0 0 0.166667 0.166667 0 
0.166667 0 0 0 0 0.333333 0 0 
0.166667 0 0 0 0.166667 0 0 0.166667 
0.166667 0 0 0 0.166667 0 0.166667 0 
0.166667 0 0 0 0.166667 0.166667 0 0 
0.166667 0 0 0 0.333333 0 0 0 
0.166667 0 0 0.166667 0 0 0 0.166667 
0.166667 0 0 0.166667 0 0 0.166667 0 
0.166667 0 0 0.166667 0 0.166667 0 0 
0.166667 0 0 0.166667 0.166667 0 0 0 
0.166667 0 0 0.333333 0 0 0 0 
0.166667 0 0.166667 0 0 0 0 0.166667 
0.166667 0 0.166667 0 0 0 0.166667 0 
0.166667 0 0.166667 0 0 0.166667 0 0 
0.166667 0 0.166667 0 0.166667 0 0 0 
0.166667 0 0.166667 0.166667 0 0 0 0 
0.166667 0 0.333333 0 0 0 0 0 
0.166667 0.166667 0 0 0 0 0 0.166667 
0.166667 0.166667 0 0 0 0 0.166667 0 
0.166667 0.166667 0 0 0 0.166667 0 0 
0.166667 0.166667 0 0 0.166667 0 0 0 
0.166667 0.166667 0 0.166667 0 0 0 0 
0.166667 0.166667 0.166667 0 0 0 0 0 
0.166667 0.333333 0 0 0 0 0 0 
0.333333 0 0 0 0 0 0 0.166667 
0.333333 0 0 0 0 0 0.166667 0 
0.333333 0 0 0 0 0.166667 0 0 
0.333333 0 0 0 0.166667 0 0 0 
0.333333 0 0 0.166667 0 0 0 0 
0.333333 0 0.166667 0 0 0 0 0 
0.333333 0.166667 0 0 0 0 0 0 
0.5 0 0 0 0 0 0 0 
0.03125 0.03125 0.03125 0.03125 0.03125 0.03125 0.03125 0.28125 
0.03125 0.03125 0.03125 0.03125 0.03125 0.03125 0.15625 0.15625 
0.03125 0.03125 0.03125 0.03125 0.03125 0.03125 0.28125 0.03125 
0.03125 0.03125 0.03125 0.03125 0.03125 0.15625 0.03125 0.15625 
0.03125 0.03125 0.03125 0.03125 0.03125 0.15625 0.15625 0.03125 
0.03125 0.03125 0.03125 0.03125 0.03125 0.28125 0.03125 0.03125 
0.03125 0.03125 0.03125 0.03125 0.15625 0.03125 0.03125 0.15625 
0.03125 0.03125 0.03125 0.03125 0.15625 0.03125 0.15625 0.03125 
0.03125 0.03125 0.03125 0.03125 0.15625 0.15625 0.03125 0.03125 
0.03125 0.03125 0.03125 0.03125 0.28125 0.03125 0.03125 0.03125 
0.03125 0.03125 0.03125 0.15625 0.03125 0.03125 0.03125 0.15625 
0.03125 0.03125 0.03125 0.15625 0.03125 0.03125 0.15625 0.03125 
0.03125 0.03125 0.03125 0.15625 0.03125 0.15625 0.03125 0.03125 
0.03125 0.03125 0.03125 0.15625 0.15625 0.03125 0.03125 0.03125 
0.03125 0.03125 0.03125 0.28125 0.03125 0.03125 0.03125 0.03125 
0.03125 0.03125 0.15625 0.03125 0.03125 0.03125 0.03125 0.15625 
0.03125 0.03125 0.15625 0.03125 0.03125 0.03125 0.15625 0.03125 
0.03125 0.03125 0.15625 0.03125 0.03125 0.15625 0.03125 0.03125 
0.03125 0.03125 0.15625 0.03125 0.15625 0.03125 0.03125 0.03125 
0.03125 0.03125 0.15625 0.15625 0.03125 0.03125 0.03125 0.03125 
0.03125 0.03125 0.28125 0.03125 0.03125 0.03125 0.03125 0.03125 
0.03125 0.15625 0.03125 0.03125 0.03125 0.03125 0.03125 0.15625 
0.03125 0.15625 0.03125 0.03125 0.03125 0.03125 0.15625 0.03125 
0.03125 0.15625 0.03125 0.03125 0.03125 0.15625 0.03125 0.03125 
0.03125 0.15625 0.03125 0.03125 0.15625 0.03125 0.03125 0.03125 
0.03125 0.15625 0.03125 0.15625 0.03125 0.03125 0.03125 0.03125 
0.03125 0.15625 0.15625 0.03125 0.03125 0.03125 0.03125 0.03125 
0.03125 0.28125 0.03125 0.03125 0.03125 0.03125 0.03125 0.03125 
0.15625 0.03125 0.03125 0.03125 0.03125 0.03125 0.03125 0.15625 
0.15625 0.03125 0.03125 0.03125 0.03125 0.03125 0.15625 0.03125 
0.15625 0.03125 0.03125 0.03125 0.03125 0.15625 0.03125 0.03125 
0.15625 0.03125 0.03125 0.03125 0.15625 0.03125 0.03125 0.03125 
0.15625 0.03125 0.03125 0.15625 0.03125 0.03125 0.03125 0.03125 
0.15625 0.03125 0.15625 0.03125 0.03125 0.03125 0.03125 0.03125 
0.15625 0.15625 0.03125 0.03125 0.03125 0.03125 0.03125 0.03125 
0.28125 0.03125 0.03125 0.03125 0.03125 0.03125 0.03125 0.03125 
