0.0000000000000    1.0000000000000
0.0020040080160    0.9552338518964
0.0040080160321    0.9366911062167
0.0060120240481    0.9224627570254
0.0080160320641    0.9104677037928
0.0100200400802    0.8998998497496
0.0120240480962    0.8903457793964
0.0140280561122    0.8815599049636
0.0160320641283    0.8733822124334
0.0180360721443    0.8657015556892
0.0200400801603    0.8584370099202
0.0220440881764    0.8515274834309
0.0240480961924    0.8449255140509
0.0260521042084    0.8385933576075
0.0280561122244    0.8325004112708
0.0300601202405    0.8266214539210
0.0320641282565    0.8209354075857
0.0340681362725    0.8154244429169
0.0360721442886    0.8100733186501
0.0380761523046    0.8048688843249
0.0400801603206    0.7997996994991
0.0420841683367    0.7948557377437
0.0440881763527    0.7900281534284
0.0460921843687    0.7853090957475
0.0480961923848    0.7806915587927
0.0501002004008    0.7761692594821
0.0521042084168    0.7717365372714
0.0541082164329    0.7673882710763
0.0561122244489    0.7631198099273
0.0581162324649    0.7589269146816
0.0601202404810    0.7548057087105
0.0621242484970    0.7507526359277
0.0641282565130    0.7467644248668
0.0661322645291    0.7428380577748
0.0681362725451    0.7389707438905
0.0701402805611    0.7351598962371
0.0721442885772    0.7314031113785
0.0741482965932    0.7276981516897
0.0761523046092    0.7240429297713
0.0781563126253    0.7204354946971
0.0801603206413    0.7168740198405
0.0821643286573    0.7133567920614
0.0841683366733    0.7098822020741
0.0861723446894    0.7064487358409
0.0881763527054    0.7030549668619
0.0901803607214    0.6996995492487
0.0921843687375    0.6963812114880
0.0941883767535    0.6930987508114
0.0961923847695    0.6898510281018
0.0981963927856    0.6866369632749
0.1002004008016    0.6834555310835
0.1022044088176    0.6803057572967
0.1042084168337    0.6771867152150
0.1062124248497    0.6740975224861
0.1082164328657    0.6710373381891
0.1102204408818    0.6680053601611
0.1122244488978    0.6650008225416
0.1142284569138    0.6620229935131
0.1162324649299    0.6590711732196
0.1182364729459    0.6561446918457
0.1202404809619    0.6532429078419
0.1222444889780    0.6503652062824
0.1242484969940    0.6475109973432
0.1262525050100    0.6446797148909
0.1282565130261    0.6418708151713
0.1302605210421    0.6390837755904
0.1322645290581    0.6363180935789
0.1342685370741    0.6335732855343
0.1362725450902    0.6308488858338
0.1382765531062    0.6281444459118
0.1402805611222    0.6254595333983
0.1422845691383    0.6227937313110
0.1442885771543    0.6201466373002
0.1462925851703    0.6175178629395
0.1482965931864    0.6149070330604
0.1503006012024    0.6123137851272
0.1523046092184    0.6097377686498
0.1543086172345    0.6071786446303
0.1563126252505    0.6046360850425
0.1583166332665    0.6021097723410
0.1603206412826    0.5995993989982
0.1623246492986    0.5971046670677
0.1643286573146    0.5946252877711
0.1663326653307    0.5921609811082
0.1683366733467    0.5897114754874
0.1703406813627    0.5872765073772
0.1723446893788    0.5848558209745
0.1743486973948    0.5824491678912
0.1763527054108    0.5800563068567
0.1783567134269    0.5776770034359
0.1803607214429    0.5753110297607
0.1823647294589    0.5729581642755
0.1843687374749    0.5706181914951
0.1863727454910    0.5682909017741
0.1883767535070    0.5659760910883
0.1903807615230    0.5636735608251
0.1923847695391    0.5613831175854
0.1943887775551    0.5591045729937
0.1963927855711    0.5568377435170
0.1983967935872    0.5545824502928
0.2004008016032    0.5523385189642
0.2024048096192    0.5501057795223
0.2044088176353    0.5478840661564
0.2064128256513    0.5456732171099
0.2084168336673    0.5434730745429
0.2104208416834    0.5412834844009
0.2124248496994    0.5391042962888
0.2144288577154    0.5369353633504
0.2164328657315    0.5347765421526
0.2184368737475    0.5326276925753
0.2204408817635    0.5304886777047
0.2224448897796    0.5283593637317
0.2244488977956    0.5262396198545
0.2264529058116    0.5241293181844
0.2284569138277    0.5220283336560
0.2304609218437    0.5199365439406
0.2324649298597    0.5178538293632
0.2344689378758    0.5157800728225
0.2364729458918    0.5137151597142
0.2384769539078    0.5116589778569
0.2404809619238    0.5096114174210
0.2424849699399    0.5075723708606
0.2444889779559    0.5055417328470
0.2464929859719    0.5035194002059
0.2484969939880    0.5015052718554
0.2505010020040    0.4994992487478
0.2525050100200    0.4975012338124
0.2545090180361    0.4955111319007
0.2565130260521    0.4935288497337
0.2585170340681    0.4915542958504
0.2605210420842    0.4895873805594
0.2625250501002    0.4876280158906
0.2645290581162    0.4856761155495
0.2665330661323    0.4837315948731
0.2685370741483    0.4817943707868
0.2705410821643    0.4798643617629
0.2725450901804    0.4779414877810
0.2745490981964    0.4760256702887
0.2765531062124    0.4741168321648
0.2785571142285    0.4722148976823
0.2805611222445    0.4703197924743
0.2825651302605    0.4684314434990
0.2845691382766    0.4665497790079
0.2865731462926    0.4646747285130
0.2885771543086    0.4628062227570
0.2905811623246    0.4609441936825
0.2925851703407    0.4590885744036
0.2945891783567    0.4572392991781
0.2965931863727    0.4553963033795
0.2985971943888    0.4535595234714
0.3006012024048    0.4517288969818
0.3026052104208    0.4499043624779
0.3046092184369    0.4480858595426
0.3066132264529    0.4462733287506
0.3086172344689    0.4444667116464
0.3106212424850    0.4426659507217
0.3126252505010    0.4408709893942
0.3146292585170    0.4390817719872
0.3166332665331    0.4372982437089
0.3186372745491    0.4355203506333
0.3206412825651    0.4337480396810
0.3226452905812    0.4319812586004
0.3246492985972    0.4302199559504
0.3266533066132    0.4284640810822
0.3286573146293    0.4267135841229
0.3306613226453    0.4249684159585
0.3326653306613    0.4232285282182
0.3346693386774    0.4214938732586
0.3366733466934    0.4197644041483
0.3386773547094    0.4180400746534
0.3406813627255    0.4163208392229
0.3426853707415    0.4146066529747
0.3446893787575    0.4128974716819
0.3466933867735    0.4111932517595
0.3486973947896    0.4094939502515
0.3507014028056    0.4077995248181
0.3527054108216    0.4061099337237
0.3547094188377    0.4044251358245
0.3567134268537    0.4027450905570
0.3587174348697    0.4010697579269
0.3607214428858    0.3993990984974
0.3627254509018    0.3977330733788
0.3647294589178    0.3960716442178
0.3667334669339    0.3944147731872
0.3687374749499    0.3927624229761
0.3707414829659    0.3911145567794
0.3727454909820    0.3894711382891
0.3747494989980    0.3878321316845
0.3767535070140    0.3861975016229
0.3787575150301    0.3845672132312
0.3807615230461    0.3829412320969
0.3827655310621    0.3813195242598
0.3847695390782    0.3797020562035
0.3867735470942    0.3780887948475
0.3887775551102    0.3764797075393
0.3907815631263    0.3748747620466
0.3927855711423    0.3732739265498
0.3947895791583    0.3716771696347
0.3967935871743    0.3700844602851
0.3987975951904    0.3684957678761
0.4008016032064    0.3669110621671
0.4028056112224    0.3653303132948
0.4048096192385    0.3637534917672
0.4068136272545    0.3621805684565
0.4088176352705    0.3606115145934
0.4108216432866    0.3590463017607
0.4128256513026    0.3574849018874
0.4148296593186    0.3559272872426
0.4168336673347    0.3543734304300
0.4188376753507    0.3528233043823
0.4208416833667    0.3512768823552
0.4228456913828    0.3497341379230
0.4248496993988    0.3481950449722
0.4268537074148    0.3466595776972
0.4288577154309    0.3451277105948
0.4308617234469    0.3435994184594
0.4328657314629    0.3420746763781
0.4348697394790    0.3405534597263
0.4368737474950    0.3390357441624
0.4388777555110    0.3375215056238
0.4408817635271    0.3360107203222
0.4428857715431    0.3345033647395
0.4448897795591    0.3329994156231
0.4468937875752    0.3314988499822
0.4488977955912    0.3300016450832
0.4509018036072    0.3285077784462
0.4529058116232    0.3270172278407
0.4549098196393    0.3255299712817
0.4569138276553    0.3240459870263
0.4589178356713    0.3225652535695
0.4609218436874    0.3210877496411
0.4629258517034    0.3196134542017
0.4649298597194    0.3181423464392
0.4669338677355    0.3166744057658
0.4689378757515    0.3152096118143
0.4709418837675    0.3137479444347
0.4729458917836    0.3122893836914
0.4749498997996    0.3108339098595
0.4769539078156    0.3093815034220
0.4789579158317    0.3079321450669
0.4809619238477    0.3064858156838
0.4829659318637    0.3050424963613
0.4849699398798    0.3036021683838
0.4869739478958    0.3021648132289
0.4889779559118    0.3007304125648
0.4909819639279    0.2992989482469
0.4929859719439    0.2978704023160
0.4949899799599    0.2964447569949
0.4969939879760    0.2950219946864
0.4989979959920    0.2936020979703
0.5010020040080    0.2921850496012
0.5030060120240    0.2907708325061
0.5050100200401    0.2893594297818
0.5070140280561    0.2879508246925
0.5090180360721    0.2865450006678
0.5110220440882    0.2851419413001
0.5130260521042    0.2837416303426
0.5150300601202    0.2823440517071
0.5170340681363    0.2809491894614
0.5190380761523    0.2795570278278
0.5210420841683    0.2781675511808
0.5230460921844    0.2767807440448
0.5250501002004    0.2753965910925
0.5270541082164    0.2740150771425
0.5290581162325    0.2726361871577
0.5310621242485    0.2712599062433
0.5330661322645    0.2698862196448
0.5350701402806    0.2685151127463
0.5370741482966    0.2671465710685
0.5390781563126    0.2657805802673
0.5410821643287    0.2644171261315
0.5430861723447    0.2630561945815
0.5450901803607    0.2616977716675
0.5470941883768    0.2603418435678
0.5490981963928    0.2589883965869
0.5511022044088    0.2576374171547
0.5531062124248    0.2562888918237
0.5551102204409    0.2549428072685
0.5571142284569    0.2535991502839
0.5591182364729    0.2522579077831
0.5611222444890    0.2509190667965
0.5631262525050    0.2495826144704
0.5651302605210    0.2482485380652
0.5671342685371    0.2469168249542
0.5691382765531    0.2455874626220
0.5711422845691    0.2442604386635
0.5731462925852    0.2429357407821
0.5751503006012    0.2416133567888
0.5771543086172    0.2402932746005
0.5791583166333    0.2389754822391
0.5811623246493    0.2376599678298
0.5831663326653    0.2363467196002
0.5851703406814    0.2350357258791
0.5871743486974    0.2337269750948
0.5891783567134    0.2324204557745
0.5911823647295    0.2311161565428
0.5931863727455    0.2298140661207
0.5951903807615    0.2285141733243
0.5971943887776    0.2272164670637
0.5991983967936    0.2259209363420
0.6012024048096    0.2246275702544
0.6032064128257    0.2233363579865
0.6052104208417    0.2220472888140
0.6072144288577    0.2207603521010
0.6092184368737    0.2194755372996
0.6112224448898    0.2181928339483
0.6132264529058    0.2169122316714
0.6152304609218    0.2156337201780
0.6172344689379    0.2143572892606
0.6192384769539    0.2130829287950
0.6212424849699    0.2118106287383
0.6232464929860    0.2105403791289
0.6252505010020    0.2092721700851
0.6272545090180    0.2080059918042
0.6292585170341    0.2067418345620
0.6312625250501    0.2054796887114
0.6332665330661    0.2042195446820
0.6352705410822    0.2029613929789
0.6372745490982    0.2017052241821
0.6392785571142    0.2004510289456
0.6412825651303    0.1991987979965
0.6432865731463    0.1979485221345
0.6452905811623    0.1967001922306
0.6472945891784    0.1954537992269
0.6492985971944    0.1942093341355
0.6513026052104    0.1929667880376
0.6533066132265    0.1917261520831
0.6553106212425    0.1904874174897
0.6573146292585    0.1892505755423
0.6593186372745    0.1880156175920
0.6613226452906    0.1867825350556
0.6633266533066    0.1855513194150
0.6653306613226    0.1843219622163
0.6673346693387    0.1830944550692
0.6693386773547    0.1818687896464
0.6713426853707    0.1806449576827
0.6733466933868    0.1794229509749
0.6753507014028    0.1782027613804
0.6773547094188    0.1769843808172
0.6793587174349    0.1757678012630
0.6813627254509    0.1745530147545
0.6833667334669    0.1733400133870
0.6853707414830    0.1721287893138
0.6873747494990    0.1709193347454
0.6893787575150    0.1697116419490
0.6913827655311    0.1685057032480
0.6933867735471    0.1673015110215
0.6953907815631    0.1660990577034
0.6973947895792    0.1648983357823
0.6993987975952    0.1636993378006
0.7014028056112    0.1625020563540
0.7034068136273    0.1613064840913
0.7054108216433    0.1601126137134
0.7074148296593    0.1589204379731
0.7094188376754    0.1577299496745
0.7114228456914    0.1565411416724
0.7134268537074    0.1553540068719
0.7154308617234    0.1541685382279
0.7174348697395    0.1529847287448
0.7194388777555    0.1518025714755
0.7214428857715    0.1506220595215
0.7234468937876    0.1494431860319
0.7254509018036    0.1482659442035
0.7274549098196    0.1470903272798
0.7294589178357    0.1459163285511
0.7314629258517    0.1447439413534
0.7334669338677    0.1435731590686
0.7354709418838    0.1424039751236
0.7374749498998    0.1412363829902
0.7394789579158    0.1400703761843
0.7414829659319    0.1389059482659
0.7434869739479    0.1377430928384
0.7454909819639    0.1365818035483
0.7474949899800    0.1354220740847
0.7494989979960    0.1342638981791
0.7515030060120    0.1331072696048
0.7535070140281    0.1319521821765
0.7555110220441    0.1307986297502
0.7575150300601    0.1296466062224
0.7595190380762    0.1284961055301
0.7615230460922    0.1273471216502
0.7635270541082    0.1261996485992
0.7655310621242    0.1250536804328
0.7675350701403    0.1239092112456
0.7695390781563    0.1227662351709
0.7715430861723    0.1216247463798
0.7735470941884    0.1204847390816
0.7755511022044    0.1193462075228
0.7775551102204    0.1182091459873
0.7795591182365    0.1170735487956
0.7815631262525    0.1159394103046
0.7835671342685    0.1148067249078
0.7855711422846    0.1136754870339
0.7875751503006    0.1125456911477
0.7895791583166    0.1114173317487
0.7915831663327    0.1102904033716
0.7935871743487    0.1091649005856
0.7955911823647    0.1080408179940
0.7975951903808    0.1069181502344
0.7995991983968    0.1057968919777
0.8016032064128    0.1046770379283
0.8036072144289    0.1035585828238
0.8056112224449    0.1024415214345
0.8076152304609    0.1013258485631
0.8096192384770    0.1002115590446
0.8116232464930    0.0990986477461
0.8136272545090    0.0979871095660
0.8156312625251    0.0968769394346
0.8176352705411    0.0957681323128
0.8196392785571    0.0946606831927
0.8216432865731    0.0935545870969
0.8236472945892    0.0924498390782
0.8256513026052    0.0913464342197
0.8276553106212    0.0902443676342
0.8296593186373    0.0891436344641
0.8316633266533    0.0880442298810
0.8336673346693    0.0869461490858
0.8356713426854    0.0858493873079
0.8376753507014    0.0847539398056
0.8396793587174    0.0836598018654
0.8416833667335    0.0825669688018
0.8436873747495    0.0814754359575
0.8456913827655    0.0803851987025
0.8476953907816    0.0792962524343
0.8496993987976    0.0782085925777
0.8517034068136    0.0771222145844
0.8537074148297    0.0760371139328
0.8557114228457    0.0749532861278
0.8577154308617    0.0738707267008
0.8597194388778    0.0727894312090
0.8617234468938    0.0717093952356
0.8637274549098    0.0706306143896
0.8657314629259    0.0695530843053
0.8677354709419    0.0684768006422
0.8697394789579    0.0674017590849
0.8717434869739    0.0663279553430
0.8737474949900    0.0652553851506
0.8757515030060    0.0641840442662
0.8777555110220    0.0631139284726
0.8797595190381    0.0620450335767
0.8817635270541    0.0609773554093
0.8837675350701    0.0599108898247
0.8857715430862    0.0588456327009
0.8877755511022    0.0577815799390
0.8897795591182    0.0567187274634
0.8917835671343    0.0556570712213
0.8937875751503    0.0545966071828
0.8957915831663    0.0535373313404
0.8977955911824    0.0524792397090
0.8997995991984    0.0514223283260
0.9018036072144    0.0503665932506
0.9038076152305    0.0493120305639
0.9058116232465    0.0482586363688
0.9078156312625    0.0472064067897
0.9098196392786    0.0461553379724
0.9118236472946    0.0451054260838
0.9138276553106    0.0440566673120
0.9158316633267    0.0430090578659
0.9178356713427    0.0419625939752
0.9198396793587    0.0409172718901
0.9218436873747    0.0398730878812
0.9238476953908    0.0388300382394
0.9258517034068    0.0377881192758
0.9278557114228    0.0367473273212
0.9298597194389    0.0357076587264
0.9318637274549    0.0346691098619
0.9338677354709    0.0336316771174
0.9358717434870    0.0325953569023
0.9378757515030    0.0315601456451
0.9398797595190    0.0305260397932
0.9418837675351    0.0294930358132
0.9438877755511    0.0284611301903
0.9458917835671    0.0274303194284
0.9478957915832    0.0264006000499
0.9498997995992    0.0253719685956
0.9519038076152    0.0243444216245
0.9539078156313    0.0233179557137
0.9559118236473    0.0222925674583
0.9579158316633    0.0212682534712
0.9599198396794    0.0202450103830
0.9619238476954    0.0192228348420
0.9639278557114    0.0182017235137
0.9659318637275    0.0171816730812
0.9679358717435    0.0161626802446
0.9699398797595    0.0151447417211
0.9719438877756    0.0141278542450
0.9739478957916    0.0131120145672
0.9759519038076    0.0120972194555
0.9779559118236    0.0110834656941
0.9799599198397    0.0100707500838
0.9819639278557    0.0090590694417
0.9839679358717    0.0080484206012
0.9859719438878    0.0070388004117
0.9879759519038    0.0060302057387
0.9899799599198    0.0050226334635
0.9919839679359    0.0040160804833
0.9939879759519    0.0030105437108
0.9959919839679    0.0020060200743
0.9979959919840    0.0010025065177
1.0000000000000    0.0000000000000