0.0000000000000    1.0000000000000
0.0020040080160    0.9999959839519
0.0040080160321    0.9999839358075
0.0060120240481    0.9999638555668
0.0080160320641    0.9999357432299
0.0100200400802    0.9998995987968
0.0120240480962    0.9998554222674
0.0140280561122    0.9998032136417
0.0160320641283    0.9997429729198
0.0180360721443    0.9996747001016
0.0200400801603    0.9995983951872
0.0220440881764    0.9995140581765
0.0240480961924    0.9994216890695
0.0260521042084    0.9993212878663
0.0280561122244    0.9992128545668
0.0300601202405    0.9990963891711
0.0320641282565    0.9989718916791
0.0340681362725    0.9988393620909
0.0360721442886    0.9986988004064
0.0380761523046    0.9985502066257
0.0400801603206    0.9983935807487
0.0420841683367    0.9982289227754
0.0440881763527    0.9980562327059
0.0460921843687    0.9978755105401
0.0480961923848    0.9976867562781
0.0501002004008    0.9974899699198
0.0521042084168    0.9972851514653
0.0541082164329    0.9970723009145
0.0561122244489    0.9968514182674
0.0581162324649    0.9966225035241
0.0601202404810    0.9963855566845
0.0621242484970    0.9961405777487
0.0641282565130    0.9958875667166
0.0661322645291    0.9956265235883
0.0681362725451    0.9953574483637
0.0701402805611    0.9950803410428
0.0721442885772    0.9947952016257
0.0741482965932    0.9945020301123
0.0761523046092    0.9942008265027
0.0781563126253    0.9938915907968
0.0801603206413    0.9935743229947
0.0821643286573    0.9932490230963
0.0841683366733    0.9929156911016
0.0861723446894    0.9925743270107
0.0881763527054    0.9922249308236
0.0901803607214    0.9918675025402
0.0921843687375    0.9915020421605
0.0941883767535    0.9911285496845
0.0961923847695    0.9907470251123
0.0981963927856    0.9903574684439
0.1002004008016    0.9899598796792
0.1022044088176    0.9895542588182
0.1042084168337    0.9891406058610
0.1062124248497    0.9887189208075
0.1082164328657    0.9882892036578
0.1102204408818    0.9878514544118
0.1122244488978    0.9874056730696
0.1142284569138    0.9869518596311
0.1162324649299    0.9864900140963
0.1182364729459    0.9860201364653
0.1202404809619    0.9855422267380
0.1222444889780    0.9850562849145
0.1242484969940    0.9845623109947
0.1262525050100    0.9840603049787
0.1282565130261    0.9835502668664
0.1302605210421    0.9830321966578
0.1322645290581    0.9825060943530
0.1342685370741    0.9819719599520
0.1362725450902    0.9814297934546
0.1382765531062    0.9808795948611
0.1402805611222    0.9803213641712
0.1422845691383    0.9797551013851
0.1442885771543    0.9791808065028
0.1462925851703    0.9785984795242
0.1482965931864    0.9780081204493
0.1503006012024    0.9774097292782
0.1523046092184    0.9768033060108
0.1543086172345    0.9761888506472
0.1563126252505    0.9755663631873
0.1583166332665    0.9749358436312
0.1603206412826    0.9742972919787
0.1623246492986    0.9736507082301
0.1643286573146    0.9729960923852
0.1663326653307    0.9723334444440
0.1683366733467    0.9716627644066
0.1703406813627    0.9709840522729
0.1723446893788    0.9702973080429
0.1743486973948    0.9696025317167
0.1763527054108    0.9688997232943
0.1783567134269    0.9681888827756
0.1803607214429    0.9674700101606
0.1823647294589    0.9667431054494
0.1843687374749    0.9660081686419
0.1863727454910    0.9652651997382
0.1883767535070    0.9645141987382
0.1903807615230    0.9637551656419
0.1923847695391    0.9629881004494
0.1943887775551    0.9622130031606
0.1963927855711    0.9614298737756
0.1983967935872    0.9606387122943
0.2004008016032    0.9598395187168
0.2024048096192    0.9590322930430
0.2044088176353    0.9582170352730
0.2064128256513    0.9573937454066
0.2084168336673    0.9565624234441
0.2104208416834    0.9557230693853
0.2124248496994    0.9548756832302
0.2144288577154    0.9540202649789
0.2164328657315    0.9531568146313
0.2184368737475    0.9522853321874
0.2204408817635    0.9514058176473
0.2224448897796    0.9505182710110
0.2244488977956    0.9496226922783
0.2264529058116    0.9487190814495
0.2284569138277    0.9478074385243
0.2304609218437    0.9468877635030
0.2324649298597    0.9459600563853
0.2344689378758    0.9450243171714
0.2364729458918    0.9440805458613
0.2384769539078    0.9431287424548
0.2404809619238    0.9421689069522
0.2424849699399    0.9412010393533
0.2444889779559    0.9402251396581
0.2464929859719    0.9392412078666
0.2484969939880    0.9382492439789
0.2505010020040    0.9372492479950
0.2525050100200    0.9362412199148
0.2545090180361    0.9352251597383
0.2565130260521    0.9342010674656
0.2585170340681    0.9331689430966
0.2605210420842    0.9321287866314
0.2625250501002    0.9310805980699
0.2645290581162    0.9300243774121
0.2665330661323    0.9289601246581
0.2685370741483    0.9278878398079
0.2705410821643    0.9268075228614
0.2725450901804    0.9257191738186
0.2745490981964    0.9246227926795
0.2765531062124    0.9235183794443
0.2785571142285    0.9224059341127
0.2805611222445    0.9212854566849
0.2825651302605    0.9201569471609
0.2845691382766    0.9190204055405
0.2865731462926    0.9178758318240
0.2885771543086    0.9167232260111
0.2905811623246    0.9155625881021
0.2925851703407    0.9143939180967
0.2945891783567    0.9132172159951
0.2965931863727    0.9120324817973
0.2985971943888    0.9108397155032
0.3006012024048    0.9096389171128
0.3026052104208    0.9084300866262
0.3046092184369    0.9072132240433
0.3066132264529    0.9059883293641
0.3086172344689    0.9047554025887
0.3106212424850    0.9035144437171
0.3126252505010    0.9022654527492
0.3146292585170    0.9010084296850
0.3166332665331    0.8997433745246
0.3186372745491    0.8984702872679
0.3206412825651    0.8971891679150
0.3226452905812    0.8959000164658
0.3246492985972    0.8946028329203
0.3266533066132    0.8932976172786
0.3286573146293    0.8919843695407
0.3306613226453    0.8906630897065
0.3326653306613    0.8893337777760
0.3346693386774    0.8879964337493
0.3366733466934    0.8866510576263
0.3386773547094    0.8852976494070
0.3406813627255    0.8839362090915
0.3426853707415    0.8825667366798
0.3446893787575    0.8811892321718
0.3466933867735    0.8798036955675
0.3486973947896    0.8784101268670
0.3507014028056    0.8770085260702
0.3527054108216    0.8755988931771
0.3547094188377    0.8741812281878
0.3567134268537    0.8727555311023
0.3587174348697    0.8713218019205
0.3607214428858    0.8698800406424
0.3627254509018    0.8684302472681
0.3647294589178    0.8669724217975
0.3667334669339    0.8655065642307
0.3687374749499    0.8640326745676
0.3707414829659    0.8625507528082
0.3727454909820    0.8610607989526
0.3747494989980    0.8595628130008
0.3767535070140    0.8580567949526
0.3787575150301    0.8565427448083
0.3807615230461    0.8550206625676
0.3827655310621    0.8534905482307
0.3847695390782    0.8519524017976
0.3867735470942    0.8504062232682
0.3887775551102    0.8488520126425
0.3907815631263    0.8472897699206
0.3927855711423    0.8457194951024
0.3947895791583    0.8441411881880
0.3967935871743    0.8425548491773
0.3987975951904    0.8409604780704
0.4008016032064    0.8393580748672
0.4028056112224    0.8377476395677
0.4048096192385    0.8361291721720
0.4068136272545    0.8345026726800
0.4088176352705    0.8328681410918
0.4108216432866    0.8312255774073
0.4128256513026    0.8295749816266
0.4148296593186    0.8279163537496
0.4168336673347    0.8262496937763
0.4188376753507    0.8245750017068
0.4208416833667    0.8228922775411
0.4228456913828    0.8212015212790
0.4248496993988    0.8195027329208
0.4268537074148    0.8177959124662
0.4288577154309    0.8160810599154
0.4308617234469    0.8143581752684
0.4328657314629    0.8126272585251
0.4348697394790    0.8108883096855
0.4368737474950    0.8091413287497
0.4388777555110    0.8073863157176
0.4408817635271    0.8056232705893
0.4428857715431    0.8038521933647
0.4448897795591    0.8020730840438
0.4468937875752    0.8002859426267
0.4488977955912    0.7984907691134
0.4509018036072    0.7966875635038
0.4529058116232    0.7948763257979
0.4549098196393    0.7930570559958
0.4569138276553    0.7912297540974
0.4589178356713    0.7893944201027
0.4609218436874    0.7875510540118
0.4629258517034    0.7856996558247
0.4649298597194    0.7838402255413
0.4669338677355    0.7819727631616
0.4689378757515    0.7800972686857
0.4709418837675    0.7782137421135
0.4729458917836    0.7763221834450
0.4749498997996    0.7744225926804
0.4769539078156    0.7725149698194
0.4789579158317    0.7705993148622
0.4809619238477    0.7686756278087
0.4829659318637    0.7667439086590
0.4849699398798    0.7648041574130
0.4869739478958    0.7628563740708
0.4889779559118    0.7609005586323
0.4909819639279    0.7589367110975
0.4929859719439    0.7569648314665
0.4949899799599    0.7549849197393
0.4969939879760    0.7529969759158
0.4989979959920    0.7510009999960
0.5010020040080    0.7489969919800
0.5030060120240    0.7469849518677
0.5050100200401    0.7449648796591
0.5070140280561    0.7429367753543
0.5090180360721    0.7409006389533
0.5110220440882    0.7388564704559
0.5130260521042    0.7368042698624
0.5150300601202    0.7347440371725
0.5170340681363    0.7326757723865
0.5190380761523    0.7305994755041
0.5210420841683    0.7285151465255
0.5230460921844    0.7264227854507
0.5250501002004    0.7243223922795
0.5270541082164    0.7222139670122
0.5290581162325    0.7200975096486
0.5310621242485    0.7179730201887
0.5330661322645    0.7158404986325
0.5350701402806    0.7136999449801
0.5370741482966    0.7115513592315
0.5390781563126    0.7093947413866
0.5410821643287    0.7072300914454
0.5430861723447    0.7050574094080
0.5450901803607    0.7028766952743
0.5470941883768    0.7006879490444
0.5490981963928    0.6984911707182
0.5511022044088    0.6962863602957
0.5531062124248    0.6940735177770
0.5551102204409    0.6918526431621
0.5571142284569    0.6896237364509
0.5591182364729    0.6873867976434
0.5611222444890    0.6851418267397
0.5631262525050    0.6828888237397
0.5651302605210    0.6806277886434
0.5671342685371    0.6783587214509
0.5691382765531    0.6760816221622
0.5711422845691    0.6737964907771
0.5731462925852    0.6715033272959
0.5751503006012    0.6692021317183
0.5771543086172    0.6668929040446
0.5791583166333    0.6645756442745
0.5811623246493    0.6622503524082
0.5831663326653    0.6599170284457
0.5851703406814    0.6575756723869
0.5871743486974    0.6552262842318
0.5891783567134    0.6528688639805
0.5911823647295    0.6505034116329
0.5931863727455    0.6481299271890
0.5951903807615    0.6457484106490
0.5971943887776    0.6433588620126
0.5991983967936    0.6409612812800
0.6012024048096    0.6385556684511
0.6032064128257    0.6361420235260
0.6052104208417    0.6337203465046
0.6072144288577    0.6312906373870
0.6092184368737    0.6288528961731
0.6112224448898    0.6264071228630
0.6132264529058    0.6239533174566
0.6152304609218    0.6214914799539
0.6172344689379    0.6190216103550
0.6192384769539    0.6165437086598
0.6212424849699    0.6140577748684
0.6232464929860    0.6115638089807
0.6252505010020    0.6090618109967
0.6272545090180    0.6065517809165
0.6292585170341    0.6040337187401
0.6312625250501    0.6015076244674
0.6332665330661    0.5989734980984
0.6352705410822    0.5964313396332
0.6372745490982    0.5938811490717
0.6392785571142    0.5913229264140
0.6412825651303    0.5887566716600
0.6432865731463    0.5861823848097
0.6452905811623    0.5836000658632
0.6472945891784    0.5810097148204
0.6492985971944    0.5784113316814
0.6513026052104    0.5758049164461
0.6533066132265    0.5731904691146
0.6553106212425    0.5705679896868
0.6573146292585    0.5679374781627
0.6593186372745    0.5652989345424
0.6613226452906    0.5626523588259
0.6633266533066    0.5599977510130
0.6653306613226    0.5573351111040
0.6673346693387    0.5546644390986
0.6693386773547    0.5519857349970
0.6713426853707    0.5492989987992
0.6733466933868    0.5466042305051
0.6753507014028    0.5439014301147
0.6773547094188    0.5411905976281
0.6793587174349    0.5384717330452
0.6813627254509    0.5357448363661
0.6833667334669    0.5330099075907
0.6853707414830    0.5302669467191
0.6873747494990    0.5275159537512
0.6893787575150    0.5247569286870
0.6913827655311    0.5219898715266
0.6933867735471    0.5192147822700
0.6953907815631    0.5164316609170
0.6973947895792    0.5136405074678
0.6993987975952    0.5108413219224
0.7014028056112    0.5080341042807
0.7034068136273    0.5052188545428
0.7054108216433    0.5023955727085
0.7074148296593    0.4995642587781
0.7094188376754    0.4967249127514
0.7114228456914    0.4938775346284
0.7134268537074    0.4910221244091
0.7154308617234    0.4881586820936
0.7174348697395    0.4852872076819
0.7194388777555    0.4824077011739
0.7214428857715    0.4795201625696
0.7234468937876    0.4766245918691
0.7254509018036    0.4737209890723
0.7274549098196    0.4708093541793
0.7294589178357    0.4678896871900
0.7314629258517    0.4649619881045
0.7334669338677    0.4620262569227
0.7354709418838    0.4590824936446
0.7374749498998    0.4561306982703
0.7394789579158    0.4531708707997
0.7414829659319    0.4502030112329
0.7434869739479    0.4472271195698
0.7454909819639    0.4442431958105
0.7474949899800    0.4412512399549
0.7494989979960    0.4382512520030
0.7515030060120    0.4352432319549
0.7535070140281    0.4322271798105
0.7555110220441    0.4292030955699
0.7575150300601    0.4261709792330
0.7595190380762    0.4231308307999
0.7615230460922    0.4200826502705
0.7635270541082    0.4170264376448
0.7655310621242    0.4139621929229
0.7675350701403    0.4108899161048
0.7695390781563    0.4078096071903
0.7715430861723    0.4047212661797
0.7735470941884    0.4016248930727
0.7755511022044    0.3985204878695
0.7775551102204    0.3954080505701
0.7795591182365    0.3922875811744
0.7815631262525    0.3891590796824
0.7835671342685    0.3860225460942
0.7855711422846    0.3828779804097
0.7875751503006    0.3797253826290
0.7895791583166    0.3765647527520
0.7915831663327    0.3733960907788
0.7935871743487    0.3702193967093
0.7955911823647    0.3670346705435
0.7975951903808    0.3638419122815
0.7995991983968    0.3606411219232
0.8016032064128    0.3574322994687
0.8036072144289    0.3542154449179
0.8056112224449    0.3509905582709
0.8076152304609    0.3477576395276
0.8096192384770    0.3445166886880
0.8116232464930    0.3412677057522
0.8136272545090    0.3380106907201
0.8156312625251    0.3347456435918
0.8176352705411    0.3314725643672
0.8196392785571    0.3281914530464
0.8216432865731    0.3249023096293
0.8236472945892    0.3216051341159
0.8256513026052    0.3182999265063
0.8276553106212    0.3149866868005
0.8296593186373    0.3116654149983
0.8316633266533    0.3083361111000
0.8336673346693    0.3049987751053
0.8356713426854    0.3016534070144
0.8376753507014    0.2983000068273
0.8396793587174    0.2949385745439
0.8416833667335    0.2915691101642
0.8436873747495    0.2881916136883
0.8456913827655    0.2848060851161
0.8476953907816    0.2814125244477
0.8496993987976    0.2780109316830
0.8517034068136    0.2746013068221
0.8537074148297    0.2711836498649
0.8557114228457    0.2677579608114
0.8577154308617    0.2643242396617
0.8597194388778    0.2608824864157
0.8617234468938    0.2574327010735
0.8637274549098    0.2539748836350
0.8657314629259    0.2505090341003
0.8677354709419    0.2470351524693
0.8697394789579    0.2435532387420
0.8717434869739    0.2400632929185
0.8737474949900    0.2365653149987
0.8757515030060    0.2330593049827
0.8777555110220    0.2295452628704
0.8797595190381    0.2260231886619
0.8817635270541    0.2224930823571
0.8837675350701    0.2189549439560
0.8857715430862    0.2154087734587
0.8877755511022    0.2118545708652
0.8897795591182    0.2082923361754
0.8917835671343    0.2047220693893
0.8937875751503    0.2011437705069
0.8957915831663    0.1975574395284
0.8977955911824    0.1939630764535
0.8997995991984    0.1903606812824
0.9018036072144    0.1867502540150
0.9038076152305    0.1831317946514
0.9058116232465    0.1795053031916
0.9078156312625    0.1758707796354
0.9098196392786    0.1722282239830
0.9118236472946    0.1685776362344
0.9138276553106    0.1649190163895
0.9158316633267    0.1612523644483
0.9178356713427    0.1575776804109
0.9198396793587    0.1538949642773
0.9218436873747    0.1502042160473
0.9238476953908    0.1465054357211
0.9258517034068    0.1427986232987
0.9278557114228    0.1390837787800
0.9298597194389    0.1353609021651
0.9318637274549    0.1316299934538
0.9338677354709    0.1278910526464
0.9358717434870    0.1241440797427
0.9378757515030    0.1203890747427
0.9398797595190    0.1166260376464
0.9418837675351    0.1128549684539
0.9438877755511    0.1090758671652
0.9458917835671    0.1052887337802
0.9478957915832    0.1014935682989
0.9498997995992    0.0976903707214
0.9519038076152    0.0938791410476
0.9539078156313    0.0900598792776
0.9559118236473    0.0862325854113
0.9579158316633    0.0823972594488
0.9599198396794    0.0785539013900
0.9619238476954    0.0747025112349
0.9639278557114    0.0708430889836
0.9659318637275    0.0669756346360
0.9679358717435    0.0631001481922
0.9699398797595    0.0592166296521
0.9719438877756    0.0553250790157
0.9739478957916    0.0514254962831
0.9759519038076    0.0475178814543
0.9779559118236    0.0436022345292
0.9799599198397    0.0396785555078
0.9819639278557    0.0357468443902
0.9839679358717    0.0318071011763
0.9859719438878    0.0278593258662
0.9879759519038    0.0239035184598
0.9899799599198    0.0199396789571
0.9919839679359    0.0159678073582
0.9939879759519    0.0119879036630
0.9959919839679    0.0079999678716
0.9979959919840    0.0040039999839
1.0000000000000    0.0000000000000