      0.0000000000      1.0000000000
      0.0020040080      0.9551077674
      0.0040080160      0.9361877672
      0.0060120240      0.9213339853
      0.0080160321      0.9084702874
      0.0100200401      0.8967974881
      0.0120240481      0.8859109872
      0.0140280561      0.8755758638
      0.0160320641      0.8656445587
      0.0180360721      0.8560200938
      0.0200400802      0.8466373413
      0.0220440882      0.8374525405
      0.0240480962      0.8284369901
      0.0260521042      0.8195730241
      0.0280561122      0.8108513133
      0.0300601202      0.8022689774
      0.0320641283      0.7938282103
      0.0340681363      0.7855352440
      0.0360721443      0.7773995402
      0.0380761523      0.7694331409
      0.0400801603      0.7616501323
      0.0420841683      0.7540661893
      0.0440881764      0.7466981811
      0.0460921844      0.7395638236
      0.0480961924      0.7326813661
      0.0501002004      0.7260693073
      0.0521042084      0.7197461340
      0.0541082164      0.7137300797
      0.0561122244      0.7080388996
      0.0581162325      0.7026896613
      0.0601202405      0.6976985484
      0.0621242485      0.6930806785
      0.0641282565      0.6888499322
      0.0661322645      0.6850187954
      0.0681362725      0.6815982137
      0.0701402806      0.6785974588
      0.0721442886      0.6760240070
      0.0741482966      0.6738834306
      0.0761523046      0.6721793021
      0.0781563126      0.6709131106
      0.0801603206      0.6700841920
      0.0821643287      0.6696896722
      0.1823647295      0.6689033956
      0.1843687375      0.6575610012
      0.1863727455      0.6456644202
      0.1883767535      0.6332443247
      0.1903807615      0.6203344246
      0.1923847695      0.6069713581
      0.1943887776      0.5931945659
      0.1963927856      0.5790461504
      0.1983967936      0.5645707216
      0.2004008016      0.5498152282
      0.2024048096      0.5348287758
      0.2044088176      0.5196624328
      0.2064128257      0.5043690247
      0.2084168337      0.4890029167
      0.2104208417      0.4736197876
      0.2124248497      0.4582763934
      0.2144288577      0.4430303235
      0.2164328657      0.4279397498
      0.2184368737      0.4130631698
      0.2204408818      0.3984591446
      0.2224448898      0.3841860338
      0.2244488978      0.3703017272
      0.2264529058      0.3568633760
      0.2284569138      0.3439271231
      0.2304609218      0.3315478350
      0.2324649299      0.3197788364
      0.2344689379      0.3086716477
      0.2364729459      0.2982757282
      0.2384769539      0.2886382245
      0.2404809619      0.2798037272
      0.2424849699      0.2718140351
      0.2444889780      0.2647079302
      0.2464929860      0.2585209626
      0.2484969940      0.2532852472
      0.2505010020      0.2490292744
      0.2525050100      0.2457777338
      0.2545090180      0.2435513527
      0.2565130261      0.2423667514
      0.2585170341      0.2422363136
      0.4108216433      0.2220534503
      0.4128256513      0.1956097232
      0.4148296593      0.1695792166
      0.4168336673      0.1440655544
      0.4188376754      0.1191712206
      0.4208416834      0.0949971229
      0.4228456914      0.0716421595
      0.4248496994      0.0492027904
      0.4268537074      0.0277726149
      0.4288577154      0.0074419582
      0.4308617234     -0.0117025324
      0.4328657315     -0.0295782793
      0.4348697395     -0.0461071527
      0.4368737475     -0.0612158327
      0.4388777555     -0.0748361559
      0.4408817635     -0.0869054413
      0.4428857715     -0.0973667980
      0.4448897796     -0.1061694099
      0.4468937876     -0.1132687983
      0.4488977956     -0.1186270602
      0.4509018036     -0.1222130802
      0.4529058116     -0.1240027173
      0.6192384770     -0.1388080123
      0.6212424850     -0.1726816415
      0.6232464930     -0.2052277885
      0.6252505010     -0.2363123247
      0.6272545090     -0.2658061605
      0.6292585170     -0.2935858002
      0.6312625251     -0.3195338774
      0.6332665331     -0.3435396690
      0.6352705411     -0.3654995854
      0.6372745491     -0.3853176338
      0.6392785571     -0.4029058546
      0.6412825651     -0.4181847266
      0.6432865731     -0.4310835411
      0.6452905812     -0.4415407421
      0.6472945892     -0.4495042311
      0.6492985972     -0.4549316357
      0.6513026052     -0.4577905397
      0.6533066132     -0.4580586747
      0.8236472946     -0.4646881392
      0.8256513026     -0.5042999344
      0.8276553106     -0.5417248440
      0.8296593186     -0.5768071566
      0.8316633267     -0.6093997923
      0.8336673347     -0.6393649351
      0.8356713427     -0.6665746307
      0.8376753507     -0.6909113469
      0.8396793587     -0.7122684956
      0.8416833667     -0.7305509121
      0.8436873747     -0.7456752915
      0.8456913828     -0.7575705791
      0.8476953908     -0.7661783128
      0.8496993988     -0.7714529172
      0.8517034068     -0.7733619465