0 1 
0.64 0.2 
0.32 0.4343145751 
0.96 0.02020410289 
0.16 0.6 
0.48 0.307179677 
0.8 0.105572809 
0.08 0.7171572875 
0.24 0.5101020514 
0.4 0.367544468 
0.56 0.2516685226 
0.72 0.1514718626 
0.88 0.06191684804 
0.04 0.8 
0.12 0.6535898385 
0.2 0.5527864045 
0.28 0.4708497378 
0.36 0.4 
0.44 0.3366750419 
0.52 0.2788897449 
0.6 0.2254033308 
0.68 0.1753788749 
0.76 0.1282202113 
0.84 0.08348486101 
0.92 0.04083369534 
0.02 0.8585786438 
0.06 0.7550510257 
0.1 0.683772234 
0.14 0.6258342613 
0.18 0.5757359313 
0.22 0.530958424 
0.26 0.4900980486 
0.3 0.4522774425 
0.34 0.4169048105 
0.38 0.3835585997 
0.42 0.3519259302 
0.46 0.3217670017 
0.5 0.2928932188 
0.54 0.2651530772 
0.58 0.2384226894 
0.62 0.2125992126 
0.66 0.1875961595 
0.7 0.1633399735 
0.74 0.1397674733 
0.78 0.1168239134 
0.82 0.09446148619 
0.86 0.07263815045 
0.9 0.05131670195 
0.94 0.03046402852 
0.98 0.01005050634 
0.01 0.9 
0.03 0.8267949192 
0.05 0.7763932023 
0.07 0.7354248689 
0.09 0.7 
0.11 0.668337521 
0.13 0.6394448725 
0.15 0.6127016654 
0.17 0.5876894374 
0.19 0.5641101056 
0.21 0.5417424305 
0.23 0.5204168477 
0.25 0.5 
0.27 0.4803847577 
0.29 0.4614835193 
0.31 0.4432235637 
0.33 0.4255437353 
0.35 0.4083920217 
0.37 0.391723747 
0.39 0.3755002002 
0.41 0.3596875763 
0.43 0.3442561476 
0.45 0.3291796068 
0.47 0.31443454 
0.49 0.3 
0.51 0.2858571571 
0.53 0.2719890111 
0.55 0.2583801513 
0.57 0.2450165565 
0.59 0.2318854252 
0.61 0.2189750324 
0.63 0.2062746067 
0.65 0.1937742252 
0.67 0.1814647228 
0.69 0.1693376137 
0.71 0.1573850227 
0.73 0.1455996255 
0.75 0.1339745962 
0.77 0.1225035613 
0.79 0.1111805583 
0.81 0.1 
0.83 0.08895664209 
0.85 0.07804555427 
0.87 0.06726209469 
0.89 0.05660188679 
0.91 0.04606079858 
0.93 0.0356349239 
0.95 0.02532056552 
0.97 0.01511421982 
0.99 0.005012562893 
0.005 0.9292893219 
0.015 0.8775255129 
0.025 0.841886117 
0.035 0.8129171307 
0.045 0.7878679656 
0.055 0.765479212 
0.065 0.7450490243 
0.075 0.7261387212 
0.085 0.7084524053 
0.095 0.6917792999 
0.105 0.6759629651 
0.115 0.6608835008 
0.125 0.6464466094 
0.135 0.6325765386 
0.145 0.6192113447 
0.155 0.6062996063 
0.165 0.5937980798 
0.175 0.5816699867 
0.185 0.5698837366 
0.195 0.5584119567 
0.205 0.5472307431 
0.215 0.5363190752 
0.225 0.525658351 
0.235 0.5152320143 
0.245 0.5050252532 
0.255 0.4950247531 
0.265 0.485218493 
0.275 0.4755955759 
0.285 0.4661460874 
0.295 0.4568609754 
0.305 0.4477319491 
0.315 0.438751392 
0.325 0.4299122875 
0.335 0.4212081549 
0.345 0.4126329938 
0.355 0.4041812356 
0.365 0.3958477013 
0.375 0.3876275643 
0.385 0.3795163177 
0.395 0.3715097455 
0.405 0.3636038969 
0.415 0.3557950637 
0.425 0.3480797595 
0.435 0.3404547021 
0.445 0.3329167968 
0.455 0.3254631218 
0.465 0.3180909152 
0.475 0.3107975624 
0.485 0.3035805861 
0.495 0.296437636 
0.505 0.2893664798 
0.515 0.2823649953 
0.525 0.2754311627 
0.535 0.2685630581 
0.545 0.261758847 
0.555 0.2550167787 
0.565 0.2483351811 
0.575 0.2417124556 
0.585 0.235147073 
0.595 0.228637569 
0.605 0.2221825407 
0.615 0.2157806429 
0.625 0.209430585 
0.635 0.2031311275 
0.645 0.1968810798 
0.655 0.1906792972 
0.665 0.1845246785 
0.675 0.1784161637 
0.685 0.1723527321 
0.695 0.1663334 
0.705 0.1603572188 
0.715 0.1544232737 
0.725 0.1485306817 
0.735 0.14267859 
0.745 0.1368661749 
0.755 0.1310926402 
0.765 0.1253572158 
0.775 0.1196591569 
0.785 0.1139977427 
0.795 0.108372275 
0.805 0.1027820778 
0.815 0.09722649574 
0.825 0.09170489377 
0.835 0.08621665588 
0.845 0.08076118446 
0.855 0.07533789955 
0.865 0.06994623811 
0.875 0.06458565331 
0.885 0.05925561389 
0.895 0.05395560358 
0.905 0.04868512048 
0.915 0.04344367651 
0.925 0.03823079692 
0.935 0.03304601971 
0.945 0.02788889524 
0.955 0.02275898572 
0.965 0.01765586478 
0.975 0.01257911709 
0.985 0.007528337936 
0.995 0.002503132837 
