0.280787	0.921159
0.280809	0.921146
0.280936	0.921075
0.281001	0.921038
0.281256	0.920895
0.281363	0.920835
0.281746	0.920619
0.281896	0.920535
0.282406	0.920247
0.282598	0.920139
0.283236	0.919777
0.283469	0.919646
0.284236	0.91921
0.284508	0.919055
0.285404	0.918545
0.285715	0.918367
0.286741	0.91778
0.287089	0.91758
0.288244	0.916915
0.288629	0.916693
0.289915	0.915949
0.290334	0.915706
0.291751	0.914881
0.292203	0.914617
0.293752	0.91371
0.294234	0.913426
0.295916	0.912434
0.296427	0.912131
0.298242	0.911052
0.298779	0.910731
0.300728	0.909563
0.301289	0.909225
0.303374	0.907964
0.303956	0.907611
0.306177	0.906256
0.306777	0.905888
0.309136	0.904435
0.309752	0.904054
0.312249	0.902501
0.312878	0.902107
0.315514	0.900451
0.316153	0.900047
0.31893	0.898284
0.319575	0.897872
0.322494	0.895998
0.323142	0.89558
0.326203	0.893591
0.326851	0.893168
0.330057	0.891063
0.330701	0.890637
0.334052	0.888409
0.334688	0.887984
0.338186	0.88563
0.338811	0.885207
0.342456	0.882724
0.343067	0.882305
0.346861	0.879687
0.347453	0.879277
0.351397	0.87652
0.351966	0.87612
0.356062	0.87322
0.356604	0.872833
0.360852	0.869786
0.361364	0.869416
0.365766	0.866215
0.366243	0.865866
0.3708	0.862508
0.371238	0.862182
0.375951	0.858661
0.376346	0.858363
0.381215	0.854675
0.381564	0.854409
0.386591	0.850547
0.386889	0.850317
0.392075	0.846277
0.392318	0.846086
0.397664	0.841864
0.397847	0.841718
0.403353	0.837306
0.403474	0.837209
0.409141	0.832604
0.409194	0.83256
0.415005	0.827771
0.415023	0.827756
0.420904	0.82284
0.420997	0.822761
0.426886	0.817768
0.427059	0.817621
0.432949	0.812555
0.433205	0.812334
0.439089	0.807201
0.439432	0.8069
0.445302	0.801706
0.445736	0.801319
0.451586	0.79607
0.452114	0.795593
0.457936	0.790295
0.458562	0.78972
0.464349	0.78438
0.465077	0.783703
0.470822	0.778327
0.471655	0.777541
0.477351	0.772136
0.478293	0.771236
0.483932	0.76581
0.484986	0.764789
0.490562	0.759348
0.491731	0.758201
0.497238	0.752754
0.498524	0.751474
0.503956	0.746028
0.505362	0.744609
0.510712	0.739173
0.512242	0.737609
0.517503	0.73219
0.519158	0.730475
0.524326	0.725083
0.526109	0.723209
0.531176	0.717852
0.53309	0.715815
0.538051	0.710502
0.540097	0.708295
0.544946	0.703034
0.547127	0.700652
0.551859	0.695451
0.554176	0.692888
0.558787	0.687757
0.561242	0.685008
0.565725	0.679955
0.568319	0.677013
0.57267	0.672049
0.575405	0.668909
0.57962	0.664041
0.582497	0.660698
0.586571	0.655935
0.58959	0.652384
0.593519	0.647736
0.596681	0.643972
0.600461	0.639446
0.603768	0.635465
0.607395	0.631071
0.610846	0.626868
0.614317	0.622615
0.617912	0.618185
0.621224	0.614081
0.624963	0.609421
0.628113	0.605474
0.630744	0.602162
0.630755	0.602148
0.63082	0.602066
0.630854	0.602024
0.630984	0.601859
0.63104	0.601789
0.631236	0.601541
0.631313	0.601444
0.631575	0.601113
0.631673	0.600989
0.631997	0.60058
0.632001	0.600575
0.632121	0.600424
0.632514	0.599926
0.632654	0.599749
0.633114	0.599166
0.633274	0.598964
0.6338	0.598297
0.63398	0.59807
0.634573	0.597318
0.63477	0.597067
0.634981	0.596799
0.63543	0.596228
0.635646	0.595955
0.636373	0.59503
0.636605	0.594734
0.6374	0.593721
0.637648	0.593405
0.638511	0.592304
0.638773	0.591969
0.639009	0.591668
0.639705	0.590777
0.639981	0.590424
0.640982	0.589142
0.64127	0.588773
0.641826	0.58806
0.64234	0.587399
0.642639	0.587015
0.643779	0.585548
0.644088	0.585151
0.645299	0.58359
0.645615	0.583181
0.645996	0.582689
0.646897	0.581524
0.64722	0.581107
0.648573	0.579353
0.648643	0.579262
0.648901	0.578927
0.650327	0.577075
0.650658	0.576644
0.652157	0.574692
0.652489	0.574258
0.652957	0.573648
0.654061	0.572204
0.654394	0.571769
0.655432	0.570409
0.65604	0.569612
0.65637	0.569178
0.658091	0.566917
0.658417	0.566486
0.659886	0.56455
0.660213	0.564118
0.660534	0.563695
0.662188	0.561508
0.662406	0.561218
0.662719	0.560803
0.664667	0.558217
0.664971	0.557814
0.666783	0.555401
0.666996	0.555116
0.667288	0.554726
0.668909	0.552561
0.669391	0.551916
0.66967	0.551543
0.671851	0.548617
0.672113	0.548264
0.673643	0.546205
0.674373	0.545221
0.674618	0.54489
0.675592	0.543575
0.676958	0.541728
0.677183	0.541423
0.679602	0.538141
0.679806	0.537864
0.680464	0.536969
0.682236	0.534554
0.682305	0.534459
0.682485	0.534215
0.685066	0.530685
0.685219	0.530476
0.687243	0.527697
0.687881	0.52682
0.688006	0.526648
0.688837	0.525504
0.69075	0.522864
0.690844	0.522734
0.693671	0.51882
0.693733	0.518734
0.693978	0.518395
0.695393	0.516429
0.696643	0.514689
0.69667	0.514651
0.699654	0.510485
0.699663	0.510472
0.700666	0.509068
0.701901	0.507335
0.702682	0.506238
0.70273	0.50617
0.705753	0.501912
0.705842	0.501787
0.707304	0.499722
0.70836	0.498226
0.708866	0.497509
0.708998	0.497322
0.712018	0.49303
0.712195	0.492779
0.713889	0.490362
0.714767	0.489108
0.715209	0.488477
0.715431	0.488158
0.718435	0.483852
0.718706	0.483462
0.720421	0.480994
0.72112	0.479987
0.721695	0.479156
0.722017	0.478692
0.724988	0.474393
0.725362	0.473851
0.726895	0.471623
0.727416	0.470866
0.728311	0.469563
0.728739	0.46894
0.731663	0.464669
0.732146	0.463962
0.733311	0.462255
0.733654	0.461751
0.735042	0.459713
0.735583	0.458918
0.738446	0.454697
0.739046	0.453811
0.739665	0.452896
0.739832	0.452648
0.741874	0.449624
0.742534	0.448644
0.745323	0.444494
0.745948	0.443561
0.745956	0.44355
0.746045	0.443418
0.748791	0.439312
0.749577	0.438135
0.752001	0.434495
0.752181	0.434224
0.752278	0.434078
0.753128	0.432799
0.755781	0.428796
0.756696	0.427411
0.757987	0.425455
0.758339	0.424922
0.759298	0.423467
0.76028	0.421974
0.762827	0.418095
0.763878	0.416491
0.763906	0.416447
0.764427	0.415651
0.766368	0.412681
0.767487	0.410963
0.769757	0.407474
0.769917	0.407228
0.770445	0.406415
0.771107	0.405395
0.773474	0.401739
0.774734	0.399787
0.775537	0.398543
0.77639	0.397219
0.777036	0.396216
0.778368	0.394144
0.780602	0.390661
0.781245	0.389656
0.782006	0.388467
0.78226	0.388069
0.78417	0.385078
0.785647	0.382759
0.78688	0.38082
0.787738	0.379468
0.788054	0.37897
0.789288	0.377024
0.791306	0.373836
0.792441	0.372038
0.792929	0.371263
0.793771	0.369927
0.79487	0.368182
0.796568	0.36548
0.797926	0.363315
0.79843	0.36251
0.79941	0.360944
0.800202	0.359678
0.801984	0.356822
0.803334	0.354655
0.80383	0.353858
0.804968	0.352027
0.80553	0.351122
0.80745	0.348025
0.808664	0.346063
0.809067	0.345411
0.810418	0.343223
0.810423	0.343214
0.810444	0.34318
0.810457	0.34316
0.810474	0.343132
0.810541	0.343023
0.810569	0.342977
0.81067	0.342814
0.81071	0.34275
0.810844	0.342532
0.810895	0.34245
0.811061	0.34218
0.811063	0.342177
0.811124	0.342077
0.811327	0.341749
0.811398	0.341633
0.811635	0.341249
0.811717	0.341116
0.811987	0.340677
0.812079	0.340528
0.812383	0.340033
0.812485	0.339869
0.812593	0.339692
0.812824	0.339318
0.812934	0.339138
0.813308	0.338531
0.813427	0.338337
0.813835	0.337673
0.813915	0.337542
0.813962	0.337466
0.814405	0.336744
0.81454	0.336524
0.814661	0.336328
0.815018	0.335745
0.81516	0.335514
0.815674	0.334676
0.815822	0.334435
0.815838	0.334408
0.816107	0.333969
0.816371	0.333538
0.816525	0.333287
0.81711	0.332331
0.817269	0.332072
0.81789	0.331056
0.818053	0.33079
0.818248	0.330469
0.818711	0.329713
0.818877	0.329441
0.819086	0.329097
0.819572	0.328302
0.819607	0.328244
0.81974	0.328027
0.820472	0.326826
0.820642	0.326547
0.821149	0.325714
0.821411	0.325284
0.821582	0.325003
0.821822	0.324609
0.822389	0.323676
0.82256	0.323395
0.823093	0.322518
0.823405	0.322004
0.823575	0.321725
0.824177	0.320732
0.824458	0.320269
0.824626	0.319992
0.82538	0.318748
0.825548	0.318471
0.825712	0.318199
0.826375	0.317104
0.826561	0.316796
0.826673	0.316611
0.826834	0.316345
0.827834	0.31469
0.82799	0.314432
0.82892	0.312891
0.82903	0.312709
0.82918	0.31246
0.829187	0.31245
0.830012	0.31108
0.83026	0.310669
0.830403	0.310431
0.831516	0.308582
0.831523	0.30857
0.831657	0.308346
0.832443	0.307039
0.832818	0.306415
0.832944	0.306205
0.833444	0.305372
0.834114	0.304254
0.834145	0.304203
0.83426	0.30401
0.835502	0.301936
0.835607	0.301761
0.835945	0.301197
0.83657	0.300151
0.836854	0.299675
0.83689	0.299615
0.836982	0.299461
0.838307	0.297241
0.838386	0.297109
0.838958	0.296149
0.839425	0.295365
0.839753	0.294815
0.839817	0.294708
0.840243	0.293991
0.841226	0.292339
0.841274	0.292258
0.841537	0.291816
0.842726	0.289814
0.842757	0.28976
0.842883	0.289548
0.843609	0.288323
0.84372	0.288137
0.844251	0.28724
0.844265	0.287216
0.845797	0.284627
0.845802	0.284619
0.846317	0.283748
0.846416	0.283579
0.846951	0.282674
0.847352	0.281995
0.847377	0.281953
0.848397	0.280222
0.848929	0.27932
0.848974	0.279243
0.849725	0.277968
0.850267	0.277046
0.850527	0.276604
0.850594	0.276489
0.851208	0.275445
0.852145	0.273848
0.852236	0.273694
0.85299	0.272408
0.853106	0.27221
0.853556	0.271441
0.853783	0.271054
0.853898	0.270859
0.85544	0.268223
0.855579	0.267985
0.85591	0.267418
0.856459	0.266477
0.856818	0.265863
0.857113	0.265357
0.857279	0.265073
0.857499	0.264696
0.858804	0.262456
0.858996	0.262126
0.859783	0.260772
0.860051	0.260313
0.86051	0.259522
0.860523	0.2595
0.86073	0.259144
0.861923	0.257089
0.862231	0.256557
0.862479	0.256129
0.863077	0.255098
0.863254	0.254793
0.863966	0.253563
0.864244	0.253083
0.865047	0.251694
0.865714	0.25054
0.866022	0.250007
0.866261	0.249591
0.86634	0.249456
0.866426	0.249307
0.867473	0.24749
0.867812	0.246902
0.869244	0.244414
0.869481	0.244003
0.869566	0.243856
0.869569	0.243849
0.869615	0.24377
0.870515	0.242204
0.871025	0.241315
0.871428	0.240613
0.872673	0.238442
0.872765	0.238281
0.872815	0.238194
0.873252	0.237432
0.873824	0.236431
0.874614	0.235051
0.874683	0.234929
0.875084	0.234229
0.875746	0.233068
0.875927	0.232752
0.876419	0.231889
0.876924	0.231005
0.878078	0.228979
0.878231	0.22871
0.878766	0.22777
0.878771	0.227762
0.878786	0.227736
0.879053	0.227266
0.880049	0.225514
0.880624	0.224501
0.881789	0.222448
0.881871	0.222303
0.882142	0.221825
0.882241	0.221651
0.882482	0.221225
0.882764	0.220728
0.883697	0.219079
0.884345	0.217935
0.884757	0.217205
0.885195	0.21643
0.885526	0.215843
0.88621	0.214632
0.886314	0.214447
0.886677	0.213804
0.887357	0.212597
0.887687	0.212011
0.888078	0.211317
0.888209	0.211086
0.889189	0.209343
0.889947	0.207994
0.890297	0.207371
0.890504	0.207002
0.890581	0.206866
0.891021	0.206081
0.891184	0.205792
0.891817	0.204662
0.892853	0.202814
0.893435	0.201773
0.893686	0.201325
0.894119	0.200552
0.89419	0.200425
0.894247	0.200322
0.894683	0.199543
0.895554	0.197983
0.896252	0.196733
0.89651	0.196269
0.897013	0.195367
0.89742	0.194637
0.897906	0.193765
0.897993	0.193609
0.898335	0.192994
0.899028	0.191749
0.899283	0.191291
0.899867	0.190239
0.900156	0.18972
0.901141	0.187944
0.90148	0.187334
0.901706	0.186926
0.901765	0.18682
0.901972	0.186447
0.902665	0.185196
0.902668	0.18519
0.902679	0.185171
0.902685	0.185159
0.902694	0.185143
0.902729	0.185081
0.902743	0.185055
0.902795	0.184961
0.902815	0.184925
0.902884	0.1848
0.90291	0.184753
0.902995	0.184599
0.902997	0.184597
0.903028	0.18454
0.903132	0.184353
0.903169	0.184286
0.90329	0.184067
0.903332	0.183991
0.903471	0.18374
0.903518	0.183655
0.903674	0.183373
0.903726	0.183278
0.903782	0.183178
0.9039	0.182964
0.903957	0.182861
0.904149	0.182515
0.90421	0.182404
0.90442	0.182025
0.904461	0.181951
0.904485	0.181907
0.904713	0.181495
0.904782	0.18137
0.904844	0.181258
0.90497	0.181028
0.905027	0.180926
0.9051	0.180794
0.905331	0.180376
0.905364	0.180316
0.90544	0.180179
0.905448	0.180163
0.905586	0.179914
0.905722	0.179668
0.905801	0.179525
0.906101	0.178981
0.906183	0.178833
0.906502	0.178255
0.906585	0.178103
0.906686	0.177921
0.906923	0.177491
0.907008	0.177336
0.907116	0.177141
0.907365	0.176689
0.907383	0.176655
0.907451	0.176532
0.907827	0.17585
0.907914	0.175691
0.908175	0.175219
0.908309	0.174974
0.908378	0.17485
0.908397	0.174815
0.90852	0.174591
0.908812	0.174062
0.908866	0.173962
0.908899	0.173902
0.909173	0.173405
0.909333	0.173113
0.90942	0.172955
0.90973	0.172392
0.909874	0.17213
0.90996	0.171973
0.910347	0.171268
0.910433	0.171111
0.910518	0.170957
0.910858	0.170338
0.910954	0.170163
0.911011	0.170059
0.911094	0.169908
0.911607	0.168972
0.911687	0.168826
0.911702	0.168799
0.912165	0.167955
0.912221	0.167853
0.912298	0.167712
0.912301	0.167706
0.912313	0.167684
0.912725	0.166933
0.912852	0.1667
0.912926	0.166566
0.913497	0.165523
0.913501	0.165516
0.91357	0.16539
0.913973	0.164653
0.914166	0.164301
0.91423	0.164183
0.914487	0.163713
0.914831	0.163084
0.914847	0.163055
0.914906	0.162946
0.914944	0.162877
0.915544	0.161779
0.915598	0.161681
0.915673	0.161543
0.915771	0.161363
0.916092	0.160775
0.916238	0.160507
0.916257	0.160474
0.916304	0.160387
0.916984	0.15914
0.917025	0.159066
0.917318	0.158527
0.917558	0.158087
0.917726	0.157778
0.917759	0.157718
0.917978	0.157316
0.918105	0.157083
0.918483	0.15639
0.918507	0.156344
0.918642	0.156096
0.918945	0.155539
0.919253	0.154975
0.919269	0.154945
0.919333	0.154826
0.919706	0.15414
0.919763	0.154036
0.920036	0.153534
0.920043	0.153521
0.92083	0.152073
0.920832	0.152068
0.921096	0.151582
0.921148	0.151487
0.921184	0.151419
0.921422	0.150981
0.921628	0.150602
0.92164	0.150579
0.922131	0.149674
0.922164	0.149613
0.922437	0.149109
0.922461	0.149066
0.922846	0.148355
0.923125	0.147841
0.923258	0.147595
0.923293	0.147531
0.923607	0.146949
0.924089	0.14606
0.924135	0.145974
0.924184	0.145885
0.924523	0.145258
0.924582	0.145148
0.924813	0.14472
0.92493	0.144505
0.924989	0.144396
0.925231	0.143947
0.92578	0.142931
0.925852	0.142799
0.926022	0.142484
0.926304	0.141961
0.926488	0.14162
0.92664	0.141339
0.926724	0.141182
0.926837	0.140972
0.927103	0.140479
0.927508	0.13973
0.927606	0.139547
0.92801	0.138797
0.928148	0.138542
0.928246	0.138359
0.928384	0.138104
0.92839	0.138091
0.928496	0.137895
0.929109	0.136757
0.929267	0.136463
0.929395	0.136226
0.929701	0.135655
0.929792	0.135487
0.929944	0.135204
0.930158	0.134806
0.9303	0.134541
0.930713	0.133774
0.931055	0.133136
0.931177	0.13291
0.931213	0.132842
0.931336	0.132613
0.931376	0.132538
0.931421	0.132456
0.931959	0.131453
0.932133	0.131129
0.932707	0.130058
0.932868	0.129758
0.932989	0.129531
0.933033	0.12945
0.933035	0.129446
0.933058	0.129403
0.93352	0.12854
0.933782	0.128051
0.933989	0.127664
0.934024	0.1276
0.934628	0.12647
0.934676	0.126382
0.934701	0.126334
0.934925	0.125915
0.935219	0.125365
0.935393	0.125041
0.935624	0.124607
0.93566	0.12454
0.935866	0.124155
0.936206	0.123518
0.936299	0.123345
0.936552	0.122871
0.936788	0.122427
0.936811	0.122386
0.937403	0.121275
0.937482	0.121128
0.937757	0.120613
0.937759	0.120608
0.937766	0.120594
0.937904	0.120337
0.938002	0.120152
0.938415	0.119377
0.93871	0.118823
0.939309	0.117699
0.939351	0.11762
0.939472	0.117393
0.93949	0.117359
0.939541	0.117263
0.939664	0.117031
0.939809	0.116759
0.940288	0.115858
0.940536	0.115392
0.940621	0.115233
0.940832	0.114835
0.941057	0.114412
0.941227	0.114091
0.941578	0.11343
0.941632	0.11333
0.941818	0.112979
0.942074	0.112497
0.942167	0.112321
0.942337	0.112001
0.942537	0.111623
0.942604	0.111497
0.942996	0.110759
0.943108	0.110548
0.943497	0.109813
0.943677	0.109474
0.943783	0.109274
0.943822	0.1092
0.944048	0.108773
0.944132	0.108615
0.944457	0.108001
0.944597	0.107737
0.944989	0.106996
0.945288	0.106431
0.945382	0.106252
0.945417	0.106187
0.945639	0.105767
0.945675	0.105698
0.945705	0.105643
0.945928	0.10522
0.946376	0.104373
0.946734	0.103695
0.946867	0.103443
0.947041	0.103113
0.947125	0.102954
0.947334	0.102559
0.947583	0.102086
0.947628	0.102002
0.947696	0.101872
0.947803	0.101669
0.948159	0.100994
0.94829	0.100746
0.94859	0.100177
0.948738	0.0998958
0.949244	0.0989352
0.949408	0.0986243
0.949418	0.0986052
0.949534	0.0983846
0.949564	0.0983276
0.949671	0.0981258
0.949939	0.097616
0.950027	0.0974494
0.950028	0.0974466
0.950034	0.0974361
0.950037	0.0974298
0.950041	0.0974212
0.950059	0.0973876
0.950067	0.0973734
0.950093	0.0973229
0.950104	0.0973031
0.950139	0.0972357
0.950152	0.0972104
0.950196	0.0971272
0.950197	0.0971261
0.950213	0.0970954
0.950266	0.0969941
0.950285	0.0969581
0.950347	0.0968398
0.950369	0.0967987
0.95044	0.0966633
0.950465	0.0966172
0.950545	0.0964646
0.950572	0.0964138
0.9506	0.0963595
0.950661	0.096244
0.95069	0.0961886
0.950788	0.0960014
0.95082	0.0959417
0.950927	0.095737
0.950949	0.0956969
0.950961	0.0956733
0.951078	0.095451
0.951113	0.0953835
0.951145	0.0953229
0.95121	0.0951991
0.951239	0.0951436
0.951277	0.0950726
0.951395	0.0948473
0.951412	0.0948149
0.951451	0.0947407
0.951456	0.0947324
0.951526	0.0945976
0.951596	0.0944651
0.951636	0.0943881
0.951699	0.0942695
0.951791	0.0940943
0.951833	0.0940149
0.951996	0.0937029
0.952039	0.0936214
0.952091	0.0935231
0.952111	0.0934838
0.952213	0.093291
0.952256	0.0932078
0.952312	0.0931024
0.95244	0.0928589
0.952449	0.0928408
0.952484	0.0927743
0.952677	0.0924067
0.952722	0.0923214
0.952855	0.0920666
0.952925	0.0919349
0.95296	0.0918681
0.95297	0.0918491
0.953033	0.0917285
0.953182	0.0914435
0.95321	0.09139
0.953227	0.0913578
0.953368	0.09109
0.95345	0.090933
0.953495	0.0908477
0.953654	0.0905448
0.953728	0.0904036
0.953772	0.0903193
0.953914	0.0900476
0.953971	0.0899401
0.954015	0.0898556
0.954058	0.0897727
0.954215	0.0894741
0.954233	0.0894395
0.954282	0.0893457
0.954312	0.0892894
0.954354	0.0892084
0.954618	0.0887051
0.954659	0.0886267
0.954666	0.0886121
0.954904	0.0881585
0.954933	0.0881033
0.954972	0.0880278
0.954974	0.0880245
0.95498	0.0880128
0.955192	0.0876089
0.955257	0.0874842
0.955295	0.0874122
0.955588	0.0868516
0.95559	0.0868481
0.955625	0.0867801
0.955832	0.0863845
0.955931	0.0861955
0.955964	0.0861321
0.956056	0.0859571
0.956096	0.08588
0.95625	0.0855855
0.956273	0.0855422
0.956281	0.0855267
0.956311	0.0854684
0.956331	0.0854311
0.956639	0.084842
0.956666	0.0847894
0.956705	0.0847154
0.956755	0.084619
0.95692	0.0843036
0.956995	0.08416
0.957005	0.084142
0.957029	0.0840956
0.957378	0.0834269
0.957399	0.0833872
0.95755	0.0830982
0.957673	0.0828625
0.957759	0.0826972
0.957776	0.0826648
0.957889	0.0824493
0.957954	0.0823248
0.958125	0.0819968
0.958148	0.0819532
0.95816	0.0819287
0.958219	0.0818168
0.95823	0.081796
0.958385	0.0814979
0.958543	0.0811955
0.958551	0.0811794
0.958584	0.0811159
0.958776	0.0807488
0.958805	0.0806931
0.958945	0.0804243
0.958949	0.0804173
0.959353	0.0796427
0.959354	0.0796403
0.959489	0.0793799
0.959516	0.0793294
0.959535	0.0792931
0.959657	0.079059
0.959762	0.0788562
0.959769	0.0788437
0.960021	0.0783601
0.960038	0.0783273
0.960122	0.0781664
0.960122	0.078165
0.960178	0.0780581
0.96019	0.078035
0.960388	0.0776552
0.960531	0.0773806
0.960599	0.0772489
0.960617	0.0772147
0.960779	0.0769041
0.961026	0.0764291
0.96105	0.0763833
0.961075	0.0763356
0.961249	0.076001
0.961279	0.0759424
0.961398	0.0757141
0.961458	0.0755992
0.961488	0.0755412
0.961612	0.0753016
0.961894	0.0747594
0.961931	0.0746888
0.96196	0.0746329
0.962018	0.0745207
0.96205	0.0744602
0.962163	0.0742422
0.962258	0.0740603
0.962336	0.0739104
0.962379	0.0738266
0.962437	0.0737148
0.962574	0.0734521
0.962781	0.0730525
0.962832	0.0729551
0.963039	0.0725553
0.96311	0.0724196
0.96316	0.0723223
0.963231	0.0721863
0.963234	0.0721796
0.963289	0.0720747
0.963603	0.0714688
0.963685	0.0713121
0.963735	0.0712145
0.96375	0.071186
0.963908	0.0708823
0.963908	0.0708806
0.963954	0.0707926
0.964032	0.0706421
0.964142	0.0704305
0.964215	0.0702894
0.964427	0.069881
0.964603	0.069542
0.964665	0.0694216
0.964684	0.0693854
0.964747	0.0692634
0.964767	0.0692237
0.96479	0.06918
0.965066	0.0686469
0.965156	0.0684744
0.965448	0.0679097
0.965451	0.0679052
0.965533	0.0677457
0.965595	0.0676253
0.965618	0.0675821
0.965619	0.0675803
0.965631	0.067557
0.965699	0.0674245
0.965868	0.0670987
0.966003	0.066839
0.966109	0.0666337
0.966127	0.0665992
0.966437	0.0659997
0.966461	0.0659525
0.966474	0.0659271
0.966589	0.0657048
0.96674	0.0654128
0.966829	0.0652408
0.966948	0.0650106
0.966967	0.064975
0.967072	0.0647709
0.9671	0.0647166
0.967247	0.064433
0.967295	0.064341
0.967424	0.0640899
0.967424	0.06409
0.967546	0.0638545
0.967557	0.0638326
0.967862	0.0632438
0.967902	0.0631654
0.968043	0.0628924
0.968044	0.0628902
0.968048	0.0628827
0.968119	0.0627462
0.968169	0.0626484
0.968381	0.0622377
0.968533	0.0619442
0.968693	0.0616336
0.96884	0.0613491
0.968862	0.0613071
0.968924	0.061187
0.968933	0.0611687
0.968959	0.0611183
0.969023	0.0609951
0.969085	0.0608751
0.969097	0.0608511
0.969343	0.0603742
0.96947	0.0601275
0.969514	0.0600435
0.969622	0.0598328
0.969738	0.0596089
0.969825	0.0594393
0.970005	0.0590897
0.970033	0.0590365
0.970128	0.0588511
0.970228	0.0586586
0.97026	0.058596
0.970308	0.058503
0.970395	0.058334
0.970498	0.0581342
0.970532	0.0580674
0.970681	0.0577778
0.970733	0.0576773
0.970791	0.0575657
0.97099	0.0571776
0.971083	0.0569986
0.971137	0.0568924
0.971157	0.0568534
0.971273	0.0566278
0.971316	0.0565447
0.971483	0.0562202
0.971555	0.0560808
0.971705	0.0557898
0.971756	0.0556897
0.97191	0.0553912
0.971958	0.0552971
0.971976	0.0552626
0.97209	0.055041
0.972109	0.0550046
0.972124	0.0549752
0.972216	0.0547959
0.972239	0.054752
0.972468	0.0543052
0.972652	0.0539477
0.97272	0.0538149
0.97281	0.0536407
0.972853	0.053557
0.97296	0.0533484
0.973088	0.0530993
0.973111	0.0530546
0.973126	0.0530252
0.973146	0.0529862
0.973201	0.052879
0.973384	0.0525234
0.973451	0.0523927
0.973605	0.0520928
0.973681	0.0519447
0.97369	0.0519274
0.973941	0.0514386
0.974025	0.0512748
0.97403	0.0512648
0.97409	0.0511486
0.974105	0.0511186
0.97416	0.0510123
0.974298	0.0507438
0.974343	0.0506561
0.974344	0.0506546
0.974346	0.0506491
0.974348	0.0506457
0.97435	0.0506412
0.97436	0.0506235
0.974363	0.050616
0.974377	0.0505895
0.974382	0.050579
0.974401	0.0505436
0.974407	0.0505302
0.97443	0.0504858
0.97443	0.0504864
0.974438	0.0504697
0.974466	0.0504164
0.974476	0.0503974
0.974493	0.0503628
0.974508	0.0503351
0.974519	0.0503135
0.974555	0.0502422
0.974568	0.0502179
0.974609	0.0501376
0.974623	0.0501108
0.974637	0.0500823
0.974668	0.0500214
0.974683	0.0499923
0.974734	0.0498938
0.97475	0.0498623
0.974805	0.0497546
0.974816	0.0497335
0.974823	0.0497211
0.974882	0.0496041
0.974901	0.0495686
0.974917	0.0495367
0.97495	0.0494715
0.974965	0.0494423
0.974985	0.049405
0.975045	0.0492864
0.975054	0.0492694
0.975074	0.0492303
0.975076	0.0492259
0.975105	0.04917
0.975113	0.049155
0.975149	0.0490853
0.975169	0.0490448
0.975201	0.0489824
0.975249	0.0488902
0.97527	0.0488485
0.975354	0.0486843
0.975376	0.0486415
0.975403	0.0485898
0.975413	0.0485691
0.975465	0.0484677
0.975488	0.0484239
0.975516	0.0483685
0.975582	0.0482404
0.975587	0.0482309
0.975604	0.048196
0.975704	0.0480027
0.975727	0.0479578
0.975795	0.0478238
0.975807	0.0478006
0.975831	0.0477546
0.975849	0.0477195
0.975854	0.0477094
0.975886	0.0476461
0.975963	0.0474963
0.975977	0.0474681
0.975986	0.0474512
0.976058	0.0473104
0.9761	0.0472279
0.976123	0.0471831
0.976205	0.0470238
0.976243	0.0469497
0.976266	0.0469053
0.976339	0.0467626
0.976368	0.0467061
0.97639	0.0466617
0.976413	0.0466181
0.976462	0.0465213
0.976493	0.0464612
0.976502	0.046443
0.976528	0.0463938
0.976543	0.0463642
0.976565	0.0463216
0.9767	0.0460573
0.976721	0.046016
0.976725	0.0460084
0.976847	0.0457701
0.976862	0.0457411
0.976882	0.0457015
0.976883	0.0456998
0.976886	0.0456936
0.976995	0.0454815
0.977028	0.045416
0.977048	0.0453782
0.977069	0.0453364
0.977198	0.0450839
0.977199	0.045082
0.977217	0.0450463
0.977324	0.0448386
0.977374	0.0447394
0.977391	0.0447061
0.977438	0.0446143
0.977459	0.0445738
0.977538	0.0444193
0.97755	0.0443965
0.977554	0.0443884
0.97757	0.0443578
0.97758	0.0443382
0.977738	0.0440291
0.977752	0.0440014
0.977763	0.0439792
0.977772	0.0439626
0.977798	0.043912
0.977882	0.0437466
0.977921	0.0436712
0.977925	0.0436617
0.977938	0.0436374
0.978117	0.0432866
0.978128	0.0432658
0.978205	0.0431142
0.978269	0.0429906
0.97828	0.0429681
0.978313	0.0429039
0.978322	0.0428869
0.978379	0.0427739
0.978413	0.0427086
0.978501	0.0425366
0.978512	0.0425138
0.978519	0.0425009
0.978549	0.0424423
0.978554	0.0424314
0.978634	0.0422751
0.978715	0.0421165
0.97872	0.0421081
0.978737	0.0420748
0.978835	0.0418824
0.97885	0.0418532
0.978922	0.0417123
0.978924	0.0417086
0.979009	0.0415412
0.979131	0.0413027
0.979132	0.0413014
0.979201	0.041165
0.979215	0.0411385
0.979224	0.0411195
0.979287	0.0409968
0.979341	0.0408906
0.979345	0.040884
0.979442	0.0406936
0.979474	0.0406307
0.979483	0.0406135
0.979526	0.0405285
0.979526	0.0405293
0.979555	0.0404725
0.979561	0.0404604
0.979662	0.0402615
0.979736	0.0401177
0.979771	0.0400488
0.97978	0.0400308
0.979863	0.0398682
0.97999	0.0396195
0.980002	0.0395955
0.980015	0.0395705
0.980104	0.0393954
0.98012	0.0393647
0.980181	0.0392452
0.980202	0.0392049
0.980212	0.039185
0.980227	0.0391547
0.980291	0.0390293
0.980436	0.0387455
0.980455	0.0387085
0.98047	0.0386793
0.9805	0.0386206
0.980516	0.0385889
0.980556	0.0385107
0.980574	0.0384749
0.980622	0.0383797
0.980662	0.0383013
0.980685	0.0382574
0.980715	0.0381989
0.980785	0.0380615
0.980891	0.0378525
0.980917	0.0378015
0.981024	0.0375924
0.98106	0.0375214
0.981086	0.0374705
0.981122	0.0373994
0.981124	0.0373959
0.981152	0.0373411
0.981313	0.0370243
0.981342	0.0369679
0.981355	0.0369423
0.981381	0.0368913
0.981389	0.0368764
0.98147	0.0367167
0.98147	0.0367176
0.981493	0.0366707
0.981533	0.0365921
0.98159	0.0364815
0.981623	0.0364172
0.981627	0.0364077
0.981736	0.0361942
0.981826	0.0360171
0.981858	0.0359542
0.981868	0.0359352
0.9819	0.0358715
0.981911	0.0358508
0.981923	0.0358279
0.982064	0.0355494
0.98211	0.0354593
0.982261	0.0351642
0.982262	0.0351619
0.982304	0.0350786
0.982336	0.0350157
0.982348	0.0349932
0.982348	0.0349922
0.982354	0.03498
0.98239	0.0349108
0.982432	0.0348277
0.982476	0.0347407
0.982545	0.034605
0.9826	0.0344978
0.982609	0.0344798
0.982644	0.0344109
0.982768	0.0341668
0.982781	0.0341422
0.982787	0.0341289
0.982846	0.0340128
0.982924	0.0338604
0.98297	0.0337706
0.983031	0.0336505
0.98304	0.0336319
0.983094	0.0335254
0.983109	0.033497
0.983184	0.033349
0.983209	0.033301
0.983275	0.0331699
0.983275	0.03317
0.983338	0.0330471
0.983343	0.0330357
0.983473	0.0327818
0.9835	0.0327285
0.98352	0.0326876
0.983593	0.032544
0.983593	0.0325452
0.983595	0.0325401
0.983621	0.0324896
0.983632	0.0324689
0.983658	0.0324179
0.983766	0.0322036
0.983844	0.0320506
0.983927	0.0318886
0.984002	0.0317402
0.984013	0.0317183
0.984045	0.0316557
0.98405	0.0316462
0.984063	0.0316199
0.984096	0.0315557
0.984127	0.0314931
0.984134	0.0314806
0.98426	0.0312319
0.984325	0.0311033
0.984348	0.0310595
0.984404	0.0309497
0.984463	0.030833
0.984465	0.0308278
0.984508	0.0307446
0.984555	0.030651
0.9846	0.0305624
0.984614	0.0305347
0.984663	0.0304381
0.984714	0.0303378
0.984731	0.0303051
0.984755	0.0302567
0.9848	0.0301687
0.984853	0.0300645
0.984871	0.0300298
0.984947	0.0298788
0.984974	0.0298265
0.985003	0.0297684
0.985106	0.0295662
0.985153	0.029473
0.985181	0.0294177
0.985192	0.0293973
0.985251	0.0292798
0.985273	0.0292365
0.985359	0.0290676
0.985396	0.028995
0.985412	0.028963
0.985448	0.0288929
0.985473	0.0288434
0.985499	0.0287913
0.985578	0.0286359
0.985603	0.0285869
0.985612	0.028569
0.985671	0.0284536
0.98568	0.0284347
0.985688	0.0284193
0.985735	0.028326
0.985747	0.0283031
0.985865	0.0280706
0.985959	0.0278845
0.985994	0.0278154
0.98604	0.0277247
0.986062	0.0276812
0.986117	0.0275726
0.986183	0.027443
0.986195	0.0274198
0.986203	0.0274045
0.986213	0.0273842
0.986241	0.0273284
0.9863	0.027213
0.986314	0.0271851
0.986335	0.0271434
0.986369	0.0270754
0.986448	0.0269194
0.986488	0.0268423
0.986492	0.0268333
0.986621	0.0265791
0.986664	0.0264939
0.986667	0.0264887
0.986697	0.0264283
0.986705	0.0264127
0.986733	0.0263574
0.986804	0.0262178
0.986829	0.0261685
0.986872	0.0260839
0.986904	0.0260197
0.986978	0.0258738
0.98707	0.0256925
0.987112	0.0256092
0.987122	0.0255902
0.987139	0.0255563
0.987172	0.0254913
0.987188	0.0254601
0.987204	0.0254286
0.987219	0.0253995
0.987222	0.0253918
0.987268	0.025302
0.987371	0.025098
0.987377	0.0250872
0.98743	0.024983
0.987466	0.0249115
0.987573	0.0246999
0.987579	0.0246878
0.9876	0.0246457
0.98762	0.0246076
0.987666	0.0245151
0.987708	0.0244332
0.987783	0.0242843
0.987852	0.0241486
0.987867	0.0241192
0.987887	0.0240792
0.987915	0.0240233
0.987931	0.023992
0.987936	0.0239826
0.987949	0.023957
0.987988	0.0238793
0.98805	0.0237568
0.988113	0.0236331
0.988131	0.0235965
0.988133	0.0235933
0.988189	0.0234832
0.988227	0.0234078
0.988293	0.0232767
0.988358	0.0231494
0.988416	0.0230329
0.988427	0.0230119
0.988468	0.0229316
0.988474	0.0229198
0.988489	0.0228896
0.988583	0.0227032
0.988588	0.0226946
0.988601	0.0226683
0.988625	0.0226207
0.988644	0.0225824
0.988664	0.0225433
0.988764	0.0223465
0.98881	0.0222542
0.988843	0.0221901
0.988849	0.0221784
0.9889	0.0220776
0.988917	0.0220437
0.988962	0.0219545
0.988987	0.0219055
0.988989	0.0218999
0.98903	0.0218188
0.989083	0.0217149
0.989133	0.021615
0.989141	0.0215999
0.989223	0.021438
0.989322	0.0212429
0.989327	0.0212315
0.989328	0.0212291
0.989333	0.0212193
0.989366	0.0211557
0.989445	0.0209984
0.989462	0.0209658
0.989466	0.0209568
0.989488	0.0209131
0.989488	0.0209127
0.9895	0.0208902
0.989558	0.0207743
0.989596	0.0206997
0.989661	0.0205703
0.989739	0.020416
0.989785	0.0203252
0.989793	0.0203092
0.989825	0.0202473
0.989835	0.0202264
0.989881	0.0201353
0.989973	0.0199539
0.989988	0.0199235
0.989995	0.0199095
0.989996	0.0199071
0.990017	0.0198665
0.990026	0.0198479
0.990051	0.0197986
0.990099	0.0197049
0.990135	0.0196337
0.990198	0.0195082
0.990257	0.0193905
0.990276	0.0193538
0.990289	0.0193274
0.990309	0.0192887
0.990406	0.0190961
0.990421	0.0190669
0.990441	0.0190272
0.990486	0.0189372
0.990486	0.0189368
0.990498	0.0189129
0.990519	0.0188722
0.990565	0.0187816
0.990623	0.0186661
0.99063	0.0186525
0.990686	0.0185417
0.990707	0.0184989
0.990713	0.0184881
0.990719	0.0184763
0.990859	0.0181977
0.990892	0.0181325
0.990893	0.0181313
0.990931	0.0180556
0.990937	0.0180439
0.990937	0.0180434
0.990958	0.0180013
0.99098	0.0179582
0.991003	0.0179132
0.991071	0.0177781
0.991089	0.0177424
0.991153	0.017616
0.991159	0.0176032
0.991232	0.0174582
0.991233	0.0174574
0.991256	0.0174109
0.991293	0.017339
0.991328	0.0172692
0.991366	0.0171926
0.991379	0.0171677
0.991413	0.0170999
0.991445	0.0170363
0.991486	0.0169564
0.991515	0.016899
0.991528	0.0168714
0.991576	0.0167765
0.991578	0.0167739
0.991591	0.0167477
0.991596	0.016737
0.991609	0.0167106
0.991748	0.0164367
0.991786	0.0163599
0.991804	0.0163245
0.991808	0.0163162
0.991811	0.0163112
0.991818	0.0162976
0.991851	0.016232
0.991854	0.0162256
0.991952	0.0160304
0.991993	0.0159509
0.992023	0.0158905
0.992024	0.0158878
0.99207	0.0157963
0.992078	0.0157818
0.992101	0.0157362
0.992126	0.0156862
0.992152	0.0156343
0.992161	0.0156174
0.992196	0.0155468
0.992232	0.015475
0.992272	0.0153969
0.992285	0.0153698
0.992346	0.0152493
0.992377	0.015187
0.992392	0.0151584
0.992397	0.0151479
0.992439	0.0150647
0.992502	0.0149398
0.99251	0.0149233
0.992529	0.014887
0.992541	0.0148614
0.992596	0.0147541
0.992608	0.0147288
0.992637	0.0146715
0.992643	0.0146599
0.992648	0.0146501
0.992652	0.0146421
0.992676	0.0145939
0.992791	0.0143656
0.992833	0.014283
0.992844	0.0142605
0.992859	0.0142306
0.992906	0.0141374
0.992912	0.0141254
0.992916	0.0141175
0.992921	0.014107
0.992966	0.0140185
0.992973	0.0140041
0.992984	0.0139825
0.993042	0.0138668
0.993065	0.0138223
0.993153	0.0136469
0.993154	0.0136442
0.993165	0.013623
0.99317	0.0136129
0.993174	0.0136049
0.993225	0.0135042
0.993238	0.0134787
0.993277	0.0134018
0.993345	0.0132661
0.993362	0.0132327
0.993383	0.0131897
0.993397	0.0131624
0.993414	0.0131288
0.993422	0.0131126
0.99343	0.0130964
0.993438	0.0130814
0.993463	0.013031
0.993519	0.01292
0.993546	0.0128662
0.99362	0.01272
0.993623	0.0127137
0.993634	0.0126919
0.993663	0.0126339
0.993668	0.0126245
0.993728	0.0125053
0.993763	0.0124352
0.993781	0.0123993
0.993796	0.0123704
0.993804	0.0123543
0.993804	0.012354
0.993806	0.0123494
0.993833	0.0122961
0.993865	0.0122328
0.993906	0.0121501
0.993907	0.0121484
0.993955	0.0120526
0.993989	0.0119849
0.994053	0.011859
0.994079	0.0118067
0.994082	0.0118006
0.99409	0.011785
0.994132	0.011702
0.994138	0.0116888
0.994141	0.0116843
0.99416	0.0116462
0.99417	0.0116264
0.994231	0.0115046
0.994237	0.0114921
0.994255	0.011457
0.994275	0.0114178
0.99431	0.0113483
0.994333	0.0113023
0.994346	0.011277
0.994347	0.0112741
0.994368	0.0112322
0.994425	0.0111192
0.994467	0.0110357
0.99452	0.0109291
0.994521	0.0109279
0.994524	0.0109228
0.994573	0.0108249
0.994581	0.0108087
0.994589	0.0107919
0.994592	0.0107873
0.994603	0.0107646
0.994603	0.0107648
0.994609	0.010753
0.994646	0.0106785
0.994692	0.0105879
0.994732	0.0105082
0.994756	0.0104613
0.994781	0.0104104
0.994805	0.0103634
0.994852	0.0102698
0.99486	0.0102541
0.994863	0.0102469
0.994864	0.0102456
0.994875	0.0102247
0.994916	0.0101413
0.994935	0.0101046
0.994967	0.0100398
0.994987	0.0100003
0.995014	0.00994657
0.995024	0.00992662
0.995032	0.00991129
0.995074	0.00982727
0.995082	0.0098122
0.995092	0.00979173
0.995116	0.00974508
0.995132	0.00971176
0.995156	0.00966502
0.995186	0.00960545
0.995189	0.00959843
0.995218	0.0095413
0.995229	0.00951921
0.995307	0.0093639
0.995324	0.00933028
0.995324	0.00932965
0.995344	0.00929061
0.995358	0.00926259
0.995369	0.00924039
0.995376	0.00922601
0.995381	0.00921715
0.995395	0.00918852
0.995416	0.00914749
0.995425	0.00912908
0.995499	0.00898211
0.995499	0.00898253
0.995511	0.00895814
0.995529	0.0089211
0.995548	0.00888511
0.995591	0.00879781
0.995608	0.00876502
0.995629	0.00872384
0.995643	0.00869422
0.995651	0.00867998
0.995675	0.00863107
0.995683	0.00861623
0.995692	0.00859711
0.995737	0.00850834
0.995741	0.00849983
0.995763	0.00845589
0.995792	0.00839806
0.995794	0.00839377
0.995799	0.00838421
0.995816	0.00835039
0.995818	0.00834705
0.995868	0.00824644
0.995905	0.00817296
0.995929	0.00812581
0.995933	0.00811834
0.995944	0.00809481
0.995957	0.00806904
0.995971	0.0080423
0.995975	0.0080336
0.996032	0.00791996
0.996039	0.007906
0.996058	0.00786891
0.99607	0.0078439
0.996083	0.00781962
0.996086	0.00781177
0.996094	0.00779704
0.99615	0.00768439
0.996155	0.00767588
0.996164	0.00765719
0.996171	0.00764402
0.996205	0.00757566
0.99622	0.00754613
0.996225	0.0075351
0.996227	0.00753101
0.99624	0.00750616
0.99632	0.00734599
0.996334	0.00731895
0.996358	0.00727096
0.996359	0.00726845
0.996361	0.00726477
0.996363	0.00726069
0.996366	0.00725529
0.996389	0.00720971
0.996392	0.00720227
0.996402	0.00718328
0.996439	0.00710861
0.996485	0.00701824
0.996485	0.00701686
0.996491	0.00700594
0.996493	0.00700076
0.996522	0.00694473
0.996548	0.006892
0.996583	0.00682212
0.996603	0.00678276
0.99661	0.00676867
0.996619	0.00675139
0.996623	0.00674306
0.996631	0.00672696
0.996642	0.0067052
0.996644	0.00670101
0.996673	0.00664385
0.9967	0.00658874
0.996726	0.00653759
0.996731	0.00652638
0.996746	0.00649651
0.996749	0.00649164
0.996798	0.00639414
0.996807	0.00637568
0.996815	0.00636081
0.996819	0.00635251
0.996819	0.00635233
0.996834	0.00632252
0.99685	0.00628995
0.996872	0.00624647
0.996897	0.00619714
0.996906	0.00617747
0.996947	0.00609745
0.99696	0.00607053
0.996966	0.00605934
0.996978	0.00603402
0.996987	0.00601661
0.996991	0.0060098
0.996992	0.00600751
0.997002	0.00598787
0.997038	0.00591497
0.997041	0.00590853
0.997061	0.0058703
0.997078	0.00583451
0.99709	0.00581079
0.997097	0.00579778
0.997108	0.00577473
0.997154	0.00568359
0.997159	0.00567355
0.997187	0.00561869
0.997188	0.00561543
0.997214	0.00556504
0.997218	0.00555673
0.997222	0.00554807
0.997229	0.00553399
0.997229	0.00553409
0.997232	0.00552801
0.997238	0.00551714
0.997251	0.00548969
0.997295	0.00540203
0.997321	0.00535168
0.997333	0.0053275
0.997357	0.00527931
0.997363	0.00526753
0.997363	0.00526687
0.997368	0.0052561
0.997386	0.00522195
0.997399	0.00519427
0.997416	0.00516095
0.997426	0.0051406
0.99744	0.00511295
0.997449	0.00509479
0.997475	0.0050438
0.997479	0.00503622
0.99748	0.00503326
0.997492	0.00500925
0.997501	0.0049921
0.997513	0.00496805
0.99753	0.00493378
0.997545	0.00490438
0.997591	0.00481309
0.997599	0.00479546
0.997599	0.00479579
0.997602	0.00479096
0.997617	0.00476096
0.997622	0.00474953
0.997626	0.00474213
0.997636	0.00472284
0.997646	0.00470173
0.997651	0.00469226
0.997689	0.00461684
0.997695	0.0046043
0.997703	0.0045894
0.997714	0.00456672
0.997737	0.0045218
0.997745	0.00450493
0.997756	0.00448374
0.997763	0.0044685
0.997783	0.00442838
0.997788	0.00441854
0.997803	0.0043891
0.997811	0.00437287
0.997813	0.00436849
0.997825	0.00434588
0.99784	0.00431613
0.997841	0.00431392
0.997852	0.00429161
0.997879	0.00423813
0.997898	0.00420033
0.99791	0.00417607
0.99791	0.00417488
0.997912	0.00417223
0.997931	0.00413311
0.997934	0.00412864
0.997963	0.00407018
0.997966	0.004063
0.997976	0.00404392
0.997982	0.00403105
0.997989	0.00401856
0.997991	0.00401489
0.998024	0.003949
0.998026	0.00394462
0.998031	0.00393501
0.998034	0.00392823
0.998052	0.00389307
0.998059	0.00387788
0.998069	0.00385732
0.998103	0.00379093
0.998111	0.00377494
0.998118	0.00376103
0.998131	0.00373506
0.998133	0.00373107
0.998134	0.00372829
0.998146	0.00370485
0.998148	0.00370102
0.998153	0.00369125
0.998165	0.00366688
0.998172	0.00365285
0.998195	0.00360637
0.998198	0.00360004
0.998214	0.00356857
0.998228	0.00354145
0.998246	0.00350551
0.998256	0.00348527
0.998264	0.00346913
0.99827	0.00345657
0.998276	0.00344538
0.998277	0.00344323
0.998281	0.00343584
0.998292	0.00341383
0.998306	0.00338549
0.998319	0.00335919
0.998327	0.00334368
0.99833	0.00333806
0.998356	0.00328542
0.998361	0.00327593
0.998365	0.00326828
0.998367	0.00326392
0.998367	0.00326401
0.998374	0.0032486
0.998407	0.00318412
0.998412	0.00317401
0.998432	0.00313287
0.998439	0.00311902
0.998445	0.003108
0.998449	0.00310025
0.998453	0.0030913
0.998455	0.0030878
0.998461	0.00307652
0.998477	0.00304395
0.998479	0.00303904
0.998481	0.00303573
0.998491	0.00301607
0.998506	0.00298548
0.998509	0.00297879
0.998539	0.00292008
0.998541	0.00291491
0.998556	0.00288671
0.998569	0.00285912
0.998572	0.00285486
0.998577	0.00284316
0.998577	0.00284322
0.998579	0.00284009
0.998582	0.0028345
0.998589	0.00282039
0.998596	0.00280582
0.998616	0.00276638
0.998624	0.00274944
0.998643	0.00271223
0.998646	0.00270618
0.998646	0.00270584
0.998649	0.0027003
0.998658	0.00268274
0.998673	0.00265139
0.998679	0.00264093
0.99869	0.00261738
0.998704	0.00259116
0.998706	0.00258727
0.998706	0.00258575
0.998712	0.00257341
0.998723	0.00255223
0.998732	0.00253461
0.998735	0.00252778
0.998744	0.00250972
0.998763	0.00247257
0.998767	0.00246368
0.998769	0.0024612
0.998776	0.00244578
0.998779	0.0024399
0.998781	0.0024361
0.998786	0.00242618
0.998794	0.00241046
0.998813	0.0023717
0.998821	0.0023576
0.998826	0.00234594
0.998838	0.00232285
0.998848	0.00230329
0.998852	0.00229546
0.998862	0.00227483
0.998863	0.00227241
0.998863	0.00227275
0.998872	0.00225464
0.998876	0.0022463
0.998877	0.00224405
0.998883	0.00223243
0.998891	0.00221714
0.998897	0.00220454
0.998921	0.00215762
0.998927	0.00214516
0.998927	0.00214455
0.998928	0.00214318
0.998938	0.00212308
0.998954	0.00209073
0.998961	0.00207724
0.998964	0.00207063
0.998967	0.00206421
0.998968	0.00206232
0.998972	0.00205431
0.99898	0.00203831
0.998986	0.00202621
0.998989	0.00202127
0.998991	0.00201779
0.999004	0.00199191
0.999009	0.00198135
0.999026	0.00194723
0.999034	0.00193186
0.99904	0.00191851
0.999041	0.00191647
0.999048	0.00190299
0.999049	0.00190102
0.999052	0.001896
0.999058	0.00188348
0.999061	0.00187627
0.999073	0.00185329
0.999075	0.00184914
0.999088	0.00182411
0.99909	0.00181902
0.999099	0.00180056
0.999105	0.00179016
0.999109	0.00178187
0.999112	0.00177541
0.999115	0.00176966
0.999117	0.00176476
0.99913	0.00173889
0.999137	0.00172537
0.999141	0.0017174
0.999142	0.00171452
0.999158	0.00168259
0.99916	0.00167866
0.999161	0.00167642
0.999165	0.00166859
0.999165	0.00166855
0.999182	0.00163542
0.999185	0.00163022
0.999185	0.00162852
0.999202	0.0015963
0.999204	0.00159232
0.999206	0.00158772
0.999207	0.00158592
0.99921	0.00158013
0.999218	0.0015634
0.999219	0.00156087
0.99922	0.00155917
0.999225	0.00154907
0.99925	0.0014992
0.99925	0.00149975
0.999251	0.0014971
0.999258	0.00148261
0.999266	0.00146843
0.999267	0.00146624
0.99927	0.00145866
0.999272	0.00145578
0.999275	0.00144853
0.999275	0.0014503
0.999279	0.00144105
0.999289	0.00142079
0.999294	0.00141208
0.999305	0.00138986
0.999306	0.00138684
0.999311	0.00137782
0.999319	0.00136171
0.999322	0.00135633
0.999328	0.00134424
0.999328	0.00134412
0.999334	0.00133077
0.999335	0.00132877
0.999344	0.00131076
0.999349	0.00130171
0.999351	0.0012982
0.999355	0.00128893
0.999356	0.00128825
0.999365	0.00126984
0.999368	0.001264
0.999373	0.00125306
0.999374	0.00125111
0.999377	0.00124601
0.999381	0.00123794
0.999391	0.00121802
0.999394	0.00121078
0.999399	0.00120241
0.999408	0.00118288
0.99941	0.00117886
0.999416	0.00116702
0.999416	0.00116719
0.999416	0.00116826
0.999421	0.00115789
0.999423	0.00115361
0.999424	0.00115245
0.999429	0.00114123
0.999431	0.00113863
0.999446	0.00110805
0.999449	0.00110133
0.999449	0.00110165
0.99945	0.00110063
0.999463	0.00107317
0.999466	0.00106676
0.999468	0.00106336
0.99947	0.0010591
0.99947	0.00106007
0.999472	0.00105498
0.999476	0.00104676
0.99948	0.00104055
0.999481	0.00103801
0.999488	0.00102293
0.999496	0.00100816
0.9995	0.000999976
0.999504	0.000992085
0.999507	0.000985228
0.999511	0.000977255
0.999512	0.000976244
0.999513	0.000973666
0.999516	0.000967232
0.999522	0.000955529
0.999524	0.000951724
0.999525	0.000949591
0.999532	0.000936739
0.999538	0.000924639
0.99954	0.000919297
0.999542	0.000915039
0.999546	0.00090877
0.999547	0.000906252
0.999553	0.000892964
0.999556	0.00088801
0.999559	0.000881928
0.99956	0.000880445
0.999568	0.000864048
0.999569	0.000860878
0.999571	0.000856834
0.999571	0.000856858
0.999576	0.000848674
0.999581	0.00083715
0.999582	0.000836278
0.99959	0.000819729
0.999591	0.000817684
0.999592	0.000815322
0.999594	0.000811422
0.999599	0.000802827
0.999599	0.000801531
0.9996	0.000800657
0.99961	0.000779801
0.999615	0.000770138
0.999615	0.000769855
0.999619	0.000761333
0.999623	0.000754054
0.999624	0.000751825
0.999625	0.000749031
0.999626	0.000747557
0.999628	0.000743833
0.999628	0.00074474
0.99963	0.000739988
0.999635	0.000729582
0.999643	0.000713696
0.999646	0.000707513
0.99965	0.00069924
0.999652	0.000696479
0.999655	0.000690208
0.999655	0.000690267
0.999659	0.000682601
0.999659	0.000682322
0.999666	0.000668428
0.999667	0.000666626
0.999668	0.000664241
0.999669	0.000661511
0.999669	0.000661861
0.999674	0.00065206
0.999675	0.000649059
0.999679	0.000642437
0.99968	0.000639821
0.999687	0.000625447
0.999689	0.000621725
0.999691	0.000617429
0.999696	0.000607398
0.9997	0.000599342
0.9997	0.000599252
0.999702	0.000595532
0.999703	0.000594565
0.999704	0.00059177
0.999704	0.000592364
0.999707	0.000586007
0.999707	0.000585219
0.999708	0.000584671
0.999717	0.00056552
0.999717	0.00056516
0.999724	0.000551055
0.999726	0.000547764
0.999727	0.00054602
0.999728	0.000543828
0.999728	0.000544327
0.999729	0.000541716
0.999731	0.000537494
0.999737	0.000525255
0.999741	0.00051767
0.999741	0.000517761
0.999743	0.000514096
0.999743	0.000513467
0.999745	0.000509415
0.999747	0.000505894
0.99975	0.000499956
0.999752	0.000496652
0.999755	0.000490642
0.999756	0.000488688
0.999756	0.000487593
0.999759	0.000480992
0.999763	0.000474779
0.999767	0.00046663
0.999767	0.000465337
0.999771	0.000458513
0.999772	0.000455969
0.999774	0.000452084
0.999774	0.000452846
0.999775	0.000450243
0.999776	0.000448505
0.999779	0.000442036
0.99978	0.000439971
0.999782	0.000435769
0.999785	0.000429403
0.999785	0.000429851
0.99979	0.000419855
0.99979	0.000420905
0.999791	0.000418642
0.999794	0.000411111
0.999794	0.000412225
0.9998	0.000400401
0.999802	0.000395294
0.999802	0.000395439
0.999803	0.000393068
0.999806	0.000387027
0.999806	0.00038718
0.999807	0.000386035
0.999808	0.000383844
0.999809	0.000382397
0.999809	0.000381931
0.99981	0.000379957
0.999813	0.000374613
0.999818	0.000363281
0.999821	0.000357615
0.999823	0.000354394
0.999823	0.000354424
0.999825	0.000350345
0.999825	0.000350488
0.999829	0.000342285
0.999829	0.000342014
0.999829	0.00034106
0.99983	0.000339658
0.99983	0.000339838
0.999833	0.000333264
0.999834	0.000332633
0.999835	0.000329864
0.999836	0.000328521
0.99984	0.000319229
0.999841	0.000317023
0.999846	0.000307735
0.999846	0.000307689
0.999847	0.000305282
0.999847	0.000305778
0.999848	0.000304152
0.999848	0.000303847
0.99985	0.000300887
0.99985	0.000300483
0.999852	0.000296556
0.999855	0.000290368
0.999858	0.000284675
0.999859	0.00028294
0.999859	0.00028125
0.99986	0.000279229
0.99986	0.000279485
0.999861	0.000278145
0.999862	0.000275977
0.999867	0.000265797
0.999867	0.000265844
0.999868	0.000263962
0.999868	0.000263639
0.99987	0.000259751
0.999872	0.000256702
0.999872	0.000256203
0.999872	0.000255005
0.999874	0.000251919
0.999875	0.000250916
0.999877	0.000246964
0.999879	0.000242546
0.99988	0.000239589
0.999881	0.000238925
0.999882	0.000235421
0.999883	0.000234115
0.999884	0.000232512
0.999884	0.000231175
0.999885	0.000230283
0.999887	0.000225901
0.999888	0.000223743
0.99989	0.000220494
0.99989	0.000220704
0.99989	0.000220474
0.999892	0.000216111
0.999892	0.000215572
0.999894	0.000211654
0.999897	0.000205583
0.999897	0.00020568
0.999898	0.000203035
0.999899	0.000201818
0.999899	0.00020296
0.999901	0.000198206
0.999901	0.000197081
0.999901	0.000198716
0.999902	0.000195085
0.999902	0.000196338
0.999904	0.000192342
0.999905	0.000188999
0.999907	0.000186523
0.999909	0.00018196
0.99991	0.000179954
0.99991	0.000179881
0.999912	0.000175603
0.999912	0.000175113
0.999912	0.000175742
0.999913	0.00017355
0.999913	0.000174394
0.999913	0.000174486
0.999914	0.00017111
0.999915	0.000170786
0.999918	0.000163904
0.999919	0.000161318
0.999919	0.000162771
0.999921	0.000157979
0.999921	0.000156998
0.999921	0.000158002
0.999922	0.000156743
0.999923	0.000154486
0.999923	0.000154279
0.999924	0.000152262
0.999925	0.000149085
0.999927	0.000145271
0.999927	0.00014567
0.999927	0.000146162
0.999928	0.000143366
0.999929	0.000142809
0.999929	0.000141696
0.999931	0.000137078
0.999932	0.000136469
0.999932	0.000136493
0.999932	0.000135361
0.999932	0.000135527
0.999934	0.000131543
0.999935	0.000129343
0.999935	0.000130928
0.999936	0.000128828
0.999937	0.000126799
0.999938	0.000124531
0.999939	0.000121587
0.999939	0.000122672
0.99994	0.000120202
0.99994	0.000119379
0.999941	0.000118235
0.999941	0.000118693
0.999942	0.000115985
0.999942	0.000115933
0.999943	0.000114877
0.999943	0.000113198
0.999943	0.000113208
0.999945	0.000110958
0.999946	0.00010867
0.999947	0.000105552
0.999947	0.000105602
0.999948	0.000103619
0.999948	0.000104206
0.999949	0.000101765
0.999949	0.000102026
0.99995	0.000100806
0.99995	0.000100883
0.99995	0.000100163
0.999951	9.88E-05
0.999951	9.76E-05
0.999951	9.70E-05
0.999953	9.34E-05
0.999954	9.24E-05
0.999955	8.96E-05
0.999955	9.02E-05
0.999955	8.95E-05
0.999955	8.99E-05
0.999955	9.02E-05
0.999955	8.91E-05
0.999956	8.77E-05
0.999958	8.32E-05
0.999958	8.36E-05
0.999959	8.28E-05
0.999959	8.11E-05
0.999959	8.11E-05
0.999959	8.17E-05
0.99996	8.06E-05
0.99996	7.92E-05
0.99996	7.93E-05
0.999961	7.82E-05
0.999962	7.50E-05
0.999963	7.46E-05
0.999963	7.48E-05
0.999963	7.33E-05
0.999964	7.28E-05
0.999965	6.96E-05
0.999965	7.04E-05
0.999965	7.01E-05
0.999965	7.01E-05
0.999966	6.81E-05
0.999966	6.80E-05
0.999966	6.75E-05
0.999967	6.51E-05
0.999967	6.64E-05
0.999967	6.61E-05
0.999968	6.39E-05
0.999969	6.24E-05
0.999969	6.17E-05
0.99997	6.09E-05
0.99997	5.95E-05
0.99997	6.07E-05
0.99997	5.95E-05
0.999971	5.90E-05
0.999971	5.81E-05
0.999971	5.81E-05
0.999972	5.63E-05
0.999972	5.54E-05
0.999973	5.35E-05
0.999973	5.42E-05
0.999973	5.32E-05
0.999973	5.42E-05
0.999974	5.18E-05
0.999974	5.18E-05
0.999974	5.22E-05
0.999974	5.24E-05
0.999975	4.98E-05
0.999975	5.01E-05
0.999976	4.74E-05
0.999976	4.80E-05
0.999977	4.63E-05
0.999977	4.62E-05
0.999977	4.60E-05
0.999977	4.50E-05
0.999977	4.63E-05
0.999977	4.57E-05
0.999978	4.47E-05
0.999979	4.25E-05
0.999979	4.14E-05
0.999979	4.29E-05
0.999979	4.19E-05
0.999979	4.27E-05
0.99998	4.07E-05
0.99998	4.01E-05
0.99998	4.07E-05
0.999981	3.85E-05
0.999981	3.84E-05
0.999981	3.83E-05
0.999981	3.78E-05
0.999982	3.60E-05
0.999982	3.57E-05
0.999982	3.61E-05
0.999982	3.58E-05
0.999982	3.60E-05
0.999983	3.41E-05
0.999983	3.50E-05
0.999983	3.49E-05
0.999983	3.47E-05
0.999984	3.28E-05
0.999984	3.12E-05
0.999984	3.13E-05
0.999984	3.17E-05
0.999984	3.21E-05
0.999985	3.06E-05
0.999985	3.03E-05
0.999985	2.98E-05
0.999985	3.06E-05
0.999986	2.83E-05
0.999986	2.78E-05
0.999986	2.89E-05
0.999986	2.73E-05
0.999986	2.78E-05
0.999986	2.84E-05
0.999987	2.56E-05
0.999987	2.57E-05
0.999987	2.68E-05
0.999987	2.69E-05
0.999987	2.66E-05
0.999988	2.38E-05
0.999988	2.31E-05
0.999988	2.37E-05
0.999988	2.47E-05
0.999988	2.35E-05
0.999988	2.44E-05
0.999988	2.38E-05
0.999989	2.29E-05
0.999989	2.12E-05
0.999989	2.19E-05
0.999989	2.15E-05
0.999989	2.23E-05
0.999989	2.18E-05
0.99999	2.09E-05
0.99999	2.06E-05
0.99999	1.94E-05
0.99999	1.98E-05
0.99999	1.97E-05
0.99999	1.97E-05
0.999991	1.73E-05
0.999991	1.83E-05
0.999991	1.78E-05
0.999991	1.79E-05
0.999991	1.85E-05
0.999991	1.84E-05
0.999991	1.80E-05
0.999991	1.86E-05
0.999992	1.56E-05
0.999992	1.69E-05
0.999992	1.65E-05
0.999992	1.57E-05
0.999992	1.61E-05
0.999992	1.53E-05
0.999992	1.60E-05
0.999992	1.57E-05
0.999993	1.37E-05
0.999993	1.33E-05
0.999993	1.43E-05
0.999993	1.46E-05
0.999993	1.40E-05
0.999993	1.48E-05
0.999993	1.32E-05
0.999993	1.38E-05
0.999993	1.31E-05
0.999993	1.46E-05
0.999994	1.22E-05
0.999994	1.18E-05
0.999994	1.19E-05
0.999994	1.22E-05
0.999994	1.13E-05
0.999994	1.27E-05
0.999994	1.12E-05
0.999994	1.21E-05
0.999994	1.14E-05
0.999994	1.22E-05
0.999994	1.11E-05
0.999995	1.01E-05
0.999995	9.14E-06
0.999995	9.20E-06
0.999995	9.44E-06
0.999995	1.01E-05
0.999995	1.01E-05
0.999995	9.52E-06
0.999995	9.96E-06
0.999995	9.22E-06
0.999995	1.06E-05
0.999995	9.42E-06
0.999995	1.02E-05
0.999996	7.34E-06
0.999996	7.24E-06
0.999996	7.47E-06
0.999996	8.65E-06
0.999996	7.61E-06
0.999996	7.50E-06
0.999996	8.88E-06
0.999996	8.08E-06
0.999996	8.45E-06
0.999996	7.55E-06
0.999996	7.87E-06
0.999996	8.06E-06
0.999996	7.99E-06
0.999996	7.01E-06
0.999997	5.76E-06
0.999997	6.78E-06
0.999997	6.74E-06
0.999997	5.78E-06
0.999997	6.05E-06
0.999997	5.67E-06
0.999997	6.26E-06
0.999997	5.18E-06
0.999997	5.56E-06
0.999997	5.11E-06
0.999997	6.19E-06
0.999997	5.19E-06
0.999997	5.48E-06
0.999997	6.26E-06
0.999997	6.82E-06
0.999997	5.87E-06
0.999997	6.50E-06
0.999997	5.20E-06
0.999998	3.50E-06
0.999998	4.34E-06
0.999998	3.34E-06
0.999998	3.84E-06
0.999998	3.01E-06
0.999998	4.10E-06
0.999998	3.88E-06
0.999998	4.14E-06
0.999998	3.72E-06
0.999998	3.21E-06
0.999998	3.01E-06
0.999998	4.03E-06
0.999998	4.09E-06
0.999998	3.85E-06
0.999998	4.72E-06
0.999998	4.85E-06
0.999998	4.56E-06
0.999998	4.84E-06
0.999998	3.91E-06
0.999998	3.60E-06
0.999998	3.48E-06
0.999998	3.21E-06
0.999998	3.10E-06
0.999998	4.15E-06
0.999998	4.89E-06
0.999998	4.73E-06
0.999999	2.34E-06
0.999999	1.71E-06
0.999999	1.91E-06
0.999999	1.08E-06
0.999999	2.17E-06
0.999999	2.87E-06
0.999999	1.08E-06
0.999999	1.36E-06
0.999999	1.02E-06
0.999999	2.91E-06
0.999999	1.12E-06
0.999999	1.47E-06
0.999999	1.44E-06
0.999999	1.97E-06
0.999999	1.28E-06
0.999999	1.65E-06
0.999999	1.99E-06
0.999999	1.65E-06
0.999999	1.54E-06
0.999999	1.09E-06
0.999999	1.03E-06
0.999999	1.07E-06
0.999999	2.11E-06
0.999999	2.86E-06
0.999999	2.10E-06
0.999999	2.49E-06
0.999999	2.01E-06
0.999999	1.37E-06
0.999999	2.13E-06
0.999999	2.81E-06
0.999999	1.55E-06
0.999999	1.20E-06
0.999999	1.80E-06
0.999999	2.66E-06
0.999999	2.66E-06
0.999999	2.48E-06
0.999999	2.43E-06
0.999999	2.97E-06
0.999999	1.47E-06
0.999999	1.54E-06
0.999999	1.01E-06
0.999999	2.63E-06
0.999999	1.98E-06
0.999999	1.06E-06
0.999999	2.43E-06
0.999999	1.36E-06
0.999999	2.00E-06
0.999999	1.35E-06
0.999999	1.28E-06
0.999999	1.59E-06
0.999999	2.07E-06
1	1.21E-07
1	3.24E-14
1	4.31E-09
1	3.19E-08
1	4.86E-08
1	6.99E-07
1	8.80E-07
1	1.43E-08
1	9.79E-07
1	7.82E-10
1	3.27E-08
1	3.21E-12
1	9.95E-10
1	1.51E-07
1	4.40E-09
1	2.57E-10
1	7.35E-09
1	9.46E-08
1	3.89E-07
1	3.87E-07
1	3.60E-07
1	9.93E-10
1	2.69E-07
1	2.58E-08
1	5.06E-08
1	1.33E-10
1	2.07E-08
1	3.48E-11
1	7.85E-12
1	2.60E-10
1	3.31E-08
1	6.38E-08
1	2.94E-07
1	4.03E-08
1	4.31E-09
1	8.44E-15
1	4.05E-12
1	8.57E-09
1	2.21E-09
1	5.96E-10
1	5.27E-07
1	2.38E-07
1	6.51E-08
1	2.30E-09
1	5.50E-07
1	7.45E-08
1	1.79E-11
1	6.90E-11
1	4.44E-15
1	4.48E-09
1	3.54E-11
1	2.35E-11
1	2.37E-11
1	5.03E-10
1	8.93E-09
1	1.53E-08
1	2.09E-07
1	1.84E-07
1	2.84E-07
1	1.01E-09
1	9.79E-08
1	1.85E-07
1	3.18E-08
1	2.80E-13
1	3.39E-08
1	2.97E-09
1	0
1	3.77E-09
1	1.34E-10
1	2.28E-09
1	1.02E-07
1	5.64E-08
1	1.95E-07
1	3.74E-07
1	7.14E-08
1	7.28E-07
1	1.49E-08
1	1.91E-07
1	5.53E-07
1	1.65E-12
1	6.17E-07
1	2.08E-12
1	5.10E-10
1	2.80E-07
1	1.27E-07
1	6.21E-12
1	1.21E-09
1	2.92E-09
1	2.50E-08
1	4.58E-09
1	8.63E-09
1	5.02E-08
1	1.21E-11
1	3.52E-11
1	2.14E-07
1	1.67E-14
1	7.02E-07
1	1.74E-08
1	4.43E-09
1	7.94E-07
1	1.50E-09
1	4.03E-09
1	1.70E-08
1	5.55E-07
1	2.26E-09
1	4.87E-08
1	1.22E-11
1	1.23E-13
1	1.16E-09
1	1.45E-07
1	2.60E-08
1	7.70E-10
1	3.84E-09
1	2.09E-07
1	1.06E-10
1	5.11E-10
1	1.10E-07
1	2.03E-10
1	1.72E-08
1	6.33E-14
1	1.14E-09
1	1.97E-09
1	4.07E-07
1	2.58E-07
1	2.58E-10
1	9.24E-07
1	1.13E-07
1	5.73E-07
1	1.46E-07
1	7.75E-08
1	8.66E-15
1	2.89E-08
1	1.33E-10
1	2.06E-10
1	8.47E-07
1	7.85E-08
1	4.02E-10
1	7.49E-09
1	3.60E-07
1	1.07E-07
1	2.35E-09
1	1.91E-09
1	5.01E-10
1	1.39E-07
1	3.95E-10
1	8.12E-08
1	1.32E-08
1	1.63E-08
1	4.59E-11
1	1.68E-08
1	6.85E-11
1	9.02E-07
1	4.07E-07
1	9.48E-08
1	1.06E-12
1	1.07E-07
1	1.81E-11
1	1.99E-07
1	2.82E-13
1	5.24E-07
1	2.62E-10
1	2.47E-07
1	6.21E-08
1	7.57E-07
1	5.80E-07
1	7.01E-07
1	4.03E-12
1	5.80E-08
1	3.34E-08
1	4.81E-07
1	9.80E-10
1	3.82E-08
1	5.46E-13
1	3.37E-07
1	1.64E-08
1	6.78E-11
1	2.22E-15
1	8.72E-09
1	7.92E-07
1	5.20E-10
1	1.53E-07
1	1.67E-08
1	7.63E-09
1	8.40E-09
1	1.52E-09
1	1.58E-07
1	4.63E-07
1	1.32E-10
1	1.44E-07
1	6.56E-07
1	5.50E-08
1	1.10E-08
1	6.44E-08
1	1.92E-07
1	1.07E-12
1	2.83E-07
1	3.22E-08
1	4.74E-07
1	5.69E-09
1	7.53E-07
1	6.80E-09
1	7.92E-07
1	3.19E-12
1	3.08E-07
1	2.07E-12
1	3.59E-07
1	6.27E-08
1	9.85E-08
1	6.26E-12
1	1.99E-07
1	6.31E-14
1	9.28E-12
1	2.98E-08
1	4.62E-11
1	7.85E-09
1	8.93E-11
1	5.46E-07
1	6.81E-11
1	2.67E-10
1	1.28E-08
1	7.41E-07
1	4.17E-08
1	2.98E-07
1	2.14E-08
1	8.39E-09
1	4.35E-07
1	1.94E-09
1	1.22E-07
1	2.71E-07
1	5.03E-07
1	1.45E-13
1	3.81E-07
1	5.49E-13
