0	0.00E+00	0.00E+00	0.00E+00	0.00E+00
1	0.00E+00	0.00E+00	0.00E+00	0.00E+00
2	4.50E-01	6.12E-01	7.17E-01	7.73E-01
3	4.65E-01	6.16E-01	7.14E-01	6.90E-01
4	4.84E-01	6.21E-01	7.13E-01	6.90E-01
5	4.35E-01	1.03E-01	6.90E-01	6.90E-01
6	4.43E-01	1.03E-01	6.67E-01	6.66E-01
7	4.35E-01	9.00E-03	6.53E-01	6.79E-01
8	4.33E-01	9.00E-03	5.86E-01	6.64E-01
9	3.97E-01	9.00E-03	5.64E-01	3.36E-01
10	3.49E-01	9.00E-03	4.93E-01	5.28E-01
11	3.77E-01	9.00E-03	3.48E-01	4.58E-01
12	3.60E-01	9.00E-03	3.48E-01	3.55E-01
13	6.77E-04	8.77E-03	3.39E-01	3.55E-01
14	6.77E-04	8.77E-03	4.74E-01	3.55E-01
15	6.77E-04	3.87E-03	3.42E-01	3.67E-01
16	6.77E-04	3.87E-03	3.34E-01	3.67E-01
17	6.69E-04	1.04E-05	2.08E-01	3.67E-01
18	6.50E-04	1.04E-05	2.08E-01	3.67E-01
19	6.50E-04	1.12E-05	2.08E-01	3.67E-01
20	6.50E-04	1.03E-05	2.08E-01	3.67E-01
21	6.50E-04	1.03E-05	2.10E-01	2.19E-01
22	6.50E-04	9.89E-06	2.10E-01	2.19E-01
23	5.86E-05	9.85E-06	2.10E-01	2.19E-01
24	5.86E-05	9.85E-06	2.10E-01	2.19E-01
25	5.86E-05	9.85E-06	2.10E-01	2.19E-01
26	5.64E-05	9.85E-06	2.10E-01	2.19E-01
27	5.64E-05	9.85E-06	2.10E-01	2.19E-01
28	5.64E-05	9.85E-06	2.10E-01	1.93E-01
29	5.64E-05	9.80E-06	2.10E-01	1.93E-01
30	5.64E-05	9.23E-06	2.10E-01	1.93E-01
31	5.64E-05	9.23E-06	2.13E-01	1.93E-01
32	5.64E-05	9.23E-06	2.13E-01	1.93E-01
33	5.64E-05	9.23E-06	2.13E-01	1.93E-01
34	5.64E-05	9.23E-06	2.13E-01	1.93E-01
35	5.54E-05	9.23E-06	2.13E-01	1.93E-01
36	5.54E-05	9.23E-06	2.24E-01	1.93E-01
37	5.51E-05	9.23E-06	2.24E-01	1.93E-01
38	5.51E-05	9.23E-06	2.24E-01	1.93E-01
39	5.51E-05	9.23E-06	2.24E-01	1.93E-01
40	5.51E-05	9.23E-06	2.24E-01	1.93E-01
41	5.51E-05	9.23E-06	2.24E-01	1.93E-01
42	5.51E-05	9.01E-06	2.24E-01	1.93E-01
43	5.51E-05	9.01E-06	2.24E-01	1.93E-01
44	5.50E-05	9.01E-06	2.24E-01	1.93E-01
45	5.50E-05	9.01E-06	2.24E-01	1.93E-01
46	5.50E-05	9.01E-06	2.24E-01	1.93E-01
47	5.50E-05	8.97E-06	2.24E-01	1.93E-01
48	5.50E-05	8.98E-06	2.24E-01	1.93E-01
49	5.47E-05	8.97E-06	2.24E-01	1.93E-01
50	5.47E-05	4.13E-06	2.24E-01	1.93E-01
51	5.50E-05	4.13E-06	2.10E-01	1.93E-01
52	5.47E-05	4.13E-06	2.10E-01	1.93E-01
53	5.50E-05	4.13E-06	2.10E-01	1.93E-01
54	5.47E-05	4.13E-06	2.10E-01	1.93E-01
55	5.50E-05	4.13E-06	2.10E-01	1.93E-01
56	5.50E-05	4.13E-06	2.10E-01	1.93E-01
57	5.50E-05	4.13E-06	2.10E-01	1.93E-01
58	5.50E-05	1.66E-06	2.10E-01	1.93E-01
59	5.50E-05	1.66E-06	2.10E-01	1.93E-01
60	5.50E-05	1.66E-06	2.10E-01	1.93E-01
61	5.44E-05	1.14E-06	2.10E-01	1.93E-01
62	5.41E-05	1.15E-06	2.10E-01	1.93E-01
63	5.41E-05	1.15E-06	2.10E-01	1.93E-01
64	5.41E-05	1.15E-06	2.10E-01	1.93E-01
65	5.41E-05	1.14E-06	2.10E-01	1.93E-01
66	5.41E-05	1.14E-06	2.10E-01	1.93E-01
67	5.41E-05	1.14E-06	2.10E-01	1.93E-01
68	5.41E-05	1.14E-06	2.10E-01	1.93E-01
69	5.41E-05	1.14E-06	2.10E-01	1.93E-01
70	5.41E-05	1.13E-06	2.10E-01	1.93E-01
71	5.41E-05	1.13E-06	2.10E-01	1.93E-01
72	5.41E-05	1.13E-06	2.10E-01	1.93E-01
73	5.41E-05	1.13E-06	2.10E-01	1.93E-01
74	5.41E-05	1.13E-06	2.10E-01	1.93E-01
75	5.41E-05	1.13E-06	2.10E-01	1.93E-01
76	5.41E-05	1.13E-06	2.10E-01	1.93E-01
77	5.41E-05	1.13E-06	2.10E-01	2.17E-01
78	5.29E-05	1.13E-06	2.10E-01	2.17E-01
79	5.29E-05	1.13E-06	2.10E-01	2.17E-01
80	5.29E-05	1.13E-06	2.10E-01	2.17E-01
81	5.29E-05	1.14E-06	2.10E-01	2.17E-01
82	5.29E-05	1.14E-06	2.10E-01	2.17E-01
83	5.29E-05	1.14E-06	2.10E-01	2.17E-01
84	5.29E-05	1.14E-06	2.08E-01	2.17E-01
85	5.29E-05	1.14E-06	2.08E-01	2.17E-01
86	5.29E-05	1.14E-06	2.08E-01	2.17E-01
87	5.29E-05	1.14E-06	2.08E-01	2.17E-01
88	5.29E-05	1.14E-06	2.08E-01	2.17E-01
89	5.29E-05	1.14E-06	2.08E-01	2.17E-01
90	5.27E-05	1.14E-06	2.08E-01	2.17E-01
91	5.27E-05	1.14E-06	2.08E-01	2.17E-01
92	5.27E-05	1.14E-06	2.08E-01	2.17E-01
93	5.27E-05	1.14E-06	2.08E-01	2.17E-01
94	3.89E-05	1.14E-06	2.08E-01	2.17E-01
95	3.89E-05	1.14E-06	2.39E-01	2.17E-01
96	3.89E-05	1.14E-06	2.39E-01	2.17E-01
97	3.89E-05	1.14E-06	2.39E-01	2.17E-01
98	3.89E-05	1.14E-06	2.39E-01	2.17E-01
99	3.89E-05	1.14E-06	2.39E-01	2.17E-01
100	3.88E-05	1.13E-06	2.39E-01	2.17E-01
101	3.88E-05	1.13E-06	2.39E-01	2.17E-01
102	3.88E-05	1.13E-06	2.39E-01	2.17E-01
103	3.88E-05	1.13E-06	2.39E-01	2.17E-01
104	3.88E-05	1.13E-06	2.39E-01	2.17E-01
105	3.88E-05	1.13E-06	2.39E-01	2.17E-01
106	3.88E-05	1.13E-06	2.39E-01	2.17E-01
107	3.87E-05	1.13E-06	2.39E-01	2.17E-01
108	3.87E-05	1.13E-06	2.39E-01	2.17E-01
109	2.56E-05	1.13E-06	2.39E-01	2.17E-01
110	2.56E-05	1.13E-06	2.39E-01	2.17E-01
111	2.56E-05	1.13E-06	2.39E-01	2.17E-01
112	2.56E-05	1.13E-06	2.39E-01	2.17E-01
113	2.55E-05	1.13E-06	2.39E-01	2.17E-01
114	2.55E-05	1.13E-06	2.39E-01	2.17E-01
115	2.60E-06	1.13E-06	2.39E-01	2.17E-01
116	2.60E-06	1.13E-06	2.39E-01	2.17E-01
117	2.60E-06	1.13E-06	2.39E-01	2.17E-01
118	2.60E-06	1.13E-06	2.39E-01	2.17E-01
119	2.60E-06	1.13E-06	2.39E-01	2.17E-01
120	1.78E-06	1.13E-06	2.39E-01	2.17E-01
121	1.78E-06	1.13E-06	2.39E-01	2.17E-01
122	1.78E-06	1.13E-06	2.39E-01	2.17E-01
123	1.78E-06	1.13E-06	2.39E-01	2.17E-01
124	1.78E-06	1.13E-06	2.39E-01	2.17E-01
125	1.78E-06	3.33E-07	2.39E-01	2.17E-01
126	1.78E-06	3.33E-07	2.39E-01	2.17E-01
127	1.78E-06	3.33E-07	2.39E-01	2.17E-01
128	1.78E-06	3.33E-07	2.39E-01	2.17E-01
129	1.79E-06	3.33E-07	2.39E-01	2.17E-01
130	1.79E-06	3.33E-07	2.39E-01	2.17E-01
131	1.79E-06	3.33E-07	2.39E-01	2.17E-01
132	1.79E-06	3.33E-07	2.39E-01	2.17E-01
133	1.79E-06	3.33E-07	2.39E-01	2.17E-01
134	1.79E-06	3.33E-07	2.39E-01	2.17E-01
135	1.79E-06	3.33E-07	2.39E-01	2.17E-01
136	1.79E-06	3.33E-07	2.39E-01	2.17E-01
137	1.79E-06	3.33E-07	2.39E-01	2.17E-01
138	1.79E-06	3.33E-07	2.39E-01	2.17E-01
139	1.78E-06	3.33E-07	2.39E-01	2.17E-01
140	1.78E-06	3.33E-07	2.39E-01	2.17E-01
141	1.78E-06	3.33E-07	2.39E-01	2.17E-01
142	1.78E-06	3.33E-07	2.39E-01	2.17E-01
143	1.78E-06	3.33E-07	2.39E-01	2.17E-01
144	1.78E-06	3.33E-07	2.39E-01	2.17E-01
145	1.78E-06	3.33E-07	2.39E-01	2.17E-01
146	1.78E-06	3.33E-07	2.39E-01	2.17E-01
147	1.78E-06	3.33E-07	2.39E-01	2.17E-01
148	1.78E-06	3.33E-07	2.39E-01	2.17E-01
149	1.78E-06	3.33E-07	2.39E-01	2.17E-01
150	1.78E-06	1.62E-07	2.39E-01	2.17E-01
151	1.78E-06	1.62E-07	2.39E-01	2.17E-01
152	1.78E-06	1.62E-07	2.39E-01	2.17E-01
153	1.78E-06	1.62E-07	2.39E-01	2.17E-01
154	1.78E-06	1.62E-07	2.39E-01	2.17E-01
155	1.78E-06	1.62E-07	2.39E-01	2.17E-01
156	1.78E-06	1.90E-08	2.39E-01	2.17E-01
157	1.78E-06	1.90E-08	2.39E-01	2.17E-01
158	1.78E-06	1.89E-08	2.39E-01	2.17E-01
159	1.78E-06	1.89E-08	2.39E-01	2.17E-01
160	1.78E-06	1.90E-08	2.39E-01	2.17E-01
161	1.78E-06	1.90E-08	2.39E-01	2.17E-01
162	1.78E-06	1.90E-08	2.39E-01	2.17E-01
163	1.78E-06	1.90E-08	2.39E-01	2.17E-01
164	1.78E-06	1.90E-08	2.39E-01	2.17E-01
165	1.78E-06	1.90E-08	2.39E-01	2.17E-01
166	1.78E-06	1.90E-08	2.39E-01	2.17E-01
167	1.78E-06	1.90E-08	2.39E-01	2.17E-01
168	1.78E-06	1.90E-08	2.39E-01	2.17E-01
169	1.78E-06	1.90E-08	2.39E-01	2.17E-01
170	1.78E-06	1.90E-08	2.39E-01	2.17E-01
171	1.78E-06	1.90E-08	2.39E-01	2.17E-01
172	1.78E-06	1.90E-08	2.39E-01	2.17E-01
173	1.78E-06	1.90E-08	2.39E-01	2.17E-01
174	1.78E-06	1.90E-08	2.39E-01	2.17E-01
175	1.78E-06	1.90E-08	2.39E-01	2.17E-01
176	1.78E-06	1.90E-08	2.39E-01	2.17E-01
177	1.78E-06	1.90E-08	2.39E-01	2.17E-01
178	1.78E-06	6.17E-09	2.39E-01	2.17E-01
179	1.78E-06	6.15E-09	2.39E-01	2.17E-01
180	1.78E-06	6.15E-09	2.39E-01	2.17E-01
181	1.78E-06	6.15E-09	2.39E-01	2.17E-01
182	1.78E-06	6.15E-09	2.39E-01	2.17E-01
183	1.78E-06	6.15E-09	2.39E-01	2.17E-01
184	1.78E-06	6.15E-09	2.39E-01	2.17E-01
185	1.78E-06	6.15E-09	2.39E-01	2.17E-01
186	1.78E-06	6.15E-09	2.39E-01	2.17E-01
187	1.78E-06	6.15E-09	2.39E-01	2.13E-01
188	1.78E-06	6.15E-09	2.39E-01	2.17E-01
189	1.78E-06	6.15E-09	2.39E-01	2.17E-01
190	1.78E-06	6.15E-09	2.39E-01	2.17E-01
191	1.78E-06	6.14E-09	2.39E-01	2.17E-01
192	1.78E-06	6.14E-09	2.39E-01	2.17E-01
193	1.78E-06	6.14E-09	2.39E-01	2.17E-01
194	1.78E-06	6.14E-09	2.39E-01	2.17E-01
195	1.78E-06	6.14E-09	2.39E-01	2.17E-01
196	1.78E-06	6.14E-09	2.39E-01	2.17E-01
197	1.78E-06	6.14E-09	2.39E-01	2.17E-01
198	1.78E-06	3.46E-10	2.39E-01	2.17E-01
199	1.78E-06	3.46E-10	2.39E-01	2.17E-01
200	1.78E-06	3.46E-10	2.39E-01	2.17E-01
201	1.78E-06	3.46E-10	2.39E-01	2.17E-01
202	1.78E-06	3.46E-10	2.39E-01	2.17E-01
203	6.35E-07	3.45E-10	2.39E-01	2.17E-01
204	6.35E-07	3.44E-10	2.39E-01	2.17E-01
205	6.35E-07	3.44E-10	2.39E-01	2.17E-01
206	6.35E-07	3.44E-10	2.39E-01	2.17E-01
207	6.35E-07	3.44E-10	2.39E-01	2.17E-01
208	6.35E-07	3.44E-10	2.37E-01	2.17E-01
209	6.35E-07	3.43E-10	2.37E-01	2.17E-01
210	6.35E-07	3.43E-10	2.37E-01	2.17E-01
211	6.35E-07	3.43E-10	2.37E-01	2.17E-01
212	6.35E-07	3.43E-10	2.37E-01	2.17E-01
213	6.35E-07	3.43E-10	2.37E-01	2.17E-01
214	6.35E-07	3.43E-10	2.37E-01	2.17E-01
215	6.35E-07	3.43E-10	2.37E-01	2.17E-01
216	6.35E-07	3.43E-10	2.37E-01	2.17E-01
217	6.35E-07	3.43E-10	2.37E-01	2.17E-01
218	6.35E-07	3.42E-10	2.37E-01	2.17E-01
219	6.35E-07	3.42E-10	2.37E-01	2.06E-01
220	6.35E-07	3.42E-10	2.37E-01	2.06E-01
221	6.35E-07	3.42E-10	2.37E-01	2.06E-01
222	6.35E-07	3.42E-10	2.37E-01	2.06E-01
223	6.35E-07	3.42E-10	2.37E-01	2.06E-01
224	6.35E-07	3.42E-10	2.37E-01	2.06E-01
225	6.35E-07	3.42E-10	2.37E-01	2.06E-01
226	6.35E-07	3.42E-10	2.37E-01	2.06E-01
227	6.35E-07	3.42E-10	2.37E-01	2.06E-01
228	6.35E-07	3.42E-10	2.37E-01	2.06E-01
229	6.35E-07	3.42E-10	2.37E-01	2.06E-01
230	6.35E-07	3.42E-10	2.37E-01	2.06E-01
231	6.35E-07	3.42E-10	2.37E-01	2.06E-01
232	6.35E-07	3.42E-10	2.37E-01	2.06E-01
233	6.35E-07	3.42E-10	2.37E-01	2.06E-01
234	6.35E-07	3.42E-10	2.37E-01	2.06E-01
235	6.35E-07	3.42E-10	2.37E-01	2.06E-01
236	6.35E-07	3.42E-10	2.37E-01	2.06E-01
237	6.35E-07	3.42E-10	2.37E-01	2.06E-01
238	6.35E-07	3.42E-10	2.37E-01	2.06E-01
239	6.35E-07	3.42E-10	2.37E-01	2.06E-01
240	1.00E-07	3.42E-10	2.37E-01	2.06E-01
241	1.00E-07	3.42E-10	2.37E-01	2.06E-01
242	1.00E-07	3.42E-10	2.37E-01	2.06E-01
243	1.00E-07	3.42E-10	2.37E-01	2.06E-01
244	1.00E-07	3.42E-10	2.37E-01	2.06E-01
245	1.00E-07	3.42E-10	2.37E-01	2.06E-01
246	1.00E-07	3.42E-10	2.37E-01	2.06E-01
247	1.00E-07	3.42E-10	2.37E-01	2.06E-01
248	1.00E-07	3.42E-10	2.37E-01	2.06E-01
249	1.00E-07	3.42E-10	2.37E-01	2.06E-01
250	1.00E-07	3.42E-10	2.37E-01	2.06E-01
251	1.00E-07	3.42E-10	2.69E-01	2.06E-01
252	1.00E-07	3.42E-10	2.69E-01	2.06E-01
253	1.00E-07	3.42E-10	2.69E-01	2.06E-01
254	1.00E-07	3.42E-10	2.69E-01	2.06E-01
255	1.00E-07	3.42E-10	2.69E-01	2.06E-01
256	1.00E-07	3.42E-10	2.69E-01	2.06E-01
257	1.00E-07	3.42E-10	2.69E-01	2.06E-01
258	1.00E-07	3.42E-10	2.69E-01	2.06E-01
259	1.00E-07	3.42E-10	2.69E-01	2.06E-01
260	1.00E-07	3.42E-10	2.69E-01	2.06E-01
261	1.00E-07	3.42E-10	2.69E-01	2.06E-01
262	1.00E-07	3.42E-10	2.69E-01	2.06E-01
263	1.00E-07	3.42E-10	2.69E-01	2.06E-01
264	1.00E-07	2.02E-10	2.69E-01	2.06E-01
265	1.00E-07	2.02E-10	2.69E-01	2.06E-01
266	1.00E-07	2.02E-10	2.69E-01	2.06E-01
267	1.00E-07	2.02E-10	2.69E-01	2.06E-01
268	1.00E-07	2.02E-10	2.69E-01	2.06E-01
269	1.00E-07	2.02E-10	2.69E-01	2.06E-01
270	1.00E-07	2.02E-10	2.69E-01	2.06E-01
271	1.00E-07	2.02E-10	2.69E-01	2.06E-01
272	1.00E-07	2.02E-10	2.69E-01	2.06E-01
273	7.31E-09	2.02E-10	2.69E-01	2.06E-01
274	7.31E-09	2.02E-10	2.69E-01	2.06E-01
275	7.31E-09	2.02E-10	2.69E-01	2.06E-01
276	7.31E-09	2.02E-10	2.69E-01	2.06E-01
277	7.31E-09	2.02E-10	2.69E-01	2.06E-01
278	7.31E-09	2.02E-10	2.69E-01	2.06E-01
279	7.31E-09	2.02E-10	2.69E-01	2.06E-01
280	7.31E-09	2.02E-10	2.69E-01	2.06E-01
281	7.31E-09	2.02E-10	2.69E-01	2.06E-01
282	7.31E-09	2.02E-10	2.69E-01	2.06E-01
283	7.31E-09	2.02E-10	2.69E-01	2.06E-01
284	7.31E-09	2.02E-10	2.69E-01	2.06E-01
285	7.31E-09	2.02E-10	2.69E-01	2.06E-01
286	7.31E-09	2.02E-10	2.69E-01	2.06E-01
287	7.31E-09	2.02E-10	2.69E-01	2.06E-01
288	7.31E-09	2.02E-10	2.69E-01	2.06E-01
289	7.30E-09	2.02E-10	2.69E-01	2.06E-01
290	7.30E-09	2.02E-10	2.69E-01	2.53E-01
291	7.30E-09	2.02E-10	2.69E-01	2.53E-01
292	7.30E-09	2.02E-10	2.69E-01	2.53E-01
293	7.30E-09	2.02E-10	2.69E-01	2.53E-01
294	7.30E-09	2.02E-10	2.69E-01	2.53E-01
295	7.30E-09	2.02E-10	2.69E-01	2.53E-01
296	7.30E-09	2.02E-10	2.69E-01	2.53E-01
297	7.30E-09	2.02E-10	2.69E-01	2.53E-01
298	7.30E-09	2.02E-10	2.69E-01	2.53E-01
299	7.30E-09	1.56E-10	2.69E-01	2.53E-01
300	7.30E-09	1.56E-10	2.69E-01	2.53E-01
301	7.30E-09	1.56E-10	2.69E-01	2.53E-01
302	7.30E-09	1.56E-10	2.69E-01	2.53E-01
303	7.30E-09	1.56E-10	2.69E-01	2.53E-01
304	7.30E-09	1.56E-10	2.69E-01	2.53E-01
305	7.30E-09	1.56E-10	2.69E-01	2.53E-01
306	7.30E-09	1.55E-10	2.69E-01	2.53E-01
307	7.30E-09	1.55E-10	2.69E-01	2.53E-01
308	7.30E-09	1.55E-10	2.69E-01	2.53E-01
309	7.30E-09	1.55E-10	2.69E-01	2.53E-01
310	7.30E-09	1.55E-10	2.69E-01	2.53E-01
311	7.30E-09	1.55E-10	2.69E-01	2.53E-01
312	6.22E-09	1.55E-10	2.69E-01	2.53E-01
313	6.22E-09	1.55E-10	2.69E-01	2.53E-01
314	6.22E-09	1.55E-10	2.69E-01	2.53E-01
315	6.22E-09	1.55E-10	2.69E-01	2.53E-01
316	6.22E-09	1.55E-10	2.69E-01	2.53E-01
317	6.25E-09	1.55E-10	2.69E-01	2.53E-01
318	6.25E-09	1.55E-10	2.69E-01	2.53E-01
319	6.25E-09	1.55E-10	2.69E-01	2.53E-01
320	6.25E-09	1.55E-10	2.69E-01	2.53E-01
321	6.25E-09	1.55E-10	2.69E-01	2.53E-01
322	6.25E-09	1.55E-10	2.69E-01	2.53E-01
323	6.25E-09	1.55E-10	2.69E-01	2.53E-01
324	6.25E-09	1.55E-10	2.69E-01	2.53E-01
325	6.21E-09	1.55E-10	2.69E-01	2.53E-01
326	6.21E-09	1.55E-10	2.69E-01	2.53E-01
327	6.21E-09	1.55E-10	2.69E-01	2.53E-01
328	6.21E-09	1.55E-10	2.69E-01	2.53E-01
329	6.21E-09	1.55E-10	2.69E-01	2.53E-01
330	6.21E-09	1.55E-10	2.69E-01	2.53E-01
331	6.21E-09	1.55E-10	2.69E-01	2.53E-01
332	6.21E-09	1.55E-10	2.69E-01	2.53E-01
333	6.21E-09	1.55E-10	2.69E-01	2.53E-01
334	6.21E-09	1.55E-10	2.69E-01	2.53E-01
335	6.21E-09	1.55E-10	2.69E-01	2.53E-01
336	6.23E-09	1.55E-10	2.69E-01	2.53E-01
337	6.21E-09	1.55E-10	2.69E-01	2.53E-01
338	6.23E-09	1.55E-10	2.69E-01	2.53E-01
339	6.23E-09	1.55E-10	2.69E-01	2.53E-01
340	6.23E-09	1.55E-10	2.69E-01	2.53E-01
341	6.21E-09	1.55E-10	2.69E-01	2.53E-01
342	6.23E-09	1.55E-10	2.69E-01	2.53E-01
343	6.21E-09	1.28E-10	2.69E-01	2.53E-01
344	6.21E-09	1.28E-10	2.77E-01	2.53E-01
345	6.21E-09	1.28E-10	2.77E-01	2.53E-01
346	6.21E-09	1.28E-10	2.77E-01	2.53E-01
347	6.21E-09	1.28E-10	2.77E-01	2.53E-01
348	6.21E-09	1.28E-10	2.77E-01	2.53E-01
349	6.21E-09	1.28E-10	2.77E-01	2.53E-01
350	6.21E-09	1.28E-10	2.77E-01	2.53E-01
351	6.21E-09	1.28E-10	2.77E-01	2.53E-01
352	6.21E-09	1.28E-10	2.77E-01	2.53E-01
353	6.21E-09	1.28E-10	2.77E-01	2.53E-01
354	6.21E-09	1.28E-10	2.77E-01	2.53E-01
355	6.21E-09	1.28E-10	2.77E-01	2.53E-01
356	6.21E-09	1.28E-10	2.77E-01	2.53E-01
357	6.21E-09	1.28E-10	2.77E-01	2.53E-01
358	6.21E-09	1.28E-10	2.77E-01	2.53E-01
359	6.21E-09	1.28E-10	2.77E-01	2.53E-01
360	6.21E-09	1.28E-10	2.77E-01	2.53E-01
361	6.21E-09	1.28E-10	2.77E-01	2.53E-01
362	6.21E-09	1.28E-10	2.77E-01	2.53E-01
363	6.21E-09	1.28E-10	2.77E-01	2.53E-01
364	6.21E-09	1.28E-10	2.77E-01	2.53E-01
365	6.21E-09	1.28E-10	2.77E-01	2.53E-01
366	6.21E-09	1.28E-10	2.77E-01	2.53E-01
367	3.47E-09	1.28E-10	2.77E-01	2.53E-01
368	3.47E-09	1.28E-10	2.77E-01	2.53E-01
369	3.47E-09	1.28E-10	2.77E-01	2.53E-01
370	3.47E-09	1.28E-10	2.77E-01	2.53E-01
371	3.47E-09	1.28E-10	2.77E-01	2.53E-01
372	3.47E-09	1.28E-10	2.77E-01	2.53E-01
373	3.47E-09	1.28E-10	2.77E-01	2.53E-01
374	3.47E-09	1.28E-10	2.77E-01	2.53E-01
375	3.47E-09	1.28E-10	2.77E-01	2.53E-01
376	3.47E-09	1.28E-10	2.77E-01	2.53E-01
377	3.47E-09	1.28E-10	2.77E-01	2.53E-01
378	3.46E-09	1.28E-10	2.77E-01	2.53E-01
379	3.46E-09	1.28E-10	2.77E-01	2.53E-01
380	3.46E-09	1.28E-10	2.77E-01	2.53E-01
381	3.46E-09	1.28E-10	2.77E-01	2.53E-01
382	3.46E-09	1.28E-10	2.77E-01	2.53E-01
383	3.46E-09	1.28E-10	2.77E-01	2.53E-01
384	3.46E-09	1.28E-10	2.77E-01	2.53E-01
385	3.46E-09	1.28E-10	2.77E-01	2.53E-01
386	3.46E-09	1.28E-10	2.77E-01	2.53E-01
387	3.46E-09	1.28E-10	2.77E-01	2.53E-01
388	3.46E-09	1.28E-10	2.77E-01	2.53E-01
389	3.42E-09	1.28E-10	2.77E-01	2.53E-01
390	3.42E-09	1.28E-10	2.77E-01	2.53E-01
391	3.42E-09	1.28E-10	2.77E-01	2.53E-01
392	3.42E-09	1.28E-10	2.77E-01	2.53E-01
393	3.42E-09	1.28E-10	2.77E-01	2.53E-01
394	3.81E-10	1.28E-10	2.77E-01	2.53E-01
395	3.81E-10	1.28E-10	2.77E-01	2.53E-01
396	3.81E-10	1.28E-10	2.77E-01	2.53E-01
397	3.81E-10	1.28E-10	2.77E-01	2.53E-01
398	3.80E-10	1.28E-10	2.77E-01	2.53E-01
399	3.80E-10	1.28E-10	2.77E-01	2.53E-01
400	3.80E-10	1.28E-10	2.77E-01	2.53E-01
401	3.80E-10	1.28E-10	2.77E-01	2.53E-01
402	3.80E-10	1.28E-10	2.77E-01	2.53E-01
403	3.80E-10	1.28E-10	2.77E-01	2.53E-01
404	3.80E-10	1.28E-10	2.77E-01	2.53E-01
405	3.80E-10	1.28E-10	2.77E-01	2.53E-01
406	3.80E-10	1.28E-10	2.77E-01	2.53E-01
407	3.80E-10	1.28E-10	2.77E-01	2.53E-01
408	3.80E-10	1.28E-10	2.77E-01	2.53E-01
409	3.80E-10	1.28E-10	2.77E-01	2.53E-01
410	3.80E-10	1.28E-10	2.77E-01	2.53E-01
411	3.80E-10	1.28E-10	2.77E-01	2.53E-01
412	3.80E-10	1.28E-10	2.77E-01	2.53E-01
413	3.12E-10	1.28E-10	2.77E-01	2.53E-01
414	3.12E-10	1.28E-10	2.77E-01	2.53E-01
415	3.12E-10	1.28E-10	2.77E-01	2.53E-01
416	3.12E-10	1.28E-10	2.77E-01	2.53E-01
417	3.12E-10	1.28E-10	2.77E-01	2.53E-01
418	3.11E-10	1.28E-10	2.77E-01	2.53E-01
419	3.11E-10	1.28E-10	2.77E-01	2.53E-01
420	3.11E-10	1.28E-10	2.77E-01	2.53E-01
421	3.11E-10	1.28E-10	2.77E-01	2.53E-01
422	3.11E-10	1.28E-10	2.77E-01	2.53E-01
423	3.11E-10	1.28E-10	2.77E-01	2.53E-01
424	3.11E-10	1.28E-10	2.77E-01	2.53E-01
425	3.11E-10	1.28E-10	2.77E-01	2.53E-01
426	3.11E-10	1.28E-10	2.77E-01	2.53E-01
427	1.67E-10	1.28E-10	2.77E-01	2.53E-01
428	1.67E-10	1.28E-10	2.77E-01	2.53E-01
429	1.67E-10	1.28E-10	2.77E-01	2.53E-01
430	1.67E-10	1.28E-10	2.77E-01	2.53E-01
431	1.67E-10	1.28E-10	2.77E-01	2.53E-01
432	1.67E-10	1.28E-10	2.77E-01	2.53E-01
433	1.67E-10	1.28E-10	2.77E-01	2.53E-01
434	1.67E-10	1.28E-10	2.77E-01	2.53E-01
435	1.67E-10	1.28E-10	2.77E-01	2.53E-01
436	1.67E-10	1.28E-10	2.77E-01	2.53E-01
437	1.67E-10	1.28E-10	2.77E-01	2.53E-01
438	1.67E-10	1.28E-10	2.77E-01	2.53E-01
439	1.67E-10	1.28E-10	2.77E-01	2.53E-01
440	1.67E-10	1.28E-10	2.77E-01	2.53E-01
441	1.67E-10	1.28E-10	2.77E-01	2.53E-01
442	1.67E-10	1.28E-10	2.77E-01	2.53E-01
443	1.67E-10	1.28E-10	2.77E-01	2.53E-01
444	1.67E-10	1.28E-10	2.77E-01	2.53E-01
445	1.67E-10	1.28E-10	2.77E-01	2.53E-01
446	1.67E-10	1.28E-10	2.77E-01	2.53E-01
447	1.67E-10	1.28E-10	2.77E-01	2.53E-01
448	1.67E-10	8.08E-11	2.77E-01	2.53E-01
449	1.67E-10	8.08E-11	2.77E-01	2.53E-01
450	1.67E-10	8.08E-11	2.77E-01	2.53E-01
451	1.67E-10	8.08E-11	2.77E-01	2.53E-01
452	1.67E-10	8.08E-11	2.77E-01	2.53E-01
453	1.67E-10	8.08E-11	2.77E-01	2.53E-01
454	1.67E-10	8.08E-11	2.77E-01	2.51E-01
455	1.67E-10	8.08E-11	2.77E-01	2.51E-01
456	1.67E-10	8.08E-11	2.77E-01	2.51E-01
457	1.67E-10	8.08E-11	2.77E-01	2.51E-01
458	1.67E-10	8.08E-11	2.77E-01	2.51E-01
459	1.67E-10	8.08E-11	2.77E-01	2.51E-01
460	1.67E-10	8.08E-11	2.77E-01	2.51E-01
461	1.67E-10	8.08E-11	2.77E-01	2.51E-01
462	1.67E-10	8.08E-11	2.77E-01	2.51E-01
463	1.67E-10	8.08E-11	2.77E-01	2.51E-01
464	1.67E-10	8.08E-11	2.77E-01	2.51E-01
465	1.67E-10	8.08E-11	2.77E-01	2.51E-01
466	1.67E-10	8.08E-11	2.77E-01	2.51E-01
467	1.67E-10	8.08E-11	2.77E-01	2.51E-01
468	1.67E-10	8.08E-11	2.77E-01	2.51E-01
469	1.67E-10	8.08E-11	2.77E-01	2.51E-01
470	1.67E-10	8.08E-11	2.77E-01	2.51E-01
471	1.67E-10	8.08E-11	2.77E-01	2.51E-01
472	1.67E-10	8.08E-11	2.77E-01	2.51E-01
473	1.67E-10	8.08E-11	2.77E-01	2.51E-01
474	1.67E-10	8.08E-11	2.77E-01	2.51E-01
475	1.67E-10	8.08E-11	2.77E-01	2.51E-01
476	1.67E-10	8.08E-11	2.77E-01	2.51E-01
477	1.67E-10	8.00E-11	2.77E-01	2.51E-01
478	1.67E-10	8.00E-11	2.76E-01	2.51E-01
479	1.67E-10	8.08E-11	2.76E-01	2.51E-01
480	1.67E-10	8.08E-11	2.76E-01	2.51E-01
481	1.67E-10	8.08E-11	2.76E-01	2.51E-01
482	1.67E-10	8.00E-11	2.76E-01	2.51E-01
483	1.67E-10	8.00E-11	2.76E-01	2.51E-01
484	1.67E-10	8.00E-11	2.76E-01	2.51E-01
485	1.67E-10	8.00E-11	2.76E-01	2.51E-01
486	1.67E-10	8.00E-11	2.76E-01	2.51E-01
487	1.67E-10	8.00E-11	2.76E-01	2.51E-01
488	1.67E-10	8.00E-11	2.76E-01	2.51E-01
489	1.67E-10	8.00E-11	2.76E-01	2.51E-01
490	1.67E-10	8.08E-11	2.76E-01	2.51E-01
491	1.67E-10	8.08E-11	2.76E-01	2.51E-01
492	1.67E-10	8.09E-11	2.76E-01	2.51E-01
493	1.67E-10	8.09E-11	2.76E-01	2.51E-01
494	1.67E-10	8.09E-11	2.76E-01	2.51E-01
495	1.67E-10	8.09E-11	2.76E-01	2.51E-01
496	1.67E-10	8.08E-11	2.76E-01	2.51E-01
497	1.67E-10	8.08E-11	2.76E-01	2.51E-01
498	1.67E-10	8.08E-11	2.76E-01	2.51E-01
499	1.67E-10	8.08E-11	2.76E-01	2.51E-01
500	1.67E-10	8.08E-11	2.76E-01	2.51E-01
501	1.67E-10	8.08E-11	2.76E-01	2.51E-01
502	1.67E-10	8.08E-11	2.76E-01	2.51E-01
503	1.67E-10	8.08E-11	2.76E-01	2.62E-01
504	1.67E-10	8.08E-11	2.76E-01	2.62E-01
505	1.67E-10	8.08E-11	2.76E-01	2.62E-01
506	1.67E-10	8.08E-11	2.76E-01	2.62E-01
507	1.67E-10	8.08E-11	2.76E-01	2.62E-01
508	1.67E-10	8.08E-11	2.76E-01	2.62E-01
509	1.67E-10	8.08E-11	2.76E-01	2.62E-01
510	1.67E-10	8.08E-11	2.76E-01	2.62E-01
511	1.67E-10	8.08E-11	2.76E-01	2.62E-01
512	1.67E-10	8.08E-11	2.76E-01	2.62E-01
513	8.41E-11	8.08E-11	2.76E-01	2.62E-01
514	8.41E-11	8.08E-11	2.76E-01	2.62E-01
515	8.41E-11	8.08E-11	2.76E-01	2.62E-01
516	8.41E-11	8.08E-11	2.76E-01	2.62E-01
517	8.41E-11	8.08E-11	2.76E-01	2.62E-01
518	8.41E-11	8.08E-11	2.76E-01	2.62E-01
519	8.41E-11	8.08E-11	2.76E-01	2.62E-01
520	8.41E-11	8.08E-11	2.76E-01	2.62E-01
521	8.41E-11	8.08E-11	2.76E-01	2.62E-01
522	8.41E-11	8.08E-11	2.76E-01	2.62E-01
523	8.41E-11	8.08E-11	2.76E-01	2.62E-01
524	8.41E-11	8.08E-11	2.76E-01	2.62E-01
525	8.41E-11	8.08E-11	2.76E-01	2.62E-01
526	8.41E-11	8.08E-11	2.76E-01	2.62E-01
527	8.41E-11	8.08E-11	2.76E-01	2.62E-01
528	8.41E-11	8.08E-11	2.76E-01	2.62E-01
529	8.41E-11	8.08E-11	2.76E-01	2.62E-01
530	8.41E-11	8.08E-11	2.76E-01	2.62E-01
531	8.41E-11	8.08E-11	2.76E-01	2.62E-01
532	8.41E-11	8.08E-11	2.76E-01	2.62E-01
533	8.41E-11	8.08E-11	2.76E-01	2.62E-01
534	8.41E-11	8.08E-11	2.76E-01	2.62E-01
535	8.41E-11	8.08E-11	2.76E-01	2.62E-01
536	8.41E-11	3.93E-11	2.76E-01	2.62E-01
537	8.41E-11	3.93E-11	2.76E-01	2.62E-01
538	8.41E-11	3.93E-11	2.76E-01	2.62E-01
539	8.41E-11	3.93E-11	2.76E-01	2.62E-01
540	8.41E-11	3.93E-11	2.76E-01	2.62E-01
541	8.41E-11	3.93E-11	2.76E-01	2.62E-01
542	8.41E-11	2.73E-11	2.76E-01	2.62E-01
543	8.41E-11	2.73E-11	2.76E-01	2.62E-01
544	8.41E-11	2.73E-11	2.76E-01	2.62E-01
545	8.41E-11	2.73E-11	2.76E-01	2.62E-01
546	8.41E-11	2.73E-11	2.76E-01	2.62E-01
547	8.41E-11	2.73E-11	2.76E-01	2.62E-01
548	8.41E-11	2.73E-11	2.76E-01	2.62E-01
549	8.41E-11	2.73E-11	2.76E-01	2.62E-01
550	8.41E-11	2.73E-11	2.76E-01	2.62E-01
551	8.41E-11	2.73E-11	2.76E-01	2.62E-01
552	8.41E-11	2.73E-11	2.76E-01	2.62E-01
553	8.41E-11	2.73E-11	2.76E-01	2.62E-01
554	8.41E-11	2.73E-11	2.76E-01	2.62E-01
555	8.41E-11	2.73E-11	2.76E-01	2.62E-01
556	8.41E-11	2.73E-11	2.76E-01	2.62E-01
557	8.41E-11	2.73E-11	2.76E-01	2.62E-01
558	8.41E-11	2.73E-11	2.76E-01	2.62E-01
559	8.41E-11	2.73E-11	2.76E-01	2.62E-01
560	8.41E-11	2.74E-11	2.76E-01	2.62E-01
561	8.41E-11	2.73E-11	2.76E-01	2.62E-01
562	8.41E-11	2.73E-11	2.76E-01	2.62E-01
563	8.41E-11	2.74E-11	2.76E-01	2.62E-01
564	3.55E-11	2.74E-11	2.76E-01	2.62E-01
565	3.55E-11	8.01E-12	2.76E-01	2.62E-01
566	5.95E-13	8.01E-12	2.76E-01	2.62E-01
567	5.95E-13	8.01E-12	2.76E-01	2.62E-01
568	5.95E-13	8.01E-12	2.76E-01	2.62E-01
569	5.95E-13	8.01E-12	2.76E-01	2.62E-01
570	5.95E-13	8.01E-12	2.76E-01	2.62E-01
571	5.95E-13	8.01E-12	2.76E-01	2.62E-01
572	2.63E-13	8.01E-12	2.76E-01	2.62E-01
573	2.63E-13	8.01E-12	2.76E-01	2.62E-01
574	2.63E-13	8.01E-12	2.76E-01	2.62E-01
575	2.63E-13	8.01E-12	2.76E-01	2.62E-01
576	2.63E-13	8.01E-12	2.76E-01	2.62E-01
577	2.63E-13	8.01E-12	2.76E-01	2.62E-01
578	2.63E-13	8.01E-12	2.76E-01	2.62E-01
579	2.63E-13	8.01E-12	2.76E-01	2.62E-01
580	2.63E-13	8.01E-12	2.76E-01	2.62E-01
581	2.63E-13	8.01E-12	2.76E-01	2.62E-01
582	2.68E-13	8.01E-12	2.76E-01	2.62E-01
583	2.68E-13	8.01E-12	2.76E-01	2.62E-01
584	1.09E-13	8.01E-12	2.76E-01	2.62E-01
585	1.09E-13	8.01E-12	2.76E-01	2.62E-01
586	1.09E-13	8.01E-12	2.76E-01	2.62E-01
587	1.09E-13	8.01E-12	2.76E-01	2.62E-01
588	1.09E-13	8.01E-12	2.76E-01	2.62E-01
589	1.09E-13	8.01E-12	2.76E-01	2.62E-01
590	1.09E-13	8.01E-12	2.76E-01	2.62E-01
591	1.08E-13	8.01E-12	2.76E-01	2.62E-01
592	1.08E-13	8.01E-12	2.76E-01	2.62E-01
593	1.08E-13	8.01E-12	2.76E-01	2.62E-01
594	1.08E-13	8.01E-12	2.76E-01	2.62E-01
595	1.73E-15	8.01E-12	2.76E-01	2.62E-01
596	1.73E-15	8.01E-12	2.76E-01	2.62E-01
597	1.73E-15	5.62E-12	2.76E-01	2.62E-01
598	1.72E-15	5.62E-12	2.76E-01	2.62E-01
599	1.62E-15	5.62E-12	2.76E-01	2.62E-01
600	1E-20	5.62E-12	2.76E-01	2.62E-01
601	1E-20	5.62E-12	2.76E-01	2.62E-01
602	1E-20	5.62E-12	2.76E-01	2.62E-01
603	1E-20	5.62E-12	2.76E-01	2.62E-01
604	1E-20	5.62E-12	2.76E-01	2.62E-01
605	1E-20	5.62E-12	2.76E-01	2.62E-01
606	1E-20	5.62E-12	2.76E-01	2.62E-01
607	1E-20	5.62E-12	2.76E-01	2.62E-01
608	1E-20	4.81E-12	2.76E-01	2.62E-01
609	1E-20	4.81E-12	2.76E-01	2.62E-01
610	1E-20	4.81E-12	2.76E-01	2.62E-01
611	1E-20	4.81E-12	2.76E-01	2.62E-01
612	1E-20	4.81E-12	2.76E-01	2.62E-01
613	1E-20	4.81E-12	2.76E-01	2.62E-01
614	1E-20	4.81E-12	2.76E-01	2.62E-01
615	1E-20	4.81E-12	2.76E-01	2.62E-01
616	1E-20	4.81E-12	2.76E-01	2.62E-01
617	1E-20	4.81E-12	2.76E-01	2.62E-01
618	1E-20	4.81E-12	2.76E-01	2.62E-01
619	1E-20	4.81E-12	2.76E-01	2.62E-01
620	1E-20	4.81E-12	2.76E-01	2.62E-01
621	1E-20	4.81E-12	2.76E-01	2.62E-01
622	1E-20	4.81E-12	2.76E-01	2.62E-01
623	1E-20	4.81E-12	2.76E-01	2.62E-01
624	1E-20	4.81E-12	2.76E-01	2.62E-01
625	1E-20	4.81E-12	2.76E-01	2.62E-01
626	1E-20	4.81E-12	2.76E-01	2.62E-01
627	1E-20	4.81E-12	2.76E-01	2.62E-01
628	1E-20	4.81E-12	2.76E-01	2.62E-01
629	1E-20	4.81E-12	2.76E-01	2.62E-01
630	1E-20	4.81E-12	2.76E-01	2.62E-01
631	1E-20	4.81E-12	2.76E-01	2.62E-01
632	1E-20	4.81E-12	2.76E-01	2.62E-01
633	1E-20	4.81E-12	2.76E-01	2.62E-01
634	1E-20	4.81E-12	2.76E-01	2.62E-01
635	1E-20	4.81E-12	2.76E-01	2.62E-01
636	1E-20	4.81E-12	2.76E-01	2.62E-01
637	1E-20	4.81E-12	2.76E-01	2.62E-01
638	1E-20	4.81E-12	2.76E-01	2.62E-01
639	1E-20	4.81E-12	2.76E-01	2.62E-01
640	1E-20	4.81E-12	2.76E-01	2.62E-01
641	1E-20	1.19E-12	2.76E-01	2.62E-01
642	1E-20	1.19E-12	2.76E-01	2.62E-01
643	1E-20	1.19E-12	2.76E-01	2.62E-01
644	1E-20	1.19E-12	2.76E-01	2.62E-01
645	1E-20	1.19E-12	2.76E-01	2.62E-01
646	1E-20	1.19E-12	2.76E-01	2.62E-01
647	1E-20	1.19E-12	2.76E-01	2.62E-01
648	1E-20	1.19E-12	2.76E-01	2.62E-01
649	1E-20	1.19E-12	2.76E-01	2.62E-01
650	1E-20	1.19E-12	2.76E-01	2.62E-01
651	1E-20	1.19E-12	2.76E-01	2.62E-01
652	1E-20	1.19E-12	2.76E-01	2.62E-01
653	1E-20	1.19E-12	2.76E-01	2.62E-01
654	1E-20	1.19E-12	2.76E-01	2.62E-01
655	1E-20	1.19E-12	2.76E-01	2.62E-01
656	1E-20	1.19E-12	2.76E-01	2.62E-01
657	1E-20	1.19E-12	2.76E-01	2.62E-01
658	1E-20	1.19E-12	2.76E-01	2.62E-01
659	1E-20	1.19E-12	2.76E-01	2.62E-01
660	1E-20	1.19E-12	2.76E-01	2.62E-01
661	1E-20	1.19E-12	2.76E-01	2.62E-01
662	1E-20	1.19E-12	2.76E-01	2.62E-01
663	1E-20	1.19E-12	2.76E-01	2.62E-01
664	1E-20	1.19E-12	2.76E-01	2.62E-01
665	1E-20	1.19E-12	2.76E-01	2.62E-01
666	1E-20	1.19E-12	2.76E-01	2.62E-01
667	1E-20	1.19E-12	2.76E-01	2.62E-01
668	1E-20	1.19E-12	2.76E-01	2.62E-01
669	1E-20	1.19E-12	2.76E-01	2.62E-01
670	1E-20	1.19E-12	2.76E-01	2.62E-01
671	1E-20	1.19E-12	2.76E-01	2.62E-01
672	1E-20	1.19E-12	2.76E-01	2.62E-01
673	1E-20	1.19E-12	2.76E-01	2.62E-01
674	1E-20	1.19E-12	2.76E-01	2.62E-01
675	1E-20	1.19E-12	2.76E-01	2.62E-01
676	1E-20	1.19E-12	2.76E-01	2.62E-01
677	1E-20	1.19E-12	2.76E-01	2.62E-01
678	1E-20	1.19E-12	2.76E-01	2.62E-01
679	1E-20	1.19E-12	2.76E-01	2.62E-01
680	1E-20	1.19E-12	2.76E-01	2.62E-01
681	1E-20	1.19E-12	2.76E-01	2.62E-01
682	1E-20	1.19E-12	2.76E-01	2.62E-01
683	1E-20	1.19E-12	2.76E-01	2.62E-01
684	1E-20	1.19E-12	2.76E-01	2.62E-01
685	1E-20	1.19E-12	2.76E-01	2.62E-01
686	1E-20	1.19E-12	2.76E-01	2.62E-01
687	1E-20	1.19E-12	2.76E-01	2.62E-01
688	1E-20	1.19E-12	2.76E-01	2.62E-01
689	1E-20	1.19E-12	2.76E-01	2.62E-01
690	1E-20	1.19E-12	2.76E-01	2.62E-01
691	1E-20	1.19E-12	2.76E-01	2.62E-01
692	1E-20	1.19E-12	2.76E-01	2.62E-01
693	1E-20	1.19E-12	2.76E-01	2.62E-01
694	1E-20	1.19E-12	2.76E-01	2.62E-01
695	1E-20	1.19E-12	2.76E-01	2.62E-01
696	1E-20	6.82E-13	2.76E-01	2.62E-01
697	1E-20	6.82E-13	2.76E-01	2.62E-01
698	1E-20	6.82E-13	2.76E-01	2.62E-01
699	1E-20	6.82E-13	2.76E-01	2.62E-01
700	1E-20	6.82E-13	2.76E-01	2.62E-01
701	1E-20	6.82E-13	2.76E-01	2.62E-01
702	1E-20	6.82E-13	2.76E-01	2.62E-01
703	1E-20	6.82E-13	2.76E-01	2.62E-01
704	1E-20	6.82E-13	2.76E-01	2.62E-01
705	1E-20	6.82E-13	2.76E-01	2.62E-01
706	1E-20	3.16E-13	2.76E-01	2.62E-01
707	1E-20	3.16E-13	2.76E-01	2.62E-01
708	1E-20	3.16E-13	2.76E-01	2.62E-01
709	1E-20	3.16E-13	2.76E-01	2.62E-01
710	1E-20	3.16E-13	2.76E-01	2.62E-01
711	1E-20	3.16E-13	2.76E-01	2.62E-01
712	1E-20	3.16E-13	2.76E-01	2.62E-01
713	1E-20	1.76E-13	2.76E-01	2.62E-01
714	1E-20	1.76E-13	2.76E-01	2.62E-01
715	1E-20	1.76E-13	2.76E-01	2.62E-01
716	1E-20	1.76E-13	2.76E-01	2.62E-01
717	1E-20	1.76E-13	2.76E-01	2.62E-01
718	1E-20	1.76E-13	2.76E-01	2.62E-01
719	1E-20	1.76E-13	2.76E-01	2.62E-01
720	1E-20	1.76E-13	2.76E-01	2.62E-01
721	1E-20	1.76E-13	2.76E-01	2.62E-01
722	1E-20	1.76E-13	2.76E-01	2.62E-01
723	1E-20	1.76E-13	2.76E-01	2.62E-01
724	1E-20	1.76E-13	2.76E-01	2.62E-01
725	1E-20	1.76E-13	2.76E-01	2.62E-01
726	1E-20	1.76E-13	2.76E-01	2.62E-01
727	1E-20	1.76E-13	2.76E-01	2.62E-01
728	1E-20	1.76E-13	2.76E-01	2.62E-01
729	1E-20	1.76E-13	2.76E-01	2.62E-01
730	1E-20	1.76E-13	2.76E-01	2.62E-01
731	1E-20	1.76E-13	2.76E-01	2.62E-01
732	1E-20	1.76E-13	2.76E-01	2.62E-01
733	1E-20	1.77E-13	2.76E-01	2.62E-01
734	1E-20	1.77E-13	2.76E-01	2.62E-01
735	1E-20	1.77E-13	2.76E-01	2.62E-01
736	1E-20	1.77E-13	2.76E-01	2.62E-01
737	1E-20	1.77E-13	2.76E-01	2.62E-01
738	1E-20	1.77E-13	2.76E-01	2.62E-01
739	1E-20	1.77E-13	2.76E-01	2.62E-01
740	1E-20	1.77E-13	2.76E-01	2.62E-01
741	1E-20	1.92E-14	2.76E-01	2.62E-01
742	1E-20	1.92E-14	2.76E-01	2.62E-01
743	1E-20	1.92E-14	2.76E-01	2.62E-01
744	1E-20	1.92E-14	2.76E-01	2.62E-01
745	1E-20	1.92E-14	2.76E-01	2.62E-01
746	1E-20	1.92E-14	2.76E-01	2.62E-01
747	1E-20	1.92E-14	2.76E-01	2.62E-01
748	1E-20	1.92E-14	2.76E-01	2.62E-01
749	1E-20	1.92E-14	2.76E-01	2.62E-01
750	1E-20	1.92E-14	2.76E-01	2.62E-01
751	1E-20	1.92E-14	2.76E-01	2.62E-01
752	1E-20	1.92E-14	2.76E-01	2.62E-01
753	1E-20	1.92E-14	2.76E-01	2.62E-01
754	1E-20	1.92E-14	2.76E-01	2.62E-01
755	1E-20	1.92E-14	2.76E-01	2.62E-01
756	1E-20	1.92E-14	2.76E-01	2.62E-01
757	1E-20	1.92E-14	2.76E-01	2.62E-01
758	1E-20	1.92E-14	2.76E-01	2.62E-01
759	1E-20	1.92E-14	2.76E-01	2.62E-01
760	1E-20	1.92E-14	2.76E-01	2.62E-01
761	1E-20	1.92E-14	2.76E-01	2.62E-01
762	1E-20	1.92E-14	2.76E-01	2.62E-01
763	1E-20	1.92E-14	2.76E-01	2.62E-01
764	1E-20	1.92E-14	2.76E-01	2.62E-01
765	1E-20	1.92E-14	2.76E-01	2.62E-01
766	1E-20	1.92E-14	2.76E-01	2.62E-01
767	1E-20	1.92E-14	2.76E-01	2.62E-01
768	1E-20	1.92E-14	2.76E-01	2.62E-01
769	1E-20	1.92E-14	2.76E-01	2.62E-01
770	1E-20	1.92E-14	2.76E-01	2.62E-01
771	1E-20	1.92E-14	2.76E-01	2.62E-01
772	1E-20	1.92E-14	2.76E-01	2.62E-01
773	1E-20	1.92E-14	2.76E-01	2.62E-01
774	1E-20	1.92E-14	2.76E-01	2.62E-01
775	1E-20	1.92E-14	2.76E-01	2.62E-01
776	1E-20	1.92E-14	2.76E-01	2.62E-01
777	1E-20	1.92E-14	2.76E-01	2.62E-01
778	1E-20	1.92E-14	2.76E-01	2.62E-01
779	1E-20	1.92E-14	2.76E-01	2.62E-01
780	1E-20	1.92E-14	2.76E-01	2.62E-01
781	1E-20	1.92E-14	2.76E-01	2.62E-01
782	1E-20	1.92E-14	2.76E-01	2.62E-01
783	1E-20	1.92E-14	2.76E-01	2.62E-01
784	1E-20	1.92E-14	2.76E-01	2.62E-01
785	1E-20	1.92E-14	2.76E-01	2.62E-01
786	1E-20	1.92E-14	2.76E-01	2.62E-01
787	1E-20	1.92E-14	2.76E-01	2.62E-01
788	1E-20	1.92E-14	2.76E-01	2.62E-01
789	1E-20	1.92E-14	2.76E-01	2.62E-01
790	1E-20	1.92E-14	2.76E-01	2.62E-01
791	1E-20	1.92E-14	2.76E-01	2.62E-01
792	1E-20	1.92E-14	2.76E-01	2.62E-01
793	1E-20	1.92E-14	2.76E-01	2.62E-01
794	1E-20	1.64E-15	2.76E-01	2.62E-01
795	1E-20	1.64E-15	2.76E-01	2.62E-01
796	1E-20	1.64E-15	2.76E-01	2.62E-01
797	1E-20	1.64E-15	2.76E-01	2.62E-01
798	1E-20	1.64E-15	2.76E-01	2.62E-01
799	1E-20	1.64E-15	2.76E-01	2.62E-01
800	1E-20	1.64E-15	2.76E-01	2.62E-01
801	1E-20	1.64E-15	2.76E-01	2.62E-01
802	1E-20	1.64E-15	2.76E-01	2.62E-01
803	1E-20	1.62E-15	2.76E-01	2.62E-01
804	1E-20	1.62E-15	2.76E-01	2.62E-01
805	1E-20	1.62E-15	2.76E-01	2.62E-01
806	1E-20	1.62E-15	2.76E-01	2.62E-01
807	1E-20	1.62E-15	2.76E-01	2.62E-01
808	1E-20	1.62E-15	2.76E-01	2.62E-01
809	1E-20	1.62E-15	2.76E-01	2.62E-01
810	1E-20	1.62E-15	2.76E-01	2.62E-01
811	1E-20	1.62E-15	2.76E-01	2.62E-01
812	1E-20	1.62E-15	2.76E-01	2.62E-01
813	1E-20	1.62E-15	2.76E-01	2.62E-01
814	1E-20	1.62E-15	2.76E-01	2.62E-01
815	1E-20	1.62E-15	2.76E-01	2.62E-01
816	1E-20	1.62E-15	2.76E-01	2.62E-01
817	1E-20	1.62E-15	2.76E-01	2.62E-01
818	1E-20	1.62E-15	2.76E-01	2.62E-01
819	1E-20	1.62E-15	2.76E-01	2.62E-01
820	1E-20	1.62E-15	2.76E-01	2.62E-01
821	1E-20	1.62E-15	2.76E-01	2.62E-01
822	1E-20	1.62E-15	2.76E-01	2.62E-01
823	1E-20	1.62E-15	2.76E-01	2.62E-01
824	1E-20	1.62E-15	2.76E-01	2.62E-01
825	1E-20	1.62E-15	2.76E-01	2.62E-01
826	1E-20	1.62E-15	2.76E-01	2.62E-01
827	1E-20	1.62E-15	2.76E-01	2.62E-01
828	1E-20	1.62E-15	2.76E-01	2.62E-01
829	1E-20	1.62E-15	2.76E-01	2.62E-01
830	1E-20	1.62E-15	2.76E-01	2.62E-01
831	1E-20	1.62E-15	2.76E-01	2.62E-01
832	1E-20	1.62E-15	2.76E-01	2.62E-01
833	1E-20	1.62E-15	2.76E-01	2.62E-01
834	1E-20	1.62E-15	2.76E-01	2.62E-01
835	1E-20	1.62E-15	2.76E-01	2.62E-01
836	1E-20	1.62E-15	2.76E-01	2.62E-01
837	1E-20	1.62E-15	2.76E-01	2.62E-01
838	1E-20	1.62E-15	2.76E-01	2.62E-01
839	1E-20	1.62E-15	2.76E-01	2.62E-01
840	1E-20	1.62E-15	2.76E-01	2.62E-01
841	1E-20	1.62E-15	2.76E-01	2.62E-01
842	1E-20	1.62E-15	2.76E-01	2.62E-01
843	1E-20	1.62E-15	2.76E-01	2.62E-01
844	1E-20	1.62E-15	2.76E-01	2.62E-01
845	1E-20	1.62E-15	2.76E-01	2.62E-01
846	1E-20	1.62E-15	2.76E-01	2.62E-01
847	1E-20	1.62E-15	2.76E-01	2.62E-01
848	1E-20	1.62E-15	2.76E-01	2.62E-01
849	1E-20	1.62E-15	2.76E-01	2.62E-01
850	1E-20	1.62E-15	2.76E-01	2.62E-01
851	1E-20	1.62E-15	2.76E-01	2.62E-01
852	1E-20	1.62E-15	2.76E-01	2.62E-01
853	1E-20	1.62E-15	2.76E-01	2.62E-01
854	1E-20	1.62E-15	2.76E-01	2.62E-01
855	1E-20	1.62E-15	2.76E-01	2.62E-01
856	1E-20	1.62E-15	2.76E-01	2.62E-01
857	1E-20	1.62E-15	2.76E-01	2.62E-01
858	1E-20	1.62E-15	2.76E-01	2.62E-01
859	1E-20	1.62E-15	2.76E-01	2.62E-01
860	1E-20	1.62E-15	2.76E-01	2.62E-01
861	1E-20	1.62E-15	2.76E-01	2.62E-01
862	1E-20	1.62E-15	2.76E-01	2.62E-01
863	1E-20	1.62E-15	2.76E-01	2.62E-01
864	1E-20	1.62E-15	2.76E-01	2.62E-01
865	1E-20	1.62E-15	2.76E-01	2.62E-01
866	1E-20	1.62E-15	2.76E-01	2.62E-01
867	1E-20	1.62E-15	2.76E-01	2.62E-01
868	1E-20	1.62E-15	2.76E-01	2.62E-01
869	1E-20	1.62E-15	2.76E-01	2.62E-01
870	1E-20	1.62E-15	2.76E-01	2.62E-01
871	1E-20	1.62E-15	2.76E-01	2.62E-01
872	1E-20	1.62E-15	2.76E-01	2.62E-01
873	1E-20	1.62E-15	2.76E-01	2.62E-01
874	1E-20	1.62E-15	2.76E-01	2.62E-01
875	1E-20	1.62E-15	2.76E-01	2.62E-01
876	1E-20	1.62E-15	2.76E-01	2.62E-01
877	1E-20	1.62E-15	2.76E-01	2.62E-01
878	1E-20	1.62E-15	2.76E-01	2.62E-01
879	1E-20	1.62E-15	2.76E-01	2.62E-01
880	1E-20	1.62E-15	2.76E-01	2.62E-01
881	1E-20	1.62E-15	2.76E-01	2.62E-01
882	1E-20	1.62E-15	2.76E-01	2.62E-01
883	1E-20	1.62E-15	2.76E-01	2.62E-01
884	1E-20	1.62E-15	2.76E-01	2.62E-01
885	1E-20	1.62E-15	2.76E-01	2.62E-01
886	1E-20	1.62E-15	2.76E-01	2.62E-01
887	1E-20	1.62E-15	2.76E-01	2.62E-01
888	1E-20	1.62E-15	2.76E-01	2.62E-01
889	1E-20	1.62E-15	2.76E-01	2.62E-01
890	1E-20	1.62E-15	2.76E-01	2.62E-01
891	1E-20	1.62E-15	2.76E-01	2.62E-01
892	1E-20	1.62E-15	2.76E-01	2.62E-01
893	1E-20	1.62E-15	2.76E-01	2.62E-01
894	1E-20	1.62E-15	2.76E-01	2.62E-01
895	1E-20	1.62E-15	2.76E-01	2.62E-01
896	1E-20	1.62E-15	2.76E-01	2.62E-01
897	1E-20	1.62E-15	2.76E-01	2.62E-01
898	1E-20	1.62E-15	2.76E-01	2.62E-01
899	1E-20	1.62E-15	2.76E-01	2.62E-01
900	1E-20	1.62E-15	2.76E-01	2.62E-01
901	1E-20	1.62E-15	2.76E-01	2.62E-01
902	1E-20	1.62E-15	2.76E-01	2.62E-01
903	1E-20	1.62E-15	2.76E-01	2.62E-01
904	1E-20	1.62E-15	2.76E-01	2.62E-01
905	1E-20	1.62E-15	2.76E-01	2.62E-01
906	1E-20	1.62E-15	2.76E-01	2.62E-01
907	1E-20	1.62E-15	2.76E-01	2.62E-01
908	1E-20	1.62E-15	2.76E-01	2.62E-01
909	1E-20	1.62E-15	2.76E-01	2.62E-01
910	1E-20	1.62E-15	2.76E-01	2.62E-01
911	1E-20	1.62E-15	2.76E-01	2.62E-01
912	1E-20	1.62E-15	2.76E-01	2.62E-01
913	1E-20	1.62E-15	2.76E-01	2.62E-01
914	1E-20	1.62E-15	2.76E-01	2.62E-01
915	1E-20	1.62E-15	2.76E-01	2.62E-01
916	1E-20	1.62E-15	2.76E-01	2.62E-01
917	1E-20	1.62E-15	2.76E-01	2.62E-01
918	1E-20	1.62E-15	2.76E-01	2.62E-01
919	1E-20	1.62E-15	2.76E-01	2.62E-01
920	1E-20	1.62E-15	2.76E-01	2.62E-01
921	1E-20	1.62E-15	2.76E-01	2.62E-01
922	1E-20	1.62E-15	2.76E-01	2.62E-01
923	1E-20	1.62E-15	2.76E-01	2.62E-01
924	1E-20	1.62E-15	2.76E-01	2.62E-01
925	1E-20	1.62E-15	2.76E-01	2.62E-01
926	1E-20	1.62E-15	2.76E-01	2.62E-01
927	1E-20	1.62E-15	2.76E-01	2.62E-01
928	1E-20	1.62E-15	2.76E-01	2.62E-01
929	1E-20	1.62E-15	2.76E-01	2.62E-01
930	1E-20	1.62E-15	2.76E-01	2.62E-01
931	1E-20	1.62E-15	2.76E-01	2.62E-01
932	1E-20	1.62E-15	2.76E-01	2.62E-01
933	1E-20	1.62E-15	2.76E-01	2.62E-01
934	1E-20	1.62E-15	2.76E-01	2.62E-01
935	1E-20	1.62E-15	2.76E-01	2.62E-01
936	1E-20	1.62E-15	2.76E-01	2.62E-01
937	1E-20	1.62E-15	2.76E-01	2.62E-01
938	1E-20	1.62E-15	2.76E-01	2.62E-01
939	1E-20	1.62E-15	2.76E-01	2.62E-01
940	1E-20	1.62E-15	2.76E-01	2.62E-01
941	1E-20	1.62E-15	2.76E-01	2.62E-01
942	1E-20	1.62E-15	2.76E-01	2.62E-01
943	1E-20	1.62E-15	2.76E-01	2.62E-01
944	1E-20	1.62E-15	2.76E-01	2.62E-01
945	1E-20	1.62E-15	2.76E-01	2.62E-01
946	1E-20	1.62E-15	2.76E-01	2.62E-01
947	1E-20	1.62E-15	2.76E-01	2.62E-01
948	1E-20	1.62E-15	2.76E-01	2.62E-01
949	1E-20	1.62E-15	2.76E-01	2.62E-01
950	1E-20	1.62E-15	2.76E-01	2.62E-01
951	1E-20	1.62E-15	2.76E-01	2.62E-01
952	1E-20	1.62E-15	2.76E-01	2.62E-01
953	1E-20	1.62E-15	2.76E-01	2.62E-01
954	1E-20	1.62E-15	2.76E-01	2.62E-01
955	1E-20	1.62E-15	2.76E-01	2.62E-01
956	1E-20	1.62E-15	2.76E-01	2.62E-01
957	1E-20	1.62E-15	2.76E-01	2.62E-01
958	1E-20	1.62E-15	2.76E-01	2.62E-01
959	1E-20	1.62E-15	2.76E-01	2.62E-01
960	1E-20	1.62E-15	2.76E-01	2.62E-01
961	1E-20	1.62E-15	2.76E-01	2.62E-01
962	1E-20	1.62E-15	2.76E-01	2.62E-01
963	1E-20	1.62E-15	2.76E-01	2.62E-01
964	1E-20	1.62E-15	2.76E-01	2.62E-01
965	1E-20	1.62E-15	2.76E-01	2.62E-01
966	1E-20	1.62E-15	2.76E-01	2.62E-01
967	1E-20	1.62E-15	2.76E-01	2.62E-01
968	1E-20	1.62E-15	2.76E-01	2.62E-01
969	1E-20	1.62E-15	2.76E-01	2.62E-01
970	1E-20	1.62E-15	2.76E-01	2.62E-01
971	1E-20	1.62E-15	2.76E-01	2.62E-01
972	1E-20	1.62E-15	2.76E-01	2.62E-01
973	1E-20	1.62E-15	2.76E-01	2.62E-01
974	1E-20	1.62E-15	2.76E-01	2.62E-01
975	1E-20	1.62E-15	2.76E-01	2.62E-01
976	1E-20	1.62E-15	2.76E-01	2.62E-01
977	1E-20	1.62E-15	2.76E-01	2.62E-01
978	1E-20	1.62E-15	2.76E-01	2.62E-01
979	1E-20	1.62E-15	2.76E-01	2.62E-01
980	1E-20	1.62E-15	2.76E-01	2.62E-01
981	1E-20	1.62E-15	2.76E-01	2.62E-01
982	1E-20	1.62E-15	2.76E-01	2.62E-01
983	1E-20	1.62E-15	2.76E-01	2.62E-01
984	1E-20	1.62E-15	2.76E-01	2.62E-01
985	1E-20	1.62E-15	2.76E-01	2.62E-01
986	1E-20	1.62E-15	2.76E-01	2.62E-01
987	1E-20	1.62E-15	2.76E-01	2.62E-01
988	1E-20	1.62E-15	2.76E-01	2.62E-01
989	1E-20	1.62E-15	2.76E-01	2.62E-01
990	1E-20	1.62E-15	2.76E-01	2.62E-01
991	1E-20	1.62E-15	2.76E-01	2.62E-01
992	1E-20	1.62E-15	2.76E-01	2.62E-01
993	1E-20	1.62E-15	2.76E-01	2.62E-01
994	1E-20	1.62E-15	2.76E-01	2.62E-01
995	1E-20	1.62E-15	2.76E-01	2.62E-01
996	1E-20	1.62E-15	2.76E-01	2.62E-01
997	1E-20	1.62E-15	2.76E-01	2.62E-01
998	1E-20	1.62E-15	2.76E-01	2.62E-01
999	1E-20	1.62E-15	2.76E-01	2.62E-01
1000	1E-20	1E-20	2.76E-01	2.62E-01
1001	1E-20	1E-20	2.76E-01	2.62E-01
1002	1E-20	1E-20	2.76E-01	2.62E-01
1003	1E-20	1E-20	2.76E-01	2.62E-01
1004	1E-20	1E-20	2.76E-01	2.62E-01
1005	1E-20	1E-20	2.76E-01	2.62E-01
1006	1E-20	1E-20	2.76E-01	2.62E-01
1007	1E-20	1E-20	2.76E-01	2.62E-01
1008	1E-20	1E-20	2.76E-01	2.62E-01
1009	1E-20	1E-20	2.76E-01	2.62E-01
1010	1E-20	1E-20	2.76E-01	2.62E-01
1011	1E-20	1E-20	2.76E-01	2.62E-01
1012	1E-20	1E-20	2.76E-01	2.62E-01
1013	1E-20	1E-20	2.76E-01	2.62E-01
1014	1E-20	1E-20	2.76E-01	2.62E-01
1015	1E-20	1E-20	2.76E-01	2.62E-01
1016	1E-20	1E-20	2.76E-01	2.62E-01
1017	1E-20	1E-20	2.76E-01	2.62E-01
1018	1E-20	1E-20	2.76E-01	2.62E-01
1019	1E-20	1E-20	2.76E-01	2.62E-01
1020	1E-20	1E-20	2.76E-01	2.62E-01
1021	1E-20	1E-20	2.76E-01	2.62E-01
1022	1E-20	1E-20	2.76E-01	2.62E-01
1023	1E-20	1E-20	2.76E-01	2.62E-01
1024	1E-20	1E-20	2.76E-01	2.62E-01
1025	1E-20	1E-20	2.76E-01	2.62E-01
1026	1E-20	1E-20	2.76E-01	2.62E-01
1027	1E-20	1E-20	2.76E-01	2.62E-01
1028	1E-20	1E-20	2.76E-01	2.62E-01
1029	1E-20	1E-20	2.76E-01	2.62E-01
1030	1E-20	1E-20	2.76E-01	2.62E-01
1031	1E-20	1E-20	2.76E-01	2.62E-01
1032	1E-20	1E-20	2.76E-01	2.62E-01
1033	1E-20	1E-20	2.76E-01	2.62E-01
1034	1E-20	1E-20	2.76E-01	2.62E-01
1035	1E-20	1E-20	2.76E-01	2.62E-01
1036	1E-20	1E-20	2.76E-01	2.62E-01
1037	1E-20	1E-20	2.76E-01	2.62E-01
1038	1E-20	1E-20	2.76E-01	2.62E-01
1039	1E-20	1E-20	2.76E-01	2.62E-01
1040	1E-20	1E-20	2.76E-01	2.62E-01
1041	1E-20	1E-20	2.76E-01	2.62E-01
1042	1E-20	1E-20	2.76E-01	2.62E-01
1043	1E-20	1E-20	2.76E-01	2.62E-01
1044	1E-20	1E-20	2.76E-01	2.62E-01
1045	1E-20	1E-20	2.76E-01	2.62E-01
1046	1E-20	1E-20	2.76E-01	2.62E-01
1047	1E-20	1E-20	2.76E-01	2.62E-01
1048	1E-20	1E-20	2.76E-01	2.62E-01
1049	1E-20	1E-20	2.76E-01	2.62E-01
1050	1E-20	1E-20	2.76E-01	2.62E-01
1051	1E-20	1E-20	2.76E-01	2.62E-01
1052	1E-20	1E-20	2.76E-01	2.62E-01
1053	1E-20	1E-20	2.76E-01	2.62E-01
1054	1E-20	1E-20	2.76E-01	2.62E-01
1055	1E-20	1E-20	2.76E-01	2.62E-01
1056	1E-20	1E-20	2.76E-01	2.62E-01
1057	1E-20	1E-20	2.76E-01	2.62E-01
1058	1E-20	1E-20	2.76E-01	2.62E-01
1059	1E-20	1E-20	2.76E-01	2.62E-01
1060	1E-20	1E-20	2.76E-01	2.62E-01
1061	1E-20	1E-20	2.76E-01	2.62E-01
1062	1E-20	1E-20	2.76E-01	2.62E-01
1063	1E-20	1E-20	2.76E-01	2.62E-01
1064	1E-20	1E-20	2.76E-01	2.62E-01
1065	1E-20	1E-20	2.76E-01	2.62E-01
1066	1E-20	1E-20	2.76E-01	2.62E-01
1067	1E-20	1E-20	2.76E-01	2.62E-01
1068	1E-20	1E-20	2.76E-01	2.62E-01
1069	1E-20	1E-20	2.76E-01	2.62E-01
1070	1E-20	1E-20	2.76E-01	2.62E-01
1071	1E-20	1E-20	2.76E-01	2.62E-01
1072	1E-20	1E-20	2.76E-01	2.62E-01
1073	1E-20	1E-20	2.76E-01	2.62E-01
1074	1E-20	1E-20	2.76E-01	2.62E-01
1075	1E-20	1E-20	2.76E-01	2.62E-01
1076	1E-20	1E-20	2.76E-01	2.62E-01
1077	1E-20	1E-20	2.76E-01	2.62E-01
1078	1E-20	1E-20	2.76E-01	2.62E-01
1079	1E-20	1E-20	2.76E-01	2.62E-01
1080	1E-20	1E-20	2.76E-01	2.62E-01
1081	1E-20	1E-20	2.76E-01	2.62E-01
1082	1E-20	1E-20	2.76E-01	2.62E-01
1083	1E-20	1E-20	2.76E-01	2.62E-01
1084	1E-20	1E-20	2.76E-01	2.62E-01
1085	1E-20	1E-20	2.76E-01	2.62E-01
1086	1E-20	1E-20	2.76E-01	2.62E-01
1087	1E-20	1E-20	2.76E-01	2.62E-01
1088	1E-20	1E-20	2.76E-01	2.62E-01
1089	1E-20	1E-20	2.76E-01	2.62E-01
1090	1E-20	1E-20	2.76E-01	2.62E-01
1091	1E-20	1E-20	2.76E-01	2.62E-01
1092	1E-20	1E-20	2.76E-01	2.62E-01
1093	1E-20	1E-20	2.76E-01	2.62E-01
1094	1E-20	1E-20	2.76E-01	2.62E-01
1095	1E-20	1E-20	2.76E-01	2.62E-01
1096	1E-20	1E-20	2.76E-01	2.62E-01
1097	1E-20	1E-20	2.76E-01	2.62E-01
1098	1E-20	1E-20	2.76E-01	2.62E-01
1099	1E-20	1E-20	2.76E-01	2.62E-01
1100	1E-20	1E-20	2.76E-01	2.62E-01
1101	1E-20	1E-20	2.76E-01	2.62E-01
1102	1E-20	1E-20	2.76E-01	2.62E-01
1103	1E-20	1E-20	2.76E-01	2.62E-01
1104	1E-20	1E-20	2.76E-01	2.62E-01
1105	1E-20	1E-20	2.76E-01	2.62E-01
1106	1E-20	1E-20	2.76E-01	2.62E-01
1107	1E-20	1E-20	2.76E-01	2.62E-01
1108	1E-20	1E-20	2.76E-01	2.62E-01
1109	1E-20	1E-20	2.76E-01	2.62E-01
1110	1E-20	1E-20	2.76E-01	2.62E-01
1111	1E-20	1E-20	2.76E-01	2.62E-01
1112	1E-20	1E-20	2.76E-01	2.62E-01
1113	1E-20	1E-20	2.76E-01	2.62E-01
1114	1E-20	1E-20	2.76E-01	2.62E-01
1115	1E-20	1E-20	2.76E-01	2.62E-01
1116	1E-20	1E-20	2.76E-01	2.62E-01
1117	1E-20	1E-20	2.76E-01	2.62E-01
1118	1E-20	1E-20	2.76E-01	2.62E-01
1119	1E-20	1E-20	2.76E-01	2.62E-01
1120	1E-20	1E-20	2.76E-01	2.62E-01
1121	1E-20	1E-20	2.76E-01	2.62E-01
1122	1E-20	1E-20	2.76E-01	2.62E-01
1123	1E-20	1E-20	2.76E-01	2.62E-01
1124	1E-20	1E-20	2.76E-01	2.62E-01
1125	1E-20	1E-20	2.76E-01	2.62E-01
1126	1E-20	1E-20	2.76E-01	2.62E-01
1127	1E-20	1E-20	2.76E-01	2.62E-01
1128	1E-20	1E-20	2.76E-01	2.62E-01
1129	1E-20	1E-20	2.76E-01	2.62E-01
1130	1E-20	1E-20	2.76E-01	2.62E-01
1131	1E-20	1E-20	2.76E-01	2.62E-01
1132	1E-20	1E-20	2.76E-01	2.62E-01
1133	1E-20	1E-20	2.76E-01	2.62E-01
1134	1E-20	1E-20	2.76E-01	2.62E-01
1135	1E-20	1E-20	2.76E-01	2.62E-01
1136	1E-20	1E-20	2.76E-01	2.62E-01
1137	1E-20	1E-20	2.76E-01	2.62E-01
1138	1E-20	1E-20	2.76E-01	2.62E-01
1139	1E-20	1E-20	2.76E-01	2.62E-01
1140	1E-20	1E-20	2.76E-01	2.62E-01
1141	1E-20	1E-20	2.76E-01	2.62E-01
1142	1E-20	1E-20	2.76E-01	2.62E-01
1143	1E-20	1E-20	2.76E-01	2.62E-01
1144	1E-20	1E-20	2.76E-01	2.62E-01
1145	1E-20	1E-20	2.76E-01	2.62E-01
1146	1E-20	1E-20	2.76E-01	2.62E-01
1147	1E-20	1E-20	2.76E-01	2.62E-01
1148	1E-20	1E-20	2.76E-01	2.62E-01
1149	1E-20	1E-20	2.76E-01	2.62E-01
1150	1E-20	1E-20	2.76E-01	2.62E-01
1151	1E-20	1E-20	2.76E-01	2.62E-01
1152	1E-20	1E-20	2.76E-01	2.62E-01
1153	1E-20	1E-20	2.76E-01	2.62E-01
1154	1E-20	1E-20	2.76E-01	2.62E-01
1155	1E-20	1E-20	2.76E-01	2.62E-01
1156	1E-20	1E-20	2.76E-01	2.62E-01
1157	1E-20	1E-20	2.76E-01	2.62E-01
1158	1E-20	1E-20	2.76E-01	2.62E-01
1159	1E-20	1E-20	2.76E-01	2.62E-01
1160	1E-20	1E-20	2.76E-01	2.62E-01
1161	1E-20	1E-20	2.76E-01	2.62E-01
1162	1E-20	1E-20	2.76E-01	2.62E-01
1163	1E-20	1E-20	2.76E-01	2.62E-01
1164	1E-20	1E-20	2.76E-01	2.62E-01
1165	1E-20	1E-20	2.76E-01	2.62E-01
1166	1E-20	1E-20	2.77E-01	2.62E-01
1167	1E-20	1E-20	2.77E-01	2.62E-01
1168	1E-20	1E-20	2.77E-01	2.62E-01
1169	1E-20	1E-20	2.77E-01	2.62E-01
1170	1E-20	1E-20	2.77E-01	2.62E-01
1171	1E-20	1E-20	2.77E-01	2.62E-01
1172	1E-20	1E-20	2.77E-01	2.62E-01
1173	1E-20	1E-20	2.77E-01	2.62E-01
1174	1E-20	1E-20	2.77E-01	2.62E-01
1175	1E-20	1E-20	2.77E-01	2.62E-01
1176	1E-20	1E-20	2.77E-01	2.62E-01
1177	1E-20	1E-20	2.77E-01	2.62E-01
1178	1E-20	1E-20	2.77E-01	2.62E-01
1179	1E-20	1E-20	2.77E-01	2.62E-01
1180	1E-20	1E-20	2.77E-01	2.62E-01
1181	1E-20	1E-20	2.77E-01	2.62E-01
1182	1E-20	1E-20	2.77E-01	2.62E-01
1183	1E-20	1E-20	2.77E-01	2.62E-01
1184	1E-20	1E-20	2.77E-01	2.62E-01
1185	1E-20	1E-20	2.77E-01	2.62E-01
1186	1E-20	1E-20	2.77E-01	2.62E-01
1187	1E-20	1E-20	2.77E-01	2.62E-01
1188	1E-20	1E-20	2.77E-01	2.62E-01
1189	1E-20	1E-20	2.77E-01	2.62E-01
1190	1E-20	1E-20	2.77E-01	2.62E-01
1191	1E-20	1E-20	2.77E-01	2.62E-01
1192	1E-20	1E-20	2.77E-01	2.62E-01
1193	1E-20	1E-20	2.77E-01	2.62E-01
1194	1E-20	1E-20	2.77E-01	2.62E-01
1195	1E-20	1E-20	2.77E-01	2.62E-01
1196	1E-20	1E-20	2.77E-01	2.62E-01
1197	1E-20	1E-20	2.77E-01	2.62E-01
1198	1E-20	1E-20	2.77E-01	2.62E-01
1199	1E-20	1E-20	2.77E-01	2.62E-01
1200	1E-20	1E-20	2.77E-01	2.62E-01
1201	1E-20	1E-20	2.77E-01	2.62E-01
1202	1E-20	1E-20	2.77E-01	2.62E-01
1203	1E-20	1E-20	2.77E-01	2.62E-01
1204	1E-20	1E-20	2.77E-01	2.62E-01
1205	1E-20	1E-20	2.77E-01	2.62E-01
1206	1E-20	1E-20	2.77E-01	2.62E-01
1207	1E-20	1E-20	2.77E-01	2.62E-01
1208	1E-20	1E-20	2.77E-01	2.62E-01
1209	1E-20	1E-20	2.77E-01	2.62E-01
1210	1E-20	1E-20	2.77E-01	2.62E-01
1211	1E-20	1E-20	2.77E-01	2.62E-01
1212	1E-20	1E-20	2.77E-01	2.62E-01
1213	1E-20	1E-20	2.77E-01	2.62E-01
1214	1E-20	1E-20	2.77E-01	2.62E-01
1215	1E-20	1E-20	2.77E-01	2.62E-01
1216	1E-20	1E-20	2.77E-01	2.62E-01
1217	1E-20	1E-20	2.77E-01	2.62E-01
1218	1E-20	1E-20	2.77E-01	2.62E-01
1219	1E-20	1E-20	2.77E-01	2.62E-01
1220	1E-20	1E-20	2.77E-01	2.62E-01
1221	1E-20	1E-20	2.77E-01	2.62E-01
1222	1E-20	1E-20	2.77E-01	2.62E-01
1223	1E-20	1E-20	2.77E-01	2.62E-01
1224	1E-20	1E-20	2.77E-01	2.62E-01
1225	1E-20	1E-20	2.77E-01	2.62E-01
1226	1E-20	1E-20	2.77E-01	2.62E-01
1227	1E-20	1E-20	2.77E-01	2.62E-01
1228	1E-20	1E-20	2.77E-01	2.62E-01
1229	1E-20	1E-20	2.77E-01	2.62E-01
1230	1E-20	1E-20	2.77E-01	2.62E-01
1231	1E-20	1E-20	2.77E-01	2.62E-01
1232	1E-20	1E-20	2.77E-01	2.62E-01
1233	1E-20	1E-20	2.77E-01	2.62E-01
1234	1E-20	1E-20	2.77E-01	2.62E-01
1235	1E-20	1E-20	2.77E-01	2.62E-01
1236	1E-20	1E-20	2.77E-01	2.62E-01
1237	1E-20	1E-20	2.77E-01	2.62E-01
1238	1E-20	1E-20	2.77E-01	2.62E-01
1239	1E-20	1E-20	2.77E-01	2.62E-01
1240	1E-20	1E-20	2.77E-01	2.62E-01
1241	1E-20	1E-20	2.77E-01	2.62E-01
1242	1E-20	1E-20	2.77E-01	2.62E-01
1243	1E-20	1E-20	2.77E-01	2.62E-01
1244	1E-20	1E-20	2.77E-01	2.62E-01
1245	1E-20	1E-20	2.77E-01	2.62E-01
1246	1E-20	1E-20	2.77E-01	2.62E-01
1247	1E-20	1E-20	2.77E-01	2.62E-01
1248	1E-20	1E-20	2.77E-01	2.62E-01
1249	1E-20	1E-20	2.77E-01	2.62E-01
1250	1E-20	1E-20	1E-20	2.62E-01
1251	1E-20	1E-20	1E-20	2.62E-01
1252	1E-20	1E-20	1E-20	2.62E-01
1253	1E-20	1E-20	1E-20	2.62E-01
1254	1E-20	1E-20	1E-20	2.62E-01
1255	1E-20	1E-20	1E-20	2.62E-01
1256	1E-20	1E-20	1E-20	2.62E-01
1257	1E-20	1E-20	1E-20	2.62E-01
1258	1E-20	1E-20	1E-20	2.62E-01
1259	1E-20	1E-20	1E-20	2.62E-01
1260	1E-20	1E-20	1E-20	2.62E-01
1261	1E-20	1E-20	1E-20	2.62E-01
1262	1E-20	1E-20	1E-20	2.62E-01
1263	1E-20	1E-20	1E-20	2.62E-01
1264	1E-20	1E-20	1E-20	2.62E-01
1265	1E-20	1E-20	1E-20	2.62E-01
1266	1E-20	1E-20	1E-20	2.62E-01
1267	1E-20	1E-20	1E-20	2.62E-01
1268	1E-20	1E-20	1E-20	2.62E-01
1269	1E-20	1E-20	1E-20	2.62E-01
1270	1E-20	1E-20	1E-20	2.62E-01
1271	1E-20	1E-20	1E-20	2.62E-01
1272	1E-20	1E-20	1E-20	2.62E-01
1273	1E-20	1E-20	1E-20	2.62E-01
1274	1E-20	1E-20	1E-20	2.62E-01
1275	1E-20	1E-20	1E-20	2.62E-01
1276	1E-20	1E-20	1E-20	2.62E-01
1277	1E-20	1E-20	1E-20	2.62E-01
1278	1E-20	1E-20	1E-20	2.62E-01
1279	1E-20	1E-20	1E-20	2.62E-01
1280	1E-20	1E-20	1E-20	2.62E-01
1281	1E-20	1E-20	1E-20	2.62E-01
1282	1E-20	1E-20	1E-20	2.62E-01
1283	1E-20	1E-20	1E-20	2.62E-01
1284	1E-20	1E-20	1E-20	2.62E-01
1285	1E-20	1E-20	1E-20	2.62E-01
1286	1E-20	1E-20	1E-20	2.62E-01
1287	1E-20	1E-20	1E-20	2.62E-01
1288	1E-20	1E-20	1E-20	2.62E-01
1289	1E-20	1E-20	1E-20	2.62E-01
1290	1E-20	1E-20	1E-20	2.62E-01
1291	1E-20	1E-20	1E-20	2.62E-01
1292	1E-20	1E-20	1E-20	2.62E-01
1293	1E-20	1E-20	1E-20	2.62E-01
1294	1E-20	1E-20	1E-20	2.62E-01
1295	1E-20	1E-20	1E-20	2.62E-01
1296	1E-20	1E-20	1E-20	2.62E-01
1297	1E-20	1E-20	1E-20	2.62E-01
1298	1E-20	1E-20	1E-20	2.62E-01
1299	1E-20	1E-20	1E-20	2.62E-01
1300	1E-20	1E-20	1E-20	2.62E-01
1301	1E-20	1E-20	1E-20	2.62E-01
1302	1E-20	1E-20	1E-20	2.62E-01
1303	1E-20	1E-20	1E-20	2.62E-01
1304	1E-20	1E-20	1E-20	2.62E-01
1305	1E-20	1E-20	1E-20	2.62E-01
1306	1E-20	1E-20	1E-20	2.62E-01
1307	1E-20	1E-20	1E-20	2.62E-01
1308	1E-20	1E-20	1E-20	2.62E-01
1309	1E-20	1E-20	1E-20	2.62E-01
1310	1E-20	1E-20	1E-20	2.62E-01
1311	1E-20	1E-20	1E-20	2.62E-01
1312	1E-20	1E-20	1E-20	2.62E-01
1313	1E-20	1E-20	1E-20	2.62E-01
1314	1E-20	1E-20	1E-20	2.62E-01
1315	1E-20	1E-20	1E-20	2.62E-01
1316	1E-20	1E-20	1E-20	2.62E-01
1317	1E-20	1E-20	1E-20	2.62E-01
1318	1E-20	1E-20	1E-20	2.62E-01
1319	1E-20	1E-20	1E-20	2.62E-01
1320	1E-20	1E-20	1E-20	2.62E-01
1321	1E-20	1E-20	1E-20	2.62E-01
1322	1E-20	1E-20	1E-20	2.62E-01
1323	1E-20	1E-20	1E-20	2.62E-01
1324	1E-20	1E-20	1E-20	2.62E-01
1325	1E-20	1E-20	1E-20	2.62E-01
1326	1E-20	1E-20	1E-20	2.62E-01
1327	1E-20	1E-20	1E-20	2.62E-01
1328	1E-20	1E-20	1E-20	2.62E-01
1329	1E-20	1E-20	1E-20	2.62E-01
1330	1E-20	1E-20	1E-20	2.62E-01
1331	1E-20	1E-20	1E-20	2.62E-01
1332	1E-20	1E-20	1E-20	2.62E-01
1333	1E-20	1E-20	1E-20	2.62E-01
1334	1E-20	1E-20	1E-20	2.62E-01
1335	1E-20	1E-20	1E-20	2.62E-01
1336	1E-20	1E-20	1E-20	2.62E-01
1337	1E-20	1E-20	1E-20	2.62E-01
1338	1E-20	1E-20	1E-20	2.62E-01
1339	1E-20	1E-20	1E-20	2.62E-01
1340	1E-20	1E-20	1E-20	2.62E-01
1341	1E-20	1E-20	1E-20	2.62E-01
1342	1E-20	1E-20	1E-20	2.62E-01
1343	1E-20	1E-20	1E-20	2.62E-01
1344	1E-20	1E-20	1E-20	2.62E-01
1345	1E-20	1E-20	1E-20	2.62E-01
1346	1E-20	1E-20	1E-20	2.62E-01
1347	1E-20	1E-20	1E-20	2.62E-01
1348	1E-20	1E-20	1E-20	2.62E-01
1349	1E-20	1E-20	1E-20	2.62E-01
1350	1E-20	1E-20	1E-20	2.62E-01
1351	1E-20	1E-20	1E-20	2.62E-01
1352	1E-20	1E-20	1E-20	2.62E-01
1353	1E-20	1E-20	1E-20	2.62E-01
1354	1E-20	1E-20	1E-20	2.62E-01
1355	1E-20	1E-20	1E-20	2.62E-01
1356	1E-20	1E-20	1E-20	2.62E-01
1357	1E-20	1E-20	1E-20	2.62E-01
1358	1E-20	1E-20	1E-20	2.62E-01
1359	1E-20	1E-20	1E-20	2.62E-01
1360	1E-20	1E-20	1E-20	2.62E-01
1361	1E-20	1E-20	1E-20	2.62E-01
1362	1E-20	1E-20	1E-20	2.62E-01
1363	1E-20	1E-20	1E-20	2.62E-01
1364	1E-20	1E-20	1E-20	2.62E-01
1365	1E-20	1E-20	1E-20	2.62E-01
1366	1E-20	1E-20	1E-20	2.62E-01
1367	1E-20	1E-20	1E-20	2.62E-01
1368	1E-20	1E-20	1E-20	2.62E-01
1369	1E-20	1E-20	1E-20	2.62E-01
1370	1E-20	1E-20	1E-20	2.62E-01
1371	1E-20	1E-20	1E-20	2.62E-01
1372	1E-20	1E-20	1E-20	2.62E-01
1373	1E-20	1E-20	1E-20	2.62E-01
1374	1E-20	1E-20	1E-20	2.62E-01
1375	1E-20	1E-20	1E-20	2.62E-01
1376	1E-20	1E-20	1E-20	2.62E-01
1377	1E-20	1E-20	1E-20	2.62E-01
1378	1E-20	1E-20	1E-20	2.62E-01
1379	1E-20	1E-20	1E-20	2.62E-01
1380	1E-20	1E-20	1E-20	2.62E-01
1381	1E-20	1E-20	1E-20	2.62E-01
1382	1E-20	1E-20	1E-20	2.62E-01
1383	1E-20	1E-20	1E-20	2.62E-01
1384	1E-20	1E-20	1E-20	2.62E-01
1385	1E-20	1E-20	1E-20	2.62E-01
1386	1E-20	1E-20	1E-20	2.62E-01
1387	1E-20	1E-20	1E-20	2.62E-01
1388	1E-20	1E-20	1E-20	2.62E-01
1389	1E-20	1E-20	1E-20	2.62E-01
1390	1E-20	1E-20	1E-20	2.62E-01
1391	1E-20	1E-20	1E-20	2.62E-01
1392	1E-20	1E-20	1E-20	2.62E-01
1393	1E-20	1E-20	1E-20	2.62E-01
1394	1E-20	1E-20	1E-20	2.62E-01
1395	1E-20	1E-20	1E-20	2.62E-01
1396	1E-20	1E-20	1E-20	2.62E-01
1397	1E-20	1E-20	1E-20	2.62E-01
1398	1E-20	1E-20	1E-20	2.62E-01
1399	1E-20	1E-20	1E-20	2.62E-01
1400	1E-20	1E-20	1E-20	2.62E-01
1401	1E-20	1E-20	1E-20	2.62E-01
1402	1E-20	1E-20	1E-20	2.62E-01
1403	1E-20	1E-20	1E-20	2.62E-01
1404	1E-20	1E-20	1E-20	2.62E-01
1405	1E-20	1E-20	1E-20	2.62E-01
1406	1E-20	1E-20	1E-20	2.62E-01
1407	1E-20	1E-20	1E-20	2.62E-01
1408	1E-20	1E-20	1E-20	2.62E-01
1409	1E-20	1E-20	1E-20	2.62E-01
1410	1E-20	1E-20	1E-20	2.62E-01
1411	1E-20	1E-20	1E-20	2.62E-01
1412	1E-20	1E-20	1E-20	2.62E-01
1413	1E-20	1E-20	1E-20	2.62E-01
1414	1E-20	1E-20	1E-20	2.62E-01
1415	1E-20	1E-20	1E-20	2.62E-01
1416	1E-20	1E-20	1E-20	2.62E-01
1417	1E-20	1E-20	1E-20	2.62E-01
1418	1E-20	1E-20	1E-20	2.62E-01
1419	1E-20	1E-20	1E-20	2.62E-01
1420	1E-20	1E-20	1E-20	2.62E-01
1421	1E-20	1E-20	1E-20	2.62E-01
1422	1E-20	1E-20	1E-20	2.62E-01
1423	1E-20	1E-20	1E-20	2.62E-01
1424	1E-20	1E-20	1E-20	2.62E-01
1425	1E-20	1E-20	1E-20	2.62E-01
1426	1E-20	1E-20	1E-20	2.62E-01
1427	1E-20	1E-20	1E-20	2.62E-01
1428	1E-20	1E-20	1E-20	2.62E-01
1429	1E-20	1E-20	1E-20	2.62E-01
1430	1E-20	1E-20	1E-20	2.62E-01
1431	1E-20	1E-20	1E-20	2.62E-01
1432	1E-20	1E-20	1E-20	2.62E-01
1433	1E-20	1E-20	1E-20	2.62E-01
1434	1E-20	1E-20	1E-20	2.62E-01
1435	1E-20	1E-20	1E-20	2.62E-01
1436	1E-20	1E-20	1E-20	2.62E-01
1437	1E-20	1E-20	1E-20	2.62E-01
1438	1E-20	1E-20	1E-20	2.62E-01
1439	1E-20	1E-20	1E-20	2.62E-01
1440	1E-20	1E-20	1E-20	2.62E-01
1441	1E-20	1E-20	1E-20	2.62E-01
1442	1E-20	1E-20	1E-20	2.62E-01
1443	1E-20	1E-20	1E-20	2.62E-01
1444	1E-20	1E-20	1E-20	2.62E-01
1445	1E-20	1E-20	1E-20	2.62E-01
1446	1E-20	1E-20	1E-20	2.62E-01
1447	1E-20	1E-20	1E-20	2.62E-01
1448	1E-20	1E-20	1E-20	2.62E-01
1449	1E-20	1E-20	1E-20	2.62E-01
1450	1E-20	1E-20	1E-20	2.62E-01
1451	1E-20	1E-20	1E-20	2.62E-01
1452	1E-20	1E-20	1E-20	2.62E-01
1453	1E-20	1E-20	1E-20	2.62E-01
1454	1E-20	1E-20	1E-20	2.62E-01
1455	1E-20	1E-20	1E-20	2.62E-01
1456	1E-20	1E-20	1E-20	2.62E-01
1457	1E-20	1E-20	1E-20	2.62E-01
1458	1E-20	1E-20	1E-20	2.62E-01
1459	1E-20	1E-20	1E-20	2.62E-01
1460	1E-20	1E-20	1E-20	2.62E-01
1461	1E-20	1E-20	1E-20	2.62E-01
1462	1E-20	1E-20	1E-20	2.62E-01
1463	1E-20	1E-20	1E-20	2.62E-01
1464	1E-20	1E-20	1E-20	2.62E-01
1465	1E-20	1E-20	1E-20	2.62E-01
1466	1E-20	1E-20	1E-20	2.62E-01
1467	1E-20	1E-20	1E-20	2.62E-01
1468	1E-20	1E-20	1E-20	2.62E-01
1469	1E-20	1E-20	1E-20	2.62E-01
1470	1E-20	1E-20	1E-20	2.62E-01
1471	1E-20	1E-20	1E-20	2.62E-01
1472	1E-20	1E-20	1E-20	2.62E-01
1473	1E-20	1E-20	1E-20	2.62E-01
1474	1E-20	1E-20	1E-20	2.62E-01
1475	1E-20	1E-20	1E-20	2.62E-01
1476	1E-20	1E-20	1E-20	2.62E-01
1477	1E-20	1E-20	1E-20	2.62E-01
1478	1E-20	1E-20	1E-20	2.62E-01
1479	1E-20	1E-20	1E-20	2.62E-01
1480	1E-20	1E-20	1E-20	2.62E-01
1481	1E-20	1E-20	1E-20	2.62E-01
1482	1E-20	1E-20	1E-20	2.62E-01
1483	1E-20	1E-20	1E-20	2.62E-01
1484	1E-20	1E-20	1E-20	2.62E-01
1485	1E-20	1E-20	1E-20	2.62E-01
1486	1E-20	1E-20	1E-20	2.62E-01
1487	1E-20	1E-20	1E-20	2.62E-01
1488	1E-20	1E-20	1E-20	2.62E-01
1489	1E-20	1E-20	1E-20	2.62E-01
1490	1E-20	1E-20	1E-20	2.62E-01
1491	1E-20	1E-20	1E-20	2.62E-01
1492	1E-20	1E-20	1E-20	2.62E-01
1493	1E-20	1E-20	1E-20	2.62E-01
1494	1E-20	1E-20	1E-20	2.62E-01
1495	1E-20	1E-20	1E-20	2.62E-01
1496	1E-20	1E-20	1E-20	2.62E-01
1497	1E-20	1E-20	1E-20	2.62E-01
1498	1E-20	1E-20	1E-20	2.62E-01
1499	1E-20	1E-20	1E-20	2.62E-01
1500	1E-20	1E-20	1E-20	2.62E-01
1501	1E-20	1E-20	1E-20	2.62E-01
1502	1E-20	1E-20	1E-20	2.62E-01
1503	1E-20	1E-20	1E-20	2.62E-01
1504	1E-20	1E-20	1E-20	2.62E-01
1505	1E-20	1E-20	1E-20	2.62E-01
1506	1E-20	1E-20	1E-20	2.62E-01
1507	1E-20	1E-20	1E-20	2.62E-01
1508	1E-20	1E-20	1E-20	2.62E-01
1509	1E-20	1E-20	1E-20	2.62E-01
1510	1E-20	1E-20	1E-20	2.62E-01
1511	1E-20	1E-20	1E-20	2.62E-01
1512	1E-20	1E-20	1E-20	2.62E-01
1513	1E-20	1E-20	1E-20	2.62E-01
1514	1E-20	1E-20	1E-20	2.62E-01
1515	1E-20	1E-20	1E-20	2.62E-01
1516	1E-20	1E-20	1E-20	2.62E-01
1517	1E-20	1E-20	1E-20	2.62E-01
1518	1E-20	1E-20	1E-20	2.62E-01
1519	1E-20	1E-20	1E-20	2.62E-01
1520	1E-20	1E-20	1E-20	2.62E-01
1521	1E-20	1E-20	1E-20	2.62E-01
1522	1E-20	1E-20	1E-20	2.62E-01
1523	1E-20	1E-20	1E-20	2.62E-01
1524	1E-20	1E-20	1E-20	2.62E-01
1525	1E-20	1E-20	1E-20	2.62E-01
1526	1E-20	1E-20	1E-20	2.62E-01
1527	1E-20	1E-20	1E-20	2.62E-01
1528	1E-20	1E-20	1E-20	2.62E-01
1529	1E-20	1E-20	1E-20	2.62E-01
1530	1E-20	1E-20	1E-20	2.62E-01
1531	1E-20	1E-20	1E-20	2.62E-01
1532	1E-20	1E-20	1E-20	2.62E-01
1533	1E-20	1E-20	1E-20	2.62E-01
1534	1E-20	1E-20	1E-20	2.62E-01
1535	1E-20	1E-20	1E-20	2.62E-01
1536	1E-20	1E-20	1E-20	2.62E-01
1537	1E-20	1E-20	1E-20	2.62E-01
1538	1E-20	1E-20	1E-20	2.62E-01
1539	1E-20	1E-20	1E-20	2.62E-01
1540	1E-20	1E-20	1E-20	2.62E-01
1541	1E-20	1E-20	1E-20	2.62E-01
1542	1E-20	1E-20	1E-20	2.62E-01
1543	1E-20	1E-20	1E-20	2.62E-01
1544	1E-20	1E-20	1E-20	2.62E-01
1545	1E-20	1E-20	1E-20	2.62E-01
1546	1E-20	1E-20	1E-20	2.62E-01
1547	1E-20	1E-20	1E-20	2.62E-01
1548	1E-20	1E-20	1E-20	2.62E-01
1549	1E-20	1E-20	1E-20	2.62E-01
1550	1E-20	1E-20	1E-20	2.62E-01
1551	1E-20	1E-20	1E-20	2.62E-01
1552	1E-20	1E-20	1E-20	2.62E-01
1553	1E-20	1E-20	1E-20	2.62E-01
1554	1E-20	1E-20	1E-20	2.62E-01
1555	1E-20	1E-20	1E-20	2.62E-01
1556	1E-20	1E-20	1E-20	2.62E-01
1557	1E-20	1E-20	1E-20	2.62E-01
1558	1E-20	1E-20	1E-20	2.62E-01
1559	1E-20	1E-20	1E-20	2.62E-01
1560	1E-20	1E-20	1E-20	2.62E-01
1561	1E-20	1E-20	1E-20	2.62E-01
1562	1E-20	1E-20	1E-20	2.62E-01
1563	1E-20	1E-20	1E-20	2.62E-01
1564	1E-20	1E-20	1E-20	2.62E-01
1565	1E-20	1E-20	1E-20	2.62E-01
1566	1E-20	1E-20	1E-20	2.62E-01
1567	1E-20	1E-20	1E-20	2.62E-01
1568	1E-20	1E-20	1E-20	2.62E-01
1569	1E-20	1E-20	1E-20	2.62E-01
1570	1E-20	1E-20	1E-20	2.62E-01
1571	1E-20	1E-20	1E-20	2.62E-01
1572	1E-20	1E-20	1E-20	2.62E-01
1573	1E-20	1E-20	1E-20	2.62E-01
1574	1E-20	1E-20	1E-20	2.62E-01
1575	1E-20	1E-20	1E-20	2.62E-01
1576	1E-20	1E-20	1E-20	2.62E-01
1577	1E-20	1E-20	1E-20	2.62E-01
1578	1E-20	1E-20	1E-20	2.62E-01
1579	1E-20	1E-20	1E-20	2.62E-01
1580	1E-20	1E-20	1E-20	2.62E-01
1581	1E-20	1E-20	1E-20	2.62E-01
1582	1E-20	1E-20	1E-20	2.62E-01
1583	1E-20	1E-20	1E-20	2.62E-01
1584	1E-20	1E-20	1E-20	2.62E-01
1585	1E-20	1E-20	1E-20	2.62E-01
1586	1E-20	1E-20	1E-20	2.62E-01
1587	1E-20	1E-20	1E-20	2.62E-01
1588	1E-20	1E-20	1E-20	2.62E-01
1589	1E-20	1E-20	1E-20	2.62E-01
1590	1E-20	1E-20	1E-20	2.62E-01
1591	1E-20	1E-20	1E-20	2.62E-01
1592	1E-20	1E-20	1E-20	2.62E-01
1593	1E-20	1E-20	1E-20	2.62E-01
1594	1E-20	1E-20	1E-20	2.62E-01
1595	1E-20	1E-20	1E-20	2.62E-01
1596	1E-20	1E-20	1E-20	2.62E-01
1597	1E-20	1E-20	1E-20	2.62E-01
1598	1E-20	1E-20	1E-20	2.62E-01
1599	1E-20	1E-20	1E-20	2.62E-01
1600	1E-20	1E-20	1E-20	2.62E-01
1601	1E-20	1E-20	1E-20	2.62E-01
1602	1E-20	1E-20	1E-20	2.62E-01
1603	1E-20	1E-20	1E-20	2.62E-01
1604	1E-20	1E-20	1E-20	2.62E-01
1605	1E-20	1E-20	1E-20	2.62E-01
1606	1E-20	1E-20	1E-20	2.62E-01
1607	1E-20	1E-20	1E-20	2.62E-01
1608	1E-20	1E-20	1E-20	2.62E-01
1609	1E-20	1E-20	1E-20	2.62E-01
1610	1E-20	1E-20	1E-20	2.62E-01
1611	1E-20	1E-20	1E-20	2.62E-01
1612	1E-20	1E-20	1E-20	2.62E-01
1613	1E-20	1E-20	1E-20	2.62E-01
1614	1E-20	1E-20	1E-20	2.62E-01
1615	1E-20	1E-20	1E-20	2.62E-01
1616	1E-20	1E-20	1E-20	2.62E-01
1617	1E-20	1E-20	1E-20	2.62E-01
1618	1E-20	1E-20	1E-20	2.62E-01
1619	1E-20	1E-20	1E-20	2.62E-01
1620	1E-20	1E-20	1E-20	2.62E-01
1621	1E-20	1E-20	1E-20	2.62E-01
1622	1E-20	1E-20	1E-20	2.62E-01
1623	1E-20	1E-20	1E-20	2.62E-01
1624	1E-20	1E-20	1E-20	2.62E-01
1625	1E-20	1E-20	1E-20	2.62E-01
1626	1E-20	1E-20	1E-20	2.62E-01
1627	1E-20	1E-20	1E-20	2.62E-01
1628	1E-20	1E-20	1E-20	2.62E-01
1629	1E-20	1E-20	1E-20	2.62E-01
1630	1E-20	1E-20	1E-20	2.62E-01
1631	1E-20	1E-20	1E-20	2.62E-01
1632	1E-20	1E-20	1E-20	2.62E-01
1633	1E-20	1E-20	1E-20	2.62E-01
1634	1E-20	1E-20	1E-20	2.62E-01
1635	1E-20	1E-20	1E-20	2.62E-01
1636	1E-20	1E-20	1E-20	2.62E-01
1637	1E-20	1E-20	1E-20	2.62E-01
1638	1E-20	1E-20	1E-20	2.62E-01
1639	1E-20	1E-20	1E-20	2.62E-01
1640	1E-20	1E-20	1E-20	2.62E-01
1641	1E-20	1E-20	1E-20	2.62E-01
1642	1E-20	1E-20	1E-20	2.62E-01
1643	1E-20	1E-20	1E-20	2.62E-01
1644	1E-20	1E-20	1E-20	2.62E-01
1645	1E-20	1E-20	1E-20	2.62E-01
1646	1E-20	1E-20	1E-20	2.62E-01
1647	1E-20	1E-20	1E-20	2.62E-01
1648	1E-20	1E-20	1E-20	2.62E-01
1649	1E-20	1E-20	1E-20	2.62E-01
1650	1E-20	1E-20	1E-20	2.62E-01
1651	1E-20	1E-20	1E-20	2.62E-01
1652	1E-20	1E-20	1E-20	2.62E-01
1653	1E-20	1E-20	1E-20	2.62E-01
1654	1E-20	1E-20	1E-20	2.62E-01
1655	1E-20	1E-20	1E-20	2.62E-01
1656	1E-20	1E-20	1E-20	2.62E-01
1657	1E-20	1E-20	1E-20	2.62E-01
1658	1E-20	1E-20	1E-20	2.62E-01
1659	1E-20	1E-20	1E-20	2.62E-01
1660	1E-20	1E-20	1E-20	2.62E-01
1661	1E-20	1E-20	1E-20	2.62E-01
1662	1E-20	1E-20	1E-20	2.62E-01
1663	1E-20	1E-20	1E-20	2.62E-01
1664	1E-20	1E-20	1E-20	2.62E-01
1665	1E-20	1E-20	1E-20	2.62E-01
1666	1E-20	1E-20	1E-20	2.62E-01
1667	1E-20	1E-20	1E-20	2.62E-01
1668	1E-20	1E-20	1E-20	2.62E-01
1669	1E-20	1E-20	1E-20	2.62E-01
1670	1E-20	1E-20	1E-20	2.62E-01
1671	1E-20	1E-20	1E-20	2.62E-01
1672	1E-20	1E-20	1E-20	2.62E-01
1673	1E-20	1E-20	1E-20	2.62E-01
1674	1E-20	1E-20	1E-20	2.62E-01
1675	1E-20	1E-20	1E-20	2.62E-01
1676	1E-20	1E-20	1E-20	2.62E-01
1677	1E-20	1E-20	1E-20	2.62E-01
1678	1E-20	1E-20	1E-20	2.62E-01
1679	1E-20	1E-20	1E-20	2.62E-01
1680	1E-20	1E-20	1E-20	2.62E-01
1681	1E-20	1E-20	1E-20	2.62E-01
1682	1E-20	1E-20	1E-20	2.62E-01
1683	1E-20	1E-20	1E-20	2.62E-01
1684	1E-20	1E-20	1E-20	2.62E-01
1685	1E-20	1E-20	1E-20	2.62E-01
1686	1E-20	1E-20	1E-20	2.62E-01
1687	1E-20	1E-20	1E-20	2.62E-01
1688	1E-20	1E-20	1E-20	2.62E-01
1689	1E-20	1E-20	1E-20	2.62E-01
1690	1E-20	1E-20	1E-20	2.62E-01
1691	1E-20	1E-20	1E-20	2.62E-01
1692	1E-20	1E-20	1E-20	2.62E-01
1693	1E-20	1E-20	1E-20	2.62E-01
1694	1E-20	1E-20	1E-20	2.62E-01
1695	1E-20	1E-20	1E-20	2.62E-01
1696	1E-20	1E-20	1E-20	2.62E-01
1697	1E-20	1E-20	1E-20	2.62E-01
1698	1E-20	1E-20	1E-20	2.62E-01
1699	1E-20	1E-20	1E-20	2.62E-01
1700	1E-20	1E-20	1E-20	2.62E-01
1701	1E-20	1E-20	1E-20	2.62E-01
1702	1E-20	1E-20	1E-20	2.62E-01
1703	1E-20	1E-20	1E-20	2.62E-01
1704	1E-20	1E-20	1E-20	2.62E-01
1705	1E-20	1E-20	1E-20	2.62E-01
1706	1E-20	1E-20	1E-20	2.62E-01
1707	1E-20	1E-20	1E-20	2.62E-01
1708	1E-20	1E-20	1E-20	2.62E-01
1709	1E-20	1E-20	1E-20	2.62E-01
1710	1E-20	1E-20	1E-20	2.62E-01
1711	1E-20	1E-20	1E-20	2.62E-01
1712	1E-20	1E-20	1E-20	2.62E-01
1713	1E-20	1E-20	1E-20	2.62E-01
1714	1E-20	1E-20	1E-20	2.62E-01
1715	1E-20	1E-20	1E-20	2.62E-01
1716	1E-20	1E-20	1E-20	2.62E-01
1717	1E-20	1E-20	1E-20	2.62E-01
1718	1E-20	1E-20	1E-20	2.62E-01
1719	1E-20	1E-20	1E-20	2.62E-01
1720	1E-20	1E-20	1E-20	2.62E-01
1721	1E-20	1E-20	1E-20	2.62E-01
1722	1E-20	1E-20	1E-20	2.62E-01
1723	1E-20	1E-20	1E-20	2.62E-01
1724	1E-20	1E-20	1E-20	2.62E-01
1725	1E-20	1E-20	1E-20	2.62E-01
1726	1E-20	1E-20	1E-20	2.62E-01
1727	1E-20	1E-20	1E-20	2.62E-01
1728	1E-20	1E-20	1E-20	2.62E-01
1729	1E-20	1E-20	1E-20	2.62E-01
1730	1E-20	1E-20	1E-20	2.62E-01
1731	1E-20	1E-20	1E-20	2.62E-01
1732	1E-20	1E-20	1E-20	2.62E-01
1733	1E-20	1E-20	1E-20	2.62E-01
1734	1E-20	1E-20	1E-20	2.62E-01
1735	1E-20	1E-20	1E-20	2.62E-01
1736	1E-20	1E-20	1E-20	2.62E-01
1737	1E-20	1E-20	1E-20	2.62E-01
1738	1E-20	1E-20	1E-20	2.62E-01
1739	1E-20	1E-20	1E-20	2.62E-01
1740	1E-20	1E-20	1E-20	2.62E-01
1741	1E-20	1E-20	1E-20	2.62E-01
1742	1E-20	1E-20	1E-20	2.62E-01
1743	1E-20	1E-20	1E-20	2.62E-01
1744	1E-20	1E-20	1E-20	2.62E-01
1745	1E-20	1E-20	1E-20	2.62E-01
1746	1E-20	1E-20	1E-20	2.62E-01
1747	1E-20	1E-20	1E-20	2.62E-01
1748	1E-20	1E-20	1E-20	2.62E-01
1749	1E-20	1E-20	1E-20	2.62E-01
1750	1E-20	1E-20	1E-20	2.62E-01
1751	1E-20	1E-20	1E-20	2.62E-01
1752	1E-20	1E-20	1E-20	2.62E-01
1753	1E-20	1E-20	1E-20	2.62E-01
1754	1E-20	1E-20	1E-20	2.62E-01
1755	1E-20	1E-20	1E-20	2.62E-01
1756	1E-20	1E-20	1E-20	2.62E-01
1757	1E-20	1E-20	1E-20	2.62E-01
1758	1E-20	1E-20	1E-20	2.62E-01
1759	1E-20	1E-20	1E-20	2.62E-01
1760	1E-20	1E-20	1E-20	2.62E-01
1761	1E-20	1E-20	1E-20	2.62E-01
1762	1E-20	1E-20	1E-20	2.62E-01
1763	1E-20	1E-20	1E-20	2.62E-01
1764	1E-20	1E-20	1E-20	2.62E-01
1765	1E-20	1E-20	1E-20	2.62E-01
1766	1E-20	1E-20	1E-20	2.62E-01
1767	1E-20	1E-20	1E-20	2.62E-01
1768	1E-20	1E-20	1E-20	2.62E-01
1769	1E-20	1E-20	1E-20	2.62E-01
1770	1E-20	1E-20	1E-20	2.62E-01
1771	1E-20	1E-20	1E-20	2.62E-01
1772	1E-20	1E-20	1E-20	2.62E-01
1773	1E-20	1E-20	1E-20	2.62E-01
1774	1E-20	1E-20	1E-20	2.62E-01
1775	1E-20	1E-20	1E-20	2.62E-01
1776	1E-20	1E-20	1E-20	2.62E-01
1777	1E-20	1E-20	1E-20	2.62E-01
1778	1E-20	1E-20	1E-20	2.62E-01
1779	1E-20	1E-20	1E-20	2.62E-01
1780	1E-20	1E-20	1E-20	2.62E-01
1781	1E-20	1E-20	1E-20	2.62E-01
1782	1E-20	1E-20	1E-20	2.62E-01
1783	1E-20	1E-20	1E-20	2.62E-01
1784	1E-20	1E-20	1E-20	2.62E-01
1785	1E-20	1E-20	1E-20	2.62E-01
1786	1E-20	1E-20	1E-20	2.62E-01
1787	1E-20	1E-20	1E-20	2.62E-01
1788	1E-20	1E-20	1E-20	2.62E-01
1789	1E-20	1E-20	1E-20	2.62E-01
1790	1E-20	1E-20	1E-20	2.62E-01
1791	1E-20	1E-20	1E-20	2.62E-01
1792	1E-20	1E-20	1E-20	2.62E-01
1793	1E-20	1E-20	1E-20	2.62E-01
1794	1E-20	1E-20	1E-20	2.62E-01
1795	1E-20	1E-20	1E-20	2.62E-01
1796	1E-20	1E-20	1E-20	2.62E-01
1797	1E-20	1E-20	1E-20	2.62E-01
1798	1E-20	1E-20	1E-20	2.62E-01
1799	1E-20	1E-20	1E-20	2.62E-01
1800	1E-20	1E-20	1E-20	2.62E-01
1801	1E-20	1E-20	1E-20	2.62E-01
1802	1E-20	1E-20	1E-20	2.62E-01
1803	1E-20	1E-20	1E-20	2.62E-01
1804	1E-20	1E-20	1E-20	2.62E-01
1805	1E-20	1E-20	1E-20	2.62E-01
1806	1E-20	1E-20	1E-20	2.62E-01
1807	1E-20	1E-20	1E-20	2.62E-01
1808	1E-20	1E-20	1E-20	2.62E-01
1809	1E-20	1E-20	1E-20	2.62E-01
1810	1E-20	1E-20	1E-20	2.62E-01
1811	1E-20	1E-20	1E-20	2.62E-01
1812	1E-20	1E-20	1E-20	2.62E-01
1813	1E-20	1E-20	1E-20	2.62E-01
1814	1E-20	1E-20	1E-20	2.62E-01
1815	1E-20	1E-20	1E-20	2.62E-01
1816	1E-20	1E-20	1E-20	2.62E-01
1817	1E-20	1E-20	1E-20	2.62E-01
1818	1E-20	1E-20	1E-20	2.62E-01
1819	1E-20	1E-20	1E-20	2.62E-01
1820	1E-20	1E-20	1E-20	2.62E-01
1821	1E-20	1E-20	1E-20	2.62E-01
1822	1E-20	1E-20	1E-20	2.62E-01
1823	1E-20	1E-20	1E-20	2.62E-01
1824	1E-20	1E-20	1E-20	2.62E-01
1825	1E-20	1E-20	1E-20	2.62E-01
1826	1E-20	1E-20	1E-20	2.62E-01
1827	1E-20	1E-20	1E-20	2.62E-01
1828	1E-20	1E-20	1E-20	2.62E-01
1829	1E-20	1E-20	1E-20	2.62E-01
1830	1E-20	1E-20	1E-20	2.62E-01
1831	1E-20	1E-20	1E-20	2.62E-01
1832	1E-20	1E-20	1E-20	2.62E-01
1833	1E-20	1E-20	1E-20	2.62E-01
1834	1E-20	1E-20	1E-20	2.62E-01
1835	1E-20	1E-20	1E-20	2.62E-01
1836	1E-20	1E-20	1E-20	2.62E-01
1837	1E-20	1E-20	1E-20	2.62E-01
1838	1E-20	1E-20	1E-20	2.62E-01
1839	1E-20	1E-20	1E-20	2.62E-01
1840	1E-20	1E-20	1E-20	2.62E-01
1841	1E-20	1E-20	1E-20	2.62E-01
1842	1E-20	1E-20	1E-20	2.62E-01
1843	1E-20	1E-20	1E-20	2.62E-01
1844	1E-20	1E-20	1E-20	2.62E-01
1845	1E-20	1E-20	1E-20	2.62E-01
1846	1E-20	1E-20	1E-20	2.62E-01
1847	1E-20	1E-20	1E-20	2.62E-01
1848	1E-20	1E-20	1E-20	2.62E-01
1849	1E-20	1E-20	1E-20	2.62E-01
1850	1E-20	1E-20	1E-20	2.62E-01
1851	1E-20	1E-20	1E-20	2.62E-01
1852	1E-20	1E-20	1E-20	2.62E-01
1853	1E-20	1E-20	1E-20	2.62E-01
1854	1E-20	1E-20	1E-20	2.62E-01
1855	1E-20	1E-20	1E-20	2.62E-01
1856	1E-20	1E-20	1E-20	2.62E-01
1857	1E-20	1E-20	1E-20	2.62E-01
1858	1E-20	1E-20	1E-20	2.62E-01
1859	1E-20	1E-20	1E-20	2.62E-01
1860	1E-20	1E-20	1E-20	2.62E-01
1861	1E-20	1E-20	1E-20	2.62E-01
1862	1E-20	1E-20	1E-20	2.62E-01
1863	1E-20	1E-20	1E-20	2.62E-01
1864	1E-20	1E-20	1E-20	2.62E-01
1865	1E-20	1E-20	1E-20	2.62E-01
1866	1E-20	1E-20	1E-20	2.62E-01
1867	1E-20	1E-20	1E-20	2.62E-01
1868	1E-20	1E-20	1E-20	2.62E-01
1869	1E-20	1E-20	1E-20	2.62E-01
1870	1E-20	1E-20	1E-20	2.62E-01
1871	1E-20	1E-20	1E-20	2.62E-01
1872	1E-20	1E-20	1E-20	2.62E-01
1873	1E-20	1E-20	1E-20	2.62E-01
1874	1E-20	1E-20	1E-20	2.62E-01
1875	1E-20	1E-20	1E-20	2.62E-01
1876	1E-20	1E-20	1E-20	2.62E-01
1877	1E-20	1E-20	1E-20	2.62E-01
1878	1E-20	1E-20	1E-20	2.62E-01
1879	1E-20	1E-20	1E-20	2.62E-01
1880	1E-20	1E-20	1E-20	2.62E-01
1881	1E-20	1E-20	1E-20	2.62E-01
1882	1E-20	1E-20	1E-20	2.62E-01
1883	1E-20	1E-20	1E-20	2.62E-01
1884	1E-20	1E-20	1E-20	2.62E-01
1885	1E-20	1E-20	1E-20	2.62E-01
1886	1E-20	1E-20	1E-20	2.62E-01
1887	1E-20	1E-20	1E-20	2.62E-01
1888	1E-20	1E-20	1E-20	2.62E-01
1889	1E-20	1E-20	1E-20	2.62E-01
1890	1E-20	1E-20	1E-20	2.62E-01
1891	1E-20	1E-20	1E-20	2.62E-01
1892	1E-20	1E-20	1E-20	2.62E-01
1893	1E-20	1E-20	1E-20	2.62E-01
1894	1E-20	1E-20	1E-20	2.62E-01
1895	1E-20	1E-20	1E-20	2.62E-01
1896	1E-20	1E-20	1E-20	2.62E-01
1897	1E-20	1E-20	1E-20	2.62E-01
1898	1E-20	1E-20	1E-20	2.62E-01
1899	1E-20	1E-20	1E-20	2.62E-01
1900	1E-20	1E-20	1E-20	2.62E-01
1901	1E-20	1E-20	1E-20	2.62E-01
1902	1E-20	1E-20	1E-20	2.62E-01
1903	1E-20	1E-20	1E-20	2.62E-01
1904	1E-20	1E-20	1E-20	2.62E-01
1905	1E-20	1E-20	1E-20	2.62E-01
1906	1E-20	1E-20	1E-20	2.62E-01
1907	1E-20	1E-20	1E-20	2.62E-01
1908	1E-20	1E-20	1E-20	2.62E-01
1909	1E-20	1E-20	1E-20	2.62E-01
1910	1E-20	1E-20	1E-20	2.62E-01
1911	1E-20	1E-20	1E-20	2.62E-01
1912	1E-20	1E-20	1E-20	2.62E-01
1913	1E-20	1E-20	1E-20	2.62E-01
1914	1E-20	1E-20	1E-20	2.62E-01
1915	1E-20	1E-20	1E-20	2.62E-01
1916	1E-20	1E-20	1E-20	2.62E-01
1917	1E-20	1E-20	1E-20	2.62E-01
1918	1E-20	1E-20	1E-20	2.62E-01
1919	1E-20	1E-20	1E-20	2.62E-01
1920	1E-20	1E-20	1E-20	2.62E-01
1921	1E-20	1E-20	1E-20	2.62E-01
1922	1E-20	1E-20	1E-20	2.62E-01
1923	1E-20	1E-20	1E-20	2.62E-01
1924	1E-20	1E-20	1E-20	2.62E-01
1925	1E-20	1E-20	1E-20	2.62E-01
1926	1E-20	1E-20	1E-20	2.62E-01
1927	1E-20	1E-20	1E-20	2.62E-01
1928	1E-20	1E-20	1E-20	2.62E-01
1929	1E-20	1E-20	1E-20	2.62E-01
1930	1E-20	1E-20	1E-20	2.62E-01
1931	1E-20	1E-20	1E-20	2.62E-01
1932	1E-20	1E-20	1E-20	2.62E-01
1933	1E-20	1E-20	1E-20	2.62E-01
1934	1E-20	1E-20	1E-20	2.62E-01
1935	1E-20	1E-20	1E-20	2.62E-01
1936	1E-20	1E-20	1E-20	2.62E-01
1937	1E-20	1E-20	1E-20	2.62E-01
1938	1E-20	1E-20	1E-20	2.62E-01
1939	1E-20	1E-20	1E-20	2.62E-01
1940	1E-20	1E-20	1E-20	2.62E-01
1941	1E-20	1E-20	1E-20	2.62E-01
1942	1E-20	1E-20	1E-20	2.62E-01
1943	1E-20	1E-20	1E-20	2.62E-01
1944	1E-20	1E-20	1E-20	2.62E-01
1945	1E-20	1E-20	1E-20	2.62E-01
1946	1E-20	1E-20	1E-20	2.62E-01
1947	1E-20	1E-20	1E-20	2.62E-01
1948	1E-20	1E-20	1E-20	2.62E-01
1949	1E-20	1E-20	1E-20	2.62E-01
1950	1E-20	1E-20	1E-20	2.62E-01
1951	1E-20	1E-20	1E-20	2.62E-01
1952	1E-20	1E-20	1E-20	2.62E-01
1953	1E-20	1E-20	1E-20	2.62E-01
1954	1E-20	1E-20	1E-20	2.62E-01
1955	1E-20	1E-20	1E-20	2.62E-01
1956	1E-20	1E-20	1E-20	2.62E-01
1957	1E-20	1E-20	1E-20	2.62E-01
1958	1E-20	1E-20	1E-20	2.62E-01
1959	1E-20	1E-20	1E-20	2.62E-01
1960	1E-20	1E-20	1E-20	2.62E-01
1961	1E-20	1E-20	1E-20	2.62E-01
1962	1E-20	1E-20	1E-20	2.62E-01
1963	1E-20	1E-20	1E-20	2.62E-01
1964	1E-20	1E-20	1E-20	2.62E-01
1965	1E-20	1E-20	1E-20	2.62E-01
1966	1E-20	1E-20	1E-20	2.62E-01
1967	1E-20	1E-20	1E-20	2.62E-01
1968	1E-20	1E-20	1E-20	2.62E-01
1969	1E-20	1E-20	1E-20	2.62E-01
1970	1E-20	1E-20	1E-20	2.62E-01
1971	1E-20	1E-20	1E-20	2.62E-01
1972	1E-20	1E-20	1E-20	2.62E-01
1973	1E-20	1E-20	1E-20	2.62E-01
1974	1E-20	1E-20	1E-20	2.62E-01
1975	1E-20	1E-20	1E-20	2.62E-01
1976	1E-20	1E-20	1E-20	2.62E-01
1977	1E-20	1E-20	1E-20	2.62E-01
1978	1E-20	1E-20	1E-20	2.62E-01
1979	1E-20	1E-20	1E-20	2.62E-01
1980	1E-20	1E-20	1E-20	2.62E-01
1981	1E-20	1E-20	1E-20	2.62E-01
1982	1E-20	1E-20	1E-20	2.62E-01
1983	1E-20	1E-20	1E-20	2.62E-01
1984	1E-20	1E-20	1E-20	2.62E-01
1985	1E-20	1E-20	1E-20	2.62E-01
1986	1E-20	1E-20	1E-20	2.62E-01
1987	1E-20	1E-20	1E-20	2.62E-01
1988	1E-20	1E-20	1E-20	2.62E-01
1989	1E-20	1E-20	1E-20	2.62E-01
1990	1E-20	1E-20	1E-20	2.62E-01
1991	1E-20	1E-20	1E-20	2.62E-01
1992	1E-20	1E-20	1E-20	2.62E-01
1993	1E-20	1E-20	1E-20	2.62E-01
1994	1E-20	1E-20	1E-20	2.62E-01
1995	1E-20	1E-20	1E-20	2.62E-01
1996	1E-20	1E-20	1E-20	2.62E-01
1997	1E-20	1E-20	1E-20	2.62E-01
1998	1E-20	1E-20	1E-20	2.62E-01
1999	1E-20	1E-20	1E-20	2.62E-01

