0	0.00E+00	0.00E+00	0.00E+00	0.00E+00
1	0.00E+00	0.00E+00	0.00E+00	0.00E+00
2	2.79E-01	3.57E-01	9.06E-01	9.12E-01
3	1.41E-01	3.11E-01	6.05E-01	8.10E-01
4	2.09E-01	3.80E-01	6.05E-01	9.03E-01
5	1.43E-01	3.95E-01	7.92E-01	7.45E-01
6	2.18E-01	2.18E-01	7.20E-01	8.99E-01
7	1.35E-01	1.56E-01	7.75E-01	3.47E-01
8	1.45E-01	2.21E-01	6.66E-01	4.75E-01
9	2.17E-01	2.55E-01	5.59E-01	5.42E-01
10	9.83E-02	2.72E-01	5.89E-01	5.42E-01
11	1.12E-01	3.17E-01	2.85E-01	2.38E-01
12	1.09E-01	3.01E-01	4.07E-01	2.38E-01
13	1.72E-01	1.20E-01	6.65E-01	2.38E-01
14	2.59E-01	1.47E-01	5.12E-01	2.38E-01
15	1.31E-01	1.74E-01	5.79E-01	2.38E-01
16	1.36E-01	1.66E-01	2.71E-01	2.27E-01
17	1.35E-01	2.25E-01	2.71E-01	2.43E-01
18	1.76E-01	2.95E-01	3.01E-01	1.38E-01
19	9.92E-02	1.93E-01	4.54E-01	1.38E-01
20	4.29E-02	2.07E-01	3.23E-01	1.37E-01
21	8.53E-02	2.40E-01	3.35E-01	1.37E-01
22	1.49E-01	2.51E-01	3.69E-01	1.37E-01
23	1.51E-01	2.90E-01	4.42E-01	1.37E-01
24	3.52E-02	1.94E-01	3.63E-01	1.37E-01
25	6.85E-02	1.94E-01	2.81E-01	1.05E-01
26	4.72E-02	1.16E-01	2.51E-01	1.05E-01
27	5.11E-02	1.91E-01	3.71E-01	1.05E-01
28	1.04E-01	1.09E-01	2.43E-01	1.40E-01
29	8.60E-02	1.56E-01	2.49E-01	1.40E-01
30	5.65E-02	2.09E-01	2.98E-01	1.05E-01
31	7.56E-02	1.55E-01	2.99E-01	1.39E-01
32	1.23E-01	1.62E-01	2.95E-01	1.06E-01
33	2.65E-01	1.04E-01	1.49E-01	1.06E-01
34	2.36E-01	2.01E-01	1.49E-01	1.06E-01
35	2.28E-01	2.50E-01	2.40E-01	1.05E-01
36	1.84E-01	1.79E-01	2.32E-01	9.71E-02
37	2.17E-01	1.10E-01	3.86E-01	1.05E-01
38	2.45E-01	1.96E-01	2.63E-01	1.05E-01
39	2.27E-01	2.16E-01	3.47E-01	7.83E-02
40	2.37E-01	2.00E-01	2.47E-01	7.83E-02
41	2.27E-01	1.86E-01	1.78E-01	1.03E-01
42	2.14E-01	1.64E-01	1.49E-01	1.03E-01
43	2.56E-01	1.55E-01	2.40E-01	7.95E-02
44	1.76E-01	1.51E-01	2.22E-01	7.73E-02
45	2.43E-01	1.29E-01	2.31E-01	7.73E-02
46	2.64E-01	1.34E-01	2.67E-01	1.03E-01
47	2.54E-01	1.29E-01	2.58E-01	7.73E-02
48	2.68E-01	1.63E-01	2.29E-01	7.16E-02
49	2.46E-01	1.83E-01	1.55E-01	7.16E-02
50	2.30E-01	1.67E-01	1.74E-01	7.16E-02
51	2.10E-01	1.23E-01	2.17E-01	6.91E-02
52	2.43E-01	1.28E-01	1.12E-01	6.91E-02
53	2.33E-01	1.59E-01	1.33E-01	6.91E-02
54	2.15E-01	1.76E-01	1.59E-01	6.87E-02
55	2.14E-01	1.77E-01	1.74E-01	6.87E-02
56	2.53E-01	1.70E-01	2.20E-01	6.91E-02
57	2.72E-01	1.81E-01	1.94E-01	6.91E-02
58	2.27E-01	1.73E-01	1.26E-01	6.91E-02
59	2.03E-01	1.92E-01	1.27E-01	6.91E-02
60	1.42E-01	1.65E-01	9.15E-02	6.91E-02
61	1.40E-01	2.01E-01	1.23E-01	6.91E-02
62	1.81E-01	1.99E-01	1.01E-01	6.91E-02
63	1.67E-01	1.90E-01	1.59E-01	6.83E-02
64	1.92E-01	1.70E-01	1.93E-01	6.83E-02
65	1.91E-01	1.88E-01	2.42E-01	5.74E-02
66	2.47E-01	1.71E-01	1.97E-01	5.74E-02
67	2.41E-01	6.43E-02	2.33E-01	5.74E-02
68	2.45E-01	7.00E-02	9.50E-02	5.74E-02
69	2.40E-01	1.26E-01	1.04E-01	6.19E-02
70	2.56E-01	1.55E-01	1.30E-01	6.19E-02
71	1.58E-01	1.66E-01	1.14E-01	6.19E-02
72	1.54E-01	1.73E-01	8.86E-02	6.19E-02
73	2.20E-01	1.77E-01	1.49E-01	6.19E-02
74	2.10E-01	1.71E-01	1.51E-01	5.58E-02
75	1.34E-01	1.33E-01	1.44E-01	5.58E-02
76	1.11E-01	1.27E-01	1.66E-01	6.19E-02
77	1.37E-01	1.47E-01	1.64E-01	5.58E-02
78	1.44E-01	1.31E-01	1.64E-01	5.58E-02
79	1.39E-01	1.45E-01	1.69E-01	5.58E-02
80	1.32E-01	1.47E-01	2.12E-01	5.58E-02
81	1.36E-01	8.77E-02	1.66E-01	5.58E-02
82	1.44E-01	1.35E-01	1.56E-01	5.58E-02
83	1.61E-01	1.64E-01	1.09E-01	5.58E-02
84	1.87E-01	1.64E-01	1.43E-01	5.58E-02
85	7.36E-02	1.48E-01	1.27E-01	5.58E-02
86	1.14E-01	1.30E-01	1.81E-01	5.58E-02
87	1.56E-01	1.41E-01	1.45E-01	5.58E-02
88	5.75E-02	1.43E-01	1.83E-01	5.58E-02
89	8.43E-02	1.49E-01	1.83E-01	5.58E-02
90	9.21E-02	1.41E-01	1.70E-01	5.60E-02
91	2.00E-01	1.73E-01	1.71E-01	5.60E-02
92	2.10E-01	1.61E-01	1.37E-01	5.60E-02
93	2.60E-01	1.72E-01	1.78E-01	5.60E-02
94	2.41E-01	1.82E-01	1.79E-01	5.60E-02
95	2.34E-01	1.20E-01	1.93E-01	5.60E-02
96	2.00E-01	1.73E-01	1.93E-01	5.60E-02
97	1.93E-01	1.65E-01	1.88E-01	5.60E-02
98	1.99E-01	1.54E-01	1.38E-01	5.60E-02
99	2.12E-01	1.56E-01	1.67E-01	5.60E-02
100	2.01E-01	2.00E-01	1.67E-01	5.60E-02
101	1.99E-01	1.65E-01	1.88E-01	5.60E-02
102	1.57E-01	1.29E-01	1.91E-01	5.60E-02
103	2.27E-01	1.33E-01	2.00E-01	5.60E-02
104	2.05E-01	1.16E-01	1.54E-01	5.60E-02
105	1.94E-01	1.21E-01	1.59E-01	4.95E-02
106	1.87E-01	1.20E-01	1.83E-01	4.95E-02
107	1.86E-01	1.41E-01	1.59E-01	4.95E-02
108	1.90E-01	1.36E-01	1.63E-01	4.95E-02
109	1.87E-01	1.54E-01	1.40E-01	4.95E-02
110	1.90E-01	1.41E-01	1.58E-01	4.95E-02
111	1.92E-01	1.34E-01	1.40E-01	4.95E-02
112	1.91E-01	1.23E-01	1.62E-01	5.54E-02
113	1.85E-01	1.29E-01	1.83E-01	5.74E-02
114	1.90E-01	1.18E-01	1.62E-01	4.80E-02
115	1.79E-01	1.25E-01	1.69E-01	3.82E-02
116	1.49E-01	1.31E-01	1.71E-01	3.82E-02
117	1.35E-01	1.33E-01	1.70E-01	5.74E-02
118	1.54E-01	1.28E-01	1.73E-01	3.82E-02
119	1.96E-01	1.27E-01	2.51E-01	3.82E-02
120	1.89E-01	1.29E-01	2.45E-01	5.74E-02
121	1.98E-01	1.30E-01	2.42E-01	5.74E-02
122	2.00E-01	1.54E-01	2.02E-01	5.74E-02
123	1.95E-01	1.59E-01	2.29E-01	5.74E-02
124	1.99E-01	1.48E-01	2.32E-01	5.32E-02
125	1.86E-01	1.38E-01	2.32E-01	5.32E-02
126	1.95E-01	1.57E-01	2.32E-01	5.32E-02
127	1.97E-01	1.54E-01	2.41E-01	5.32E-02
128	1.99E-01	1.15E-01	2.44E-01	5.47E-02
129	1.93E-01	1.23E-01	2.01E-01	5.94E-02
130	1.94E-01	1.37E-01	2.25E-01	5.94E-02
131	8.05E-02	1.44E-01	2.11E-01	5.94E-02
132	1.12E-01	1.45E-01	2.00E-01	5.03E-02
133	1.39E-01	1.29E-01	2.29E-01	5.03E-02
134	1.60E-01	1.61E-01	2.44E-01	5.03E-02
135	1.62E-01	1.55E-01	2.44E-01	5.03E-02
136	1.67E-01	1.41E-01	2.27E-01	5.03E-02
137	1.65E-01	1.54E-01	2.42E-01	4.99E-02
138	8.57E-02	1.27E-01	2.51E-01	4.53E-02
139	1.68E-01	1.25E-01	1.80E-01	4.53E-02
140	1.42E-01	1.25E-01	2.23E-01	4.53E-02
141	1.38E-01	1.21E-01	2.32E-01	4.08E-02
142	1.50E-01	1.29E-01	2.39E-01	4.53E-02
143	1.62E-01	1.36E-01	2.68E-01	4.53E-02
144	5.39E-02	1.25E-01	2.68E-01	4.53E-02
145	1.40E-01	1.30E-01	2.34E-01	4.53E-02
146	1.52E-01	1.40E-01	2.68E-01	4.53E-02
147	1.35E-01	1.41E-01	2.48E-01	5.04E-02
148	1.44E-01	1.36E-01	2.68E-01	4.53E-02
149	7.95E-02	1.27E-01	2.68E-01	5.04E-02
150	6.57E-02	1.24E-01	2.68E-01	4.53E-02
151	1.43E-01	1.18E-01	2.68E-01	5.04E-02
152	1.35E-01	1.15E-01	2.68E-01	5.24E-02
153	1.43E-01	1.31E-01	2.68E-01	5.24E-02
154	1.44E-01	1.16E-01	2.68E-01	5.24E-02
155	1.52E-01	1.18E-01	2.68E-01	5.24E-02
156	7.10E-02	1.41E-01	2.67E-01	5.24E-02
157	8.09E-02	1.31E-01	2.68E-01	5.24E-02
158	8.41E-02	1.34E-01	2.74E-01	6.86E-02
159	1.35E-01	1.54E-01	2.67E-01	4.61E-02
160	1.34E-01	1.51E-01	2.67E-01	4.61E-02
161	8.15E-02	1.18E-01	2.67E-01	6.79E-02
162	6.87E-02	1.12E-01	2.67E-01	4.90E-02
163	7.83E-02	1.33E-01	2.67E-01	4.90E-02
164	6.63E-02	1.45E-01	2.67E-01	4.90E-02
165	1.00E-01	1.34E-01	2.70E-01	6.73E-02
166	8.34E-02	1.34E-01	2.70E-01	4.90E-02
167	9.55E-02	1.07E-01	2.70E-01	4.90E-02
168	1.29E-01	8.55E-02	2.70E-01	4.90E-02
169	1.42E-01	8.60E-02	2.70E-01	6.25E-02
170	1.52E-01	1.44E-01	2.70E-01	4.90E-02
171	1.65E-01	1.45E-01	2.67E-01	6.25E-02
172	1.68E-01	1.41E-01	2.67E-01	6.25E-02
173	1.66E-01	1.51E-01	2.67E-01	6.25E-02
174	1.71E-01	1.30E-01	2.67E-01	6.25E-02
175	7.25E-02	9.39E-02	2.67E-01	4.89E-02
176	1.82E-01	1.25E-01	2.67E-01	4.89E-02
177	1.67E-01	1.08E-01	2.67E-01	4.89E-02
178	2.18E-01	1.22E-01	2.67E-01	4.89E-02
179	1.12E-01	1.39E-01	2.67E-01	4.89E-02
180	2.02E-01	1.17E-01	2.67E-01	4.89E-02
181	2.30E-01	1.21E-01	2.67E-01	4.89E-02
182	1.88E-01	1.16E-01	2.67E-01	4.89E-02
183	2.09E-01	1.25E-01	2.67E-01	4.89E-02
184	1.31E-01	1.24E-01	2.67E-01	4.89E-02
185	1.63E-01	1.02E-01	2.67E-01	4.89E-02
186	1.46E-01	1.24E-01	2.67E-01	4.69E-02
187	1.67E-01	1.27E-01	2.66E-01	4.69E-02
188	1.63E-01	1.34E-01	2.64E-01	4.69E-02
189	6.04E-02	1.33E-01	2.64E-01	4.69E-02
190	8.39E-02	1.54E-01	2.64E-01	4.69E-02
191	6.93E-02	1.53E-01	2.64E-01	4.69E-02
192	1.01E-01	1.28E-01	2.68E-01	4.69E-02
193	1.35E-01	1.29E-01	2.65E-01	4.89E-02
194	1.51E-01	1.21E-01	2.65E-01	4.89E-02
195	7.83E-02	1.17E-01	2.65E-01	5.94E-02
196	1.78E-01	1.09E-01	2.65E-01	5.12E-02
197	1.80E-01	1.03E-01	2.65E-01	5.94E-02
198	7.12E-02	1.02E-01	2.65E-01	5.12E-02
199	7.19E-02	1.11E-01	2.65E-01	5.07E-02
200	1.30E-01	1.16E-01	2.57E-01	5.07E-02
201	1.06E-01	1.24E-01	2.65E-01	5.07E-02
202	1.04E-01	1.37E-01	2.57E-01	5.07E-02
203	8.28E-02	1.05E-01	2.36E-01	5.11E-02
204	9.67E-02	1.08E-01	2.36E-01	5.11E-02
205	1.45E-01	1.07E-01	2.36E-01	4.90E-02
206	6.53E-02	1.10E-01	2.25E-01	5.11E-02
207	1.13E-01	1.10E-01	2.25E-01	5.11E-02
208	1.52E-01	1.22E-01	2.25E-01	4.90E-02
209	1.66E-01	1.24E-01	2.25E-01	5.11E-02
210	1.62E-01	1.26E-01	2.25E-01	4.90E-02
211	1.58E-01	1.19E-01	2.26E-01	4.90E-02
212	1.84E-01	1.41E-01	2.25E-01	5.11E-02
213	1.71E-01	1.38E-01	2.26E-01	5.11E-02
214	1.69E-01	1.33E-01	2.26E-01	4.90E-02
215	1.73E-01	1.33E-01	2.25E-01	5.11E-02
216	5.15E-02	1.11E-01	2.26E-01	4.81E-02
217	7.73E-02	1.19E-01	2.27E-01	5.22E-02
218	8.42E-02	1.09E-01	2.27E-01	5.22E-02
219	1.45E-01	1.26E-01	2.29E-01	5.22E-02
220	1.55E-01	1.13E-01	2.29E-01	5.22E-02
221	1.69E-01	1.18E-01	2.31E-01	4.81E-02
222	1.75E-01	1.12E-01	2.31E-01	4.81E-02
223	1.85E-01	1.09E-01	2.35E-01	5.22E-02
224	6.86E-02	1.30E-01	2.33E-01	4.81E-02
225	7.73E-02	1.09E-01	2.30E-01	4.79E-02
226	7.82E-02	1.37E-01	2.30E-01	4.79E-02
227	8.84E-02	1.25E-01	2.36E-01	4.79E-02
228	1.32E-01	1.14E-01	2.46E-01	4.79E-02
229	1.71E-01	1.02E-01	2.30E-01	4.79E-02
230	1.78E-01	1.07E-01	2.30E-01	4.83E-02
231	7.36E-02	1.23E-01	2.32E-01	4.83E-02
232	8.07E-02	1.30E-01	2.32E-01	6.87E-02
233	1.30E-01	1.40E-01	2.32E-01	4.83E-02
234	9.84E-02	1.21E-01	2.32E-01	6.87E-02
235	8.59E-02	1.12E-01	2.32E-01	6.87E-02
236	7.02E-02	1.23E-01	2.33E-01	6.87E-02
237	1.15E-01	1.28E-01	2.55E-01	4.83E-02
238	8.85E-02	1.05E-01	2.49E-01	4.83E-02
239	7.41E-02	1.31E-01	2.76E-01	6.87E-02
240	1.59E-01	1.01E-01	2.55E-01	4.83E-02
241	1.66E-01	1.21E-01	2.69E-01	6.87E-02
242	1.74E-01	1.17E-01	2.36E-01	6.87E-02
243	7.87E-02	1.18E-01	2.69E-01	4.83E-02
244	6.98E-02	1.23E-01	2.49E-01	4.83E-02
245	7.77E-02	1.22E-01	2.49E-01	4.83E-02
246	7.81E-02	1.12E-01	2.49E-01	4.83E-02
247	1.14E-01	9.54E-02	2.49E-01	4.55E-02
248	1.40E-01	1.20E-01	2.49E-01	4.83E-02
249	1.60E-01	1.25E-01	2.55E-01	5.00E-02
250	1.57E-01	1.20E-01	2.55E-01	6.50E-02
251	1.00E-01	8.59E-02	2.29E-01	5.57E-02
252	1.59E-01	8.54E-02	2.27E-01	5.57E-02
253	1.52E-01	1.24E-01	2.58E-01	6.03E-02
254	1.77E-01	1.27E-01	2.58E-01	5.57E-02
255	1.76E-01	1.31E-01	2.58E-01	5.57E-02
256	1.70E-01	1.17E-01	2.71E-01	5.57E-02
257	1.45E-01	1.16E-01	2.57E-01	5.81E-02
258	2.08E-01	1.10E-01	2.71E-01	5.81E-02
259	1.73E-01	9.81E-02	2.71E-01	5.81E-02
260	1.54E-01	1.12E-01	2.71E-01	5.57E-02
261	1.17E-01	1.14E-01	2.71E-01	5.57E-02
262	1.25E-01	1.23E-01	2.71E-01	5.57E-02
263	8.46E-02	1.29E-01	2.71E-01	5.57E-02
264	7.19E-02	9.78E-02	2.71E-01	5.57E-02
265	6.07E-02	1.08E-01	2.71E-01	5.57E-02
266	7.73E-02	1.26E-01	2.71E-01	5.57E-02
267	7.89E-02	1.05E-01	2.71E-01	5.59E-02
268	7.44E-02	1.22E-01	2.71E-01	5.06E-02
269	7.87E-02	9.52E-02	2.71E-01	5.06E-02
270	1.30E-01	1.20E-01	2.71E-01	5.83E-02
271	8.84E-02	1.33E-01	2.71E-01	5.83E-02
272	1.25E-01	1.23E-01	2.71E-01	5.83E-02
273	8.30E-02	1.36E-01	2.71E-01	5.83E-02
274	8.37E-02	1.32E-01	2.71E-01	5.83E-02
275	1.17E-01	1.14E-01	2.71E-01	5.83E-02
276	1.32E-01	1.12E-01	2.71E-01	5.83E-02
277	1.60E-01	1.04E-01	2.71E-01	4.42E-02
278	1.54E-01	1.31E-01	2.71E-01	5.83E-02
279	1.61E-01	1.30E-01	2.71E-01	5.83E-02
280	1.61E-01	1.44E-01	2.71E-01	5.83E-02
281	1.71E-01	1.51E-01	2.71E-01	8.22E-02
282	1.72E-01	1.53E-01	2.71E-01	8.22E-02
283	1.78E-01	1.46E-01	2.68E-01	7.92E-02
284	1.76E-01	1.48E-01	2.77E-01	7.92E-02
285	1.83E-01	1.48E-01	2.69E-01	8.22E-02
286	1.73E-01	1.46E-01	2.69E-01	8.22E-02
287	1.74E-01	1.34E-01	2.69E-01	7.92E-02
288	1.80E-01	1.33E-01	2.69E-01	8.22E-02
289	1.82E-01	1.41E-01	2.69E-01	5.60E-02
290	1.81E-01	1.35E-01	2.69E-01	5.60E-02
291	1.78E-01	1.45E-01	2.69E-01	8.49E-02
292	1.86E-01	1.53E-01	2.69E-01	8.21E-02
293	1.85E-01	1.46E-01	2.69E-01	8.21E-02
294	1.62E-01	1.50E-01	2.69E-01	8.21E-02
295	1.64E-01	1.36E-01	2.69E-01	8.21E-02
296	1.73E-01	1.23E-01	2.69E-01	5.97E-02
297	1.55E-01	1.43E-01	2.68E-01	5.97E-02
298	1.62E-01	1.37E-01	2.66E-01	8.21E-02
299	2.00E-01	1.20E-01	2.68E-01	8.21E-02
300	1.97E-01	1.02E-01	2.68E-01	8.21E-02
301	1.52E-01	9.44E-02	2.58E-01	5.97E-02
302	1.86E-01	1.07E-01	2.60E-01	5.97E-02
303	8.98E-02	9.99E-02	2.60E-01	8.21E-02
304	7.34E-02	1.12E-01	2.69E-01	8.21E-02
305	1.26E-01	1.32E-01	2.69E-01	6.09E-02
306	1.35E-01	1.43E-01	2.69E-01	6.09E-02
307	5.52E-02	1.25E-01	2.69E-01	6.09E-02
308	8.48E-02	1.26E-01	2.69E-01	8.21E-02
309	1.25E-01	1.05E-01	2.69E-01	8.21E-02
310	1.28E-01	9.84E-02	2.69E-01	6.09E-02
311	6.72E-02	1.17E-01	2.69E-01	6.09E-02
312	6.82E-02	1.05E-01	2.69E-01	7.03E-02
313	7.55E-02	1.18E-01	2.69E-01	7.03E-02
314	8.73E-02	1.12E-01	2.69E-01	7.03E-02
315	6.85E-02	1.17E-01	2.69E-01	7.03E-02
316	1.14E-01	1.07E-01	2.69E-01	7.03E-02
317	7.73E-02	1.15E-01	2.69E-01	7.03E-02
318	7.89E-02	1.06E-01	2.69E-01	7.03E-02
319	1.03E-01	9.23E-02	2.69E-01	7.03E-02
320	1.21E-01	9.40E-02	2.69E-01	7.03E-02
321	1.26E-01	1.02E-01	2.69E-01	7.03E-02
322	1.26E-01	1.08E-01	2.69E-01	7.03E-02
323	1.36E-01	1.07E-01	2.69E-01	7.03E-02
324	1.38E-01	1.19E-01	2.69E-01	7.03E-02
325	1.56E-01	1.30E-01	2.69E-01	7.03E-02
326	1.58E-01	1.40E-01	2.69E-01	7.03E-02
327	1.59E-01	1.30E-01	2.69E-01	7.03E-02
328	1.57E-01	1.29E-01	2.69E-01	7.03E-02
329	1.60E-01	1.17E-01	2.69E-01	7.03E-02
330	1.66E-01	1.16E-01	2.69E-01	7.03E-02
331	1.48E-01	1.09E-01	2.69E-01	7.03E-02
332	1.82E-01	1.10E-01	2.69E-01	7.03E-02
333	1.62E-01	1.26E-01	2.69E-01	7.03E-02
334	9.40E-02	1.21E-01	2.79E-01	7.03E-02
335	8.73E-02	9.89E-02	2.69E-01	7.03E-02
336	1.16E-01	1.04E-01	2.69E-01	7.03E-02
337	9.62E-02	1.09E-01	2.69E-01	7.03E-02
338	1.25E-01	1.19E-01	2.79E-01	7.03E-02
339	8.33E-02	1.20E-01	2.69E-01	7.03E-02
340	1.37E-01	1.13E-01	2.69E-01	7.03E-02
341	8.54E-02	1.15E-01	2.69E-01	7.03E-02
342	7.63E-02	1.17E-01	2.69E-01	7.03E-02
343	1.74E-01	1.42E-01	2.69E-01	5.48E-02
344	8.16E-02	1.43E-01	2.67E-01	7.03E-02
345	1.47E-01	1.27E-01	2.67E-01	7.03E-02
346	8.84E-02	1.35E-01	2.67E-01	5.48E-02
347	7.85E-02	1.23E-01	2.67E-01	7.03E-02
348	1.27E-01	1.24E-01	2.67E-01	7.03E-02
349	1.42E-01	1.16E-01	2.67E-01	5.48E-02
350	1.52E-01	5.66E-02	2.67E-01	5.48E-02
351	1.60E-01	1.22E-01	2.67E-01	5.48E-02
352	1.60E-01	9.65E-02	2.67E-01	7.16E-02
353	1.85E-01	1.16E-01	2.67E-01	7.39E-02
354	1.73E-01	1.11E-01	2.66E-01	7.39E-02
355	1.68E-01	1.45E-01	2.66E-01	7.39E-02
356	1.72E-01	1.43E-01	2.66E-01	7.39E-02
357	1.72E-01	1.40E-01	2.66E-01	7.39E-02
358	8.24E-02	1.04E-01	2.66E-01	7.39E-02
359	8.28E-02	1.08E-01	2.66E-01	7.39E-02
360	1.05E-01	1.20E-01	2.65E-01	7.39E-02
361	1.06E-01	1.21E-01	2.61E-01	7.39E-02
362	1.46E-01	1.20E-01	2.61E-01	7.39E-02
363	1.86E-01	1.14E-01	2.84E-01	7.39E-02
364	1.54E-01	1.26E-01	2.66E-01	7.39E-02
365	1.78E-01	1.20E-01	7.97E-02	7.39E-02
366	1.83E-01	1.04E-01	2.44E-01	7.39E-02
367	1.92E-01	1.14E-01	2.66E-01	7.39E-02
368	1.73E-01	1.10E-01	2.63E-01	7.39E-02
369	1.73E-01	1.29E-01	2.57E-01	7.39E-02
370	1.78E-01	1.20E-01	2.63E-01	7.39E-02
371	1.79E-01	1.14E-01	2.63E-01	7.39E-02
372	1.70E-01	1.02E-01	2.63E-01	7.39E-02
373	1.73E-01	1.30E-01	1.50E-01	7.39E-02
374	1.73E-01	1.31E-01	1.50E-01	7.39E-02
375	1.73E-01	1.36E-01	2.51E-01	7.39E-02
376	1.72E-01	1.24E-01	2.51E-01	7.39E-02
377	1.71E-01	1.35E-01	2.49E-01	7.39E-02
378	1.71E-01	1.30E-01	1.50E-01	7.39E-02
379	1.71E-01	1.18E-01	2.49E-01	7.39E-02
380	1.65E-01	1.16E-01	2.49E-01	7.39E-02
381	1.69E-01	1.22E-01	1.59E-01	7.39E-02
382	1.69E-01	1.19E-01	1.59E-01	7.39E-02
383	1.69E-01	1.21E-01	1.59E-01	7.39E-02
384	1.68E-01	1.23E-01	2.49E-01	7.39E-02
385	1.69E-01	1.25E-01	2.46E-01	7.39E-02
386	1.69E-01	1.25E-01	2.49E-01	7.39E-02
387	1.78E-01	1.16E-01	2.46E-01	7.42E-02
388	1.68E-01	9.97E-02	2.41E-01	7.42E-02
389	1.64E-01	1.02E-01	2.46E-01	7.42E-02
390	1.68E-01	9.91E-02	1.43E-01	7.42E-02
391	6.81E-02	1.02E-01	1.43E-01	7.42E-02
392	1.54E-01	9.55E-02	2.51E-01	7.42E-02
393	1.54E-01	1.05E-01	2.59E-01	7.42E-02
394	1.49E-01	1.30E-01	2.55E-01	7.42E-02
395	1.59E-01	1.08E-01	2.50E-01	7.42E-02
396	1.65E-01	8.27E-02	2.40E-01	7.42E-02
397	1.56E-01	8.36E-02	1.83E-01	7.42E-02
398	7.48E-02	9.72E-02	1.68E-01	7.42E-02
399	1.32E-01	9.83E-02	1.83E-01	7.42E-02
400	5.59E-02	1.11E-01	1.78E-01	7.42E-02
401	1.32E-01	1.14E-01	2.81E-01	7.60E-02
402	7.46E-02	1.24E-01	1.05E-01	7.60E-02
403	8.10E-02	1.25E-01	2.81E-01	7.60E-02
404	9.47E-02	1.40E-01	2.81E-01	7.60E-02
405	1.57E-01	1.41E-01	2.00E-01	7.60E-02
406	1.46E-01	1.18E-01	7.54E-02	7.60E-02
407	1.60E-01	1.30E-01	1.11E-01	7.60E-02
408	1.54E-01	1.32E-01	1.11E-01	7.60E-02
409	1.56E-01	1.02E-01	2.81E-01	7.60E-02
410	1.89E-01	1.24E-01	1.06E-01	7.60E-02
411	1.60E-01	1.26E-01	2.82E-01	7.60E-02
412	1.63E-01	1.29E-01	2.82E-01	7.60E-02
413	1.70E-01	1.31E-01	2.82E-01	7.60E-02
414	1.65E-01	1.31E-01	2.82E-01	7.60E-02
415	8.86E-02	1.12E-01	2.82E-01	7.42E-02
416	1.53E-01	9.93E-02	2.82E-01	7.55E-02
417	7.26E-02	1.23E-01	2.60E-01	7.42E-02
418	7.59E-02	9.19E-02	2.71E-01	7.42E-02
419	8.69E-02	1.09E-01	2.82E-01	7.42E-02
420	1.18E-01	1.14E-01	2.37E-01	7.55E-02
421	7.58E-02	8.16E-02	2.34E-01	7.42E-02
422	6.73E-02	1.05E-01	2.38E-01	7.55E-02
423	8.00E-02	1.05E-01	2.53E-01	7.42E-02
424	1.04E-01	9.09E-02	2.51E-01	7.55E-02
425	1.23E-01	6.98E-02	2.52E-01	7.42E-02
426	1.49E-01	7.65E-02	2.55E-01	7.42E-02
427	1.64E-01	6.57E-02	2.64E-01	7.55E-02
428	6.46E-02	6.95E-02	2.64E-01	7.42E-02
429	9.70E-02	1.13E-01	2.64E-01	7.42E-02
430	1.06E-01	1.03E-01	2.78E-01	7.55E-02
431	1.15E-01	5.87E-02	2.72E-01	7.55E-02
432	8.52E-02	9.84E-02	2.72E-01	7.42E-02
433	8.54E-02	1.23E-01	2.72E-01	7.55E-02
434	1.22E-01	1.19E-01	2.72E-01	7.55E-02
435	1.02E-01	1.18E-01	2.72E-01	7.42E-02
436	1.43E-01	1.35E-01	2.72E-01	7.55E-02
437	8.32E-02	1.35E-01	2.72E-01	7.42E-02
438	1.36E-01	1.39E-01	2.72E-01	7.55E-02
439	1.92E-01	1.01E-01	2.72E-01	7.55E-02
440	1.23E-01	9.76E-02	2.72E-01	7.42E-02
441	1.48E-01	9.25E-02	2.72E-01	7.42E-02
442	1.43E-01	8.91E-02	2.76E-01	7.42E-02
443	1.50E-01	8.30E-02	1.71E-01	7.42E-02
444	1.50E-01	1.14E-01	1.71E-01	7.42E-02
445	1.59E-01	8.97E-02	1.71E-01	7.42E-02
446	1.72E-01	1.10E-01	1.71E-01	7.42E-02
447	1.75E-01	1.06E-01	1.85E-01	7.42E-02
448	1.71E-01	1.10E-01	1.85E-01	7.42E-02
449	1.59E-01	1.15E-01	1.85E-01	7.42E-02
450	2.04E-01	1.12E-01	1.85E-01	7.42E-02
451	1.70E-01	1.17E-01	1.85E-01	7.42E-02
452	1.75E-01	9.76E-02	2.69E-01	7.42E-02
453	4.43E-02	9.72E-02	2.69E-01	7.42E-02
454	1.15E-01	7.90E-02	2.74E-01	7.42E-02
455	1.74E-01	9.95E-02	2.72E-01	7.42E-02
456	1.58E-01	9.97E-02	2.72E-01	7.42E-02
457	1.28E-01	1.10E-01	2.72E-01	7.42E-02
458	1.28E-01	1.06E-01	2.72E-01	7.42E-02
459	1.52E-01	1.12E-01	2.72E-01	7.42E-02
460	1.69E-01	1.15E-01	2.72E-01	7.42E-02
461	1.69E-01	1.08E-01	2.72E-01	7.42E-02
462	7.49E-02	9.53E-02	2.72E-01	7.42E-02
463	5.49E-02	9.58E-02	2.72E-01	7.42E-02
464	5.66E-02	9.22E-02	2.78E-01	7.42E-02
465	5.74E-02	1.30E-01	2.72E-01	7.42E-02
466	5.22E-02	1.26E-01	2.72E-01	7.42E-02
467	6.15E-02	1.21E-01	2.72E-01	7.42E-02
468	5.84E-02	8.12E-02	2.72E-01	7.42E-02
469	1.23E-01	8.14E-02	2.72E-01	7.42E-02
470	1.44E-01	1.21E-01	2.72E-01	7.42E-02
471	5.48E-02	1.16E-01	2.72E-01	7.42E-02
472	9.28E-02	1.15E-01	2.72E-01	7.42E-02
473	7.69E-02	1.07E-01	2.72E-01	9.92E-02
474	9.73E-02	1.14E-01	2.72E-01	9.92E-02
475	1.29E-01	7.93E-02	2.72E-01	8.64E-02
476	1.62E-01	9.34E-02	2.72E-01	8.55E-02
477	1.64E-01	1.21E-01	2.09E-01	8.55E-02
478	1.61E-01	1.23E-01	2.15E-01	8.55E-02
479	1.61E-01	1.13E-01	2.78E-01	8.55E-02
480	5.76E-02	1.07E-01	2.78E-01	9.03E-02
481	5.74E-02	1.12E-01	2.15E-01	8.55E-02
482	1.25E-01	1.27E-01	2.78E-01	8.55E-02
483	9.50E-02	1.09E-01	2.78E-01	9.98E-02
484	1.59E-01	1.23E-01	2.78E-01	9.09E-02
485	1.09E-01	1.01E-01	2.78E-01	9.09E-02
486	1.66E-01	1.17E-01	2.29E-01	8.55E-02
487	1.66E-01	1.09E-01	2.78E-01	8.55E-02
488	1.64E-01	1.21E-01	2.78E-01	8.55E-02
489	6.19E-02	1.03E-01	2.78E-01	8.55E-02
490	6.05E-02	1.21E-01	2.78E-01	8.55E-02
491	1.21E-01	1.13E-01	2.78E-01	8.55E-02
492	1.61E-01	1.14E-01	2.78E-01	8.55E-02
493	1.30E-01	1.24E-01	2.78E-01	8.55E-02
494	1.13E-01	1.24E-01	2.78E-01	8.55E-02
495	1.54E-01	1.23E-01	2.78E-01	8.55E-02
496	1.26E-01	1.13E-01	2.78E-01	8.55E-02
497	1.38E-01	1.12E-01	2.78E-01	8.55E-02
498	6.54E-02	1.15E-01	2.78E-01	8.55E-02
499	1.23E-01	1.19E-01	2.78E-01	8.55E-02
500	1.15E-01	1.10E-01	2.78E-01	8.55E-02
501	1.59E-01	1.16E-01	2.78E-01	8.55E-02
502	8.50E-02	1.24E-01	2.68E-01	8.55E-02
503	1.04E-01	1.19E-01	2.68E-01	8.55E-02
504	1.67E-01	1.14E-01	2.68E-01	8.55E-02
505	1.57E-01	1.09E-01	2.76E-01	8.55E-02
506	1.06E-01	1.23E-01	2.76E-01	8.55E-02
507	1.21E-01	1.27E-01	2.76E-01	8.55E-02
508	1.38E-01	1.33E-01	2.76E-01	8.55E-02
509	1.41E-01	1.05E-01	2.75E-01	8.55E-02
510	1.52E-01	1.08E-01	2.75E-01	8.55E-02
511	1.65E-01	1.11E-01	2.75E-01	8.55E-02
512	1.61E-01	1.16E-01	2.75E-01	8.55E-02
513	1.64E-01	1.24E-01	2.75E-01	8.55E-02
514	1.70E-01	1.23E-01	2.75E-01	8.55E-02
515	6.04E-02	1.20E-01	2.75E-01	8.55E-02
516	7.92E-02	1.00E-01	2.75E-01	8.55E-02
517	1.41E-01	1.12E-01	2.75E-01	8.55E-02
518	1.67E-01	1.08E-01	2.75E-01	8.79E-02
519	1.71E-01	1.16E-01	2.75E-01	8.79E-02
520	1.71E-01	1.24E-01	2.75E-01	8.79E-02
521	1.67E-01	1.23E-01	2.75E-01	8.79E-02
522	1.65E-01	1.16E-01	2.75E-01	8.79E-02
523	1.56E-01	1.21E-01	2.75E-01	8.79E-02
524	1.60E-01	1.11E-01	2.75E-01	8.79E-02
525	1.78E-01	9.57E-02	2.75E-01	8.79E-02
526	1.78E-01	1.09E-01	2.75E-01	8.79E-02
527	1.32E-01	1.13E-01	2.75E-01	8.79E-02
528	1.65E-01	1.08E-01	2.75E-01	8.79E-02
529	1.79E-01	1.17E-01	2.75E-01	8.79E-02
530	1.21E-01	1.10E-01	2.75E-01	8.79E-02
531	1.22E-01	9.99E-02	2.75E-01	8.79E-02
532	1.66E-01	1.15E-01	2.75E-01	8.79E-02
533	1.18E-01	1.10E-01	2.75E-01	8.79E-02
534	1.33E-01	1.07E-01	2.75E-01	8.79E-02
535	1.61E-01	1.00E-01	2.75E-01	8.79E-02
536	1.79E-01	1.04E-01	2.76E-01	8.79E-02
537	1.66E-01	9.74E-02	2.76E-01	8.79E-02
538	1.69E-01	1.12E-01	2.76E-01	8.79E-02
539	1.68E-01	1.09E-01	2.76E-01	8.79E-02
540	1.51E-01	1.25E-01	2.76E-01	8.79E-02
541	1.61E-01	1.31E-01	2.76E-01	8.79E-02
542	7.56E-02	1.15E-01	2.76E-01	8.79E-02
543	8.71E-02	1.01E-01	2.76E-01	8.79E-02
544	1.24E-01	1.15E-01	2.76E-01	8.79E-02
545	1.38E-01	9.66E-02	2.76E-01	8.79E-02
546	5.29E-02	7.75E-02	2.76E-01	8.79E-02
547	6.09E-02	1.24E-01	2.75E-01	8.99E-02
548	6.00E-02	8.94E-02	2.76E-01	8.99E-02
549	1.23E-01	9.11E-02	2.76E-01	8.99E-02
550	8.36E-02	1.08E-01	2.75E-01	8.99E-02
551	9.99E-02	9.96E-02	2.76E-01	8.99E-02
552	7.70E-02	1.14E-01	2.75E-01	8.99E-02
553	7.04E-02	1.06E-01	2.76E-01	8.79E-02
554	1.44E-01	9.55E-02	2.76E-01	8.99E-02
555	1.22E-01	1.02E-01	2.76E-01	8.79E-02
556	1.55E-01	1.20E-01	2.76E-01	8.79E-02
557	1.28E-01	1.22E-01	2.76E-01	8.79E-02
558	1.55E-01	1.08E-01	2.76E-01	8.79E-02
559	2.02E-01	1.18E-01	2.76E-01	8.79E-02
560	1.67E-01	1.05E-01	2.76E-01	8.79E-02
561	1.30E-01	1.02E-01	2.76E-01	8.79E-02
562	1.16E-01	9.84E-02	2.76E-01	8.25E-02
563	1.51E-01	1.08E-01	2.76E-01	8.79E-02
564	1.31E-01	1.16E-01	2.76E-01	8.79E-02
565	1.19E-01	9.08E-02	2.76E-01	7.98E-02
566	1.03E-01	8.99E-02	2.76E-01	7.98E-02
567	1.12E-01	1.12E-01	2.76E-01	7.98E-02
568	7.16E-02	1.12E-01	2.76E-01	8.79E-02
569	8.63E-02	1.11E-01	2.76E-01	8.79E-02
570	7.57E-02	1.21E-01	2.76E-01	8.79E-02
571	7.18E-02	1.05E-01	2.76E-01	7.98E-02
572	1.26E-01	1.13E-01	2.76E-01	7.98E-02
573	1.07E-01	1.13E-01	2.76E-01	8.79E-02
574	1.37E-01	1.16E-01	2.76E-01	7.98E-02
575	1.21E-01	1.31E-01	2.76E-01	7.98E-02
576	1.29E-01	1.33E-01	2.76E-01	8.79E-02
577	1.39E-01	1.33E-01	2.76E-01	8.79E-02
578	1.44E-01	1.30E-01	2.76E-01	8.79E-02
579	1.63E-01	1.25E-01	2.76E-01	7.98E-02
580	8.77E-02	1.33E-01	2.76E-01	9.01E-02
581	8.29E-02	1.31E-01	2.76E-01	9.01E-02
582	8.13E-02	1.12E-01	2.76E-01	9.01E-02
583	1.27E-01	1.16E-01	2.76E-01	9.01E-02
584	1.17E-01	9.03E-02	2.76E-01	9.01E-02
585	1.42E-01	1.23E-01	2.75E-01	9.01E-02
586	1.57E-01	1.26E-01	2.75E-01	9.01E-02
587	1.59E-01	1.37E-01	2.75E-01	9.01E-02
588	1.67E-01	1.34E-01	2.75E-01	9.01E-02
589	1.64E-01	1.35E-01	2.75E-01	9.01E-02
590	1.59E-01	1.23E-01	2.75E-01	9.01E-02
591	1.61E-01	9.04E-02	2.75E-01	9.01E-02
592	1.63E-01	1.06E-01	2.75E-01	9.01E-02
593	1.68E-01	1.12E-01	2.75E-01	9.01E-02
594	1.75E-01	1.14E-01	2.75E-01	9.01E-02
595	1.72E-01	9.71E-02	2.75E-01	8.71E-02
596	1.73E-01	1.26E-01	2.75E-01	8.71E-02
597	1.35E-01	1.09E-01	2.75E-01	8.71E-02
598	1.24E-01	1.11E-01	2.75E-01	8.71E-02
599	1.68E-01	1.15E-01	2.75E-01	8.71E-02
600	1.77E-01	1.21E-01	2.75E-01	8.71E-02
601	1.79E-01	1.03E-01	2.75E-01	8.71E-02
602	1.73E-01	9.29E-02	2.75E-01	8.71E-02
603	1.78E-01	8.51E-02	2.75E-01	8.71E-02
604	1.82E-01	1.07E-01	2.75E-01	8.71E-02
605	1.78E-01	9.31E-02	2.75E-01	8.70E-02
606	1.75E-01	9.34E-02	2.75E-01	8.70E-02
607	1.70E-01	1.08E-01	2.75E-01	8.70E-02
608	1.71E-01	1.15E-01	2.75E-01	8.70E-02
609	8.38E-02	1.27E-01	2.75E-01	8.70E-02
610	1.67E-01	1.12E-01	2.75E-01	8.71E-02
611	1.63E-01	1.32E-01	2.75E-01	8.71E-02
612	9.25E-02	1.38E-01	2.75E-01	8.71E-02
613	1.50E-01	1.14E-01	2.75E-01	8.71E-02
614	1.57E-01	1.12E-01	2.75E-01	8.71E-02
615	1.46E-01	1.14E-01	2.75E-01	8.71E-02
616	6.32E-02	1.30E-01	2.75E-01	8.71E-02
617	5.00E-02	8.67E-02	2.75E-01	8.71E-02
618	6.55E-02	8.58E-02	2.75E-01	8.71E-02
619	1.20E-01	1.19E-01	2.75E-01	8.70E-02
620	1.32E-01	1.25E-01	2.75E-01	8.70E-02
621	1.64E-01	1.27E-01	2.75E-01	8.70E-02
622	1.64E-01	1.25E-01	2.75E-01	8.70E-02
623	1.66E-01	1.39E-01	2.75E-01	8.70E-02
624	1.62E-01	1.42E-01	2.72E-01	8.70E-02
625	8.64E-02	1.37E-01	2.72E-01	8.70E-02
626	1.48E-01	1.42E-01	2.72E-01	8.70E-02
627	1.43E-01	1.40E-01	2.72E-01	8.70E-02
628	1.52E-01	1.36E-01	2.72E-01	8.70E-02
629	1.51E-01	1.29E-01	2.72E-01	8.70E-02
630	1.66E-01	1.32E-01	2.72E-01	8.70E-02
631	1.75E-01	1.21E-01	2.72E-01	8.70E-02
632	1.77E-01	1.19E-01	2.72E-01	8.70E-02
633	1.71E-01	1.14E-01	2.72E-01	8.70E-02
634	1.56E-01	1.16E-01	2.72E-01	8.70E-02
635	1.72E-01	1.21E-01	2.72E-01	8.70E-02
636	4.33E-02	1.03E-01	2.72E-01	8.70E-02
637	6.83E-02	9.71E-02	2.72E-01	8.70E-02
638	6.97E-02	1.19E-01	2.72E-01	8.70E-02
639	8.22E-02	1.16E-01	2.72E-01	8.70E-02
640	1.10E-01	8.78E-02	2.72E-01	8.70E-02
641	7.83E-02	8.59E-02	2.72E-01	8.70E-02
642	8.20E-02	8.51E-02	2.72E-01	8.70E-02
643	9.80E-02	1.04E-01	2.72E-01	8.70E-02
644	1.44E-01	9.79E-02	2.72E-01	8.50E-02
645	1.30E-01	1.30E-01	2.72E-01	8.50E-02
646	1.54E-01	1.23E-01	2.73E-01	8.70E-02
647	1.26E-01	1.37E-01	2.74E-01	8.50E-02
648	1.29E-01	1.41E-01	2.73E-01	8.70E-02
649	1.14E-01	1.45E-01	2.73E-01	8.50E-02
650	1.10E-01	1.47E-01	2.73E-01	9.06E-02
651	1.48E-01	1.54E-01	2.74E-01	9.06E-02
652	1.49E-01	1.41E-01	2.73E-01	9.06E-02
653	1.62E-01	1.00E-01	2.85E-01	9.06E-02
654	1.62E-01	9.75E-02	2.74E-01	9.06E-02
655	1.68E-01	1.07E-01	2.74E-01	9.06E-02
656	1.71E-01	1.10E-01	2.74E-01	8.70E-02
657	1.68E-01	8.56E-02	2.74E-01	8.70E-02
658	1.71E-01	8.26E-02	2.74E-01	8.70E-02
659	1.72E-01	1.01E-01	2.74E-01	9.06E-02
660	1.73E-01	1.11E-01	2.74E-01	8.70E-02
661	1.66E-01	8.84E-02	2.74E-01	9.06E-02
662	1.65E-01	1.04E-01	2.74E-01	9.06E-02
663	1.61E-01	6.20E-02	2.74E-01	8.70E-02
664	1.68E-01	1.07E-01	2.74E-01	9.06E-02
665	1.72E-01	1.07E-01	2.74E-01	8.70E-02
666	1.62E-01	8.65E-02	2.74E-01	9.06E-02
667	1.71E-01	9.43E-02	2.74E-01	8.70E-02
668	1.67E-01	1.15E-01	2.74E-01	9.06E-02
669	1.67E-01	1.28E-01	2.74E-01	8.70E-02
670	1.66E-01	1.06E-01	2.74E-01	9.06E-02
671	1.64E-01	1.15E-01	2.74E-01	9.06E-02
672	1.75E-01	1.26E-01	2.74E-01	8.70E-02
673	1.71E-01	1.24E-01	1.81E-01	9.06E-02
674	1.74E-01	1.10E-01	2.74E-01	8.70E-02
675	1.69E-01	1.19E-01	2.74E-01	8.70E-02
676	1.67E-01	1.08E-01	2.74E-01	8.70E-02
677	1.66E-01	1.04E-01	2.74E-01	9.06E-02
678	1.65E-01	1.02E-01	2.74E-01	9.06E-02
679	1.62E-01	8.83E-02	2.74E-01	8.70E-02
680	1.62E-01	1.24E-01	2.74E-01	8.70E-02
681	1.63E-01	1.23E-01	2.74E-01	8.70E-02
682	1.63E-01	1.20E-01	2.74E-01	8.70E-02
683	1.63E-01	1.37E-01	2.74E-01	9.06E-02
684	1.62E-01	9.80E-02	2.74E-01	8.70E-02
685	7.33E-02	1.04E-01	2.74E-01	9.06E-02
686	4.97E-02	1.10E-01	1.89E-01	9.06E-02
687	6.37E-02	9.33E-02	2.74E-01	9.06E-02
688	6.24E-02	9.41E-02	1.94E-01	9.06E-02
689	4.42E-02	1.04E-01	2.75E-01	9.06E-02
690	5.70E-02	1.05E-01	2.75E-01	9.06E-02
691	7.21E-02	1.05E-01	2.75E-01	9.06E-02
692	7.85E-02	1.06E-01	2.74E-01	9.06E-02
693	1.03E-01	1.14E-01	2.75E-01	8.97E-02
694	7.74E-02	1.08E-01	2.75E-01	8.97E-02
695	6.26E-02	1.12E-01	2.75E-01	8.97E-02
696	6.43E-02	1.14E-01	2.75E-01	8.97E-02
697	6.79E-02	1.11E-01	2.75E-01	8.97E-02
698	1.03E-01	1.22E-01	2.75E-01	8.97E-02
699	7.15E-02	1.10E-01	2.75E-01	8.70E-02
700	1.05E-01	1.04E-01	2.75E-01	8.97E-02
701	1.54E-01	9.89E-02	2.75E-01	8.97E-02
702	5.87E-02	9.91E-02	2.75E-01	8.97E-02
703	7.12E-02	9.57E-02	2.75E-01	8.97E-02
704	4.45E-02	1.08E-01	2.75E-01	8.97E-02
705	6.82E-02	1.08E-01	2.75E-01	8.97E-02
706	6.85E-02	1.14E-01	2.75E-01	8.97E-02
707	1.20E-01	7.99E-02	2.75E-01	8.97E-02
708	1.55E-01	8.53E-02	2.75E-01	8.97E-02
709	1.34E-01	1.11E-01	2.75E-01	8.97E-02
710	1.38E-01	1.18E-01	2.75E-01	8.97E-02
711	1.40E-01	1.51E-01	2.75E-01	8.97E-02
712	1.40E-01	1.23E-01	2.75E-01	8.97E-02
713	4.99E-02	1.28E-01	2.75E-01	8.97E-02
714	1.11E-01	1.17E-01	2.75E-01	8.97E-02
715	1.32E-01	8.89E-02	2.75E-01	8.97E-02
716	1.36E-01	1.03E-01	2.75E-01	8.97E-02
717	1.43E-01	1.33E-01	2.75E-01	8.97E-02
718	1.56E-01	1.11E-01	2.75E-01	8.97E-02
719	1.52E-01	1.35E-01	2.75E-01	8.97E-02
720	1.47E-01	1.13E-01	2.75E-01	8.97E-02
721	7.01E-02	1.34E-01	2.75E-01	8.97E-02
722	1.12E-01	1.40E-01	2.75E-01	8.97E-02
723	1.19E-01	1.16E-01	2.75E-01	8.97E-02
724	1.29E-01	1.10E-01	2.75E-01	8.97E-02
725	1.74E-01	1.20E-01	2.75E-01	8.97E-02
726	1.65E-01	9.78E-02	2.75E-01	8.97E-02
727	1.74E-01	1.06E-01	2.75E-01	8.97E-02
728	1.75E-01	1.06E-01	2.75E-01	8.97E-02
729	1.72E-01	1.10E-01	2.75E-01	8.97E-02
730	1.71E-01	1.41E-01	2.75E-01	8.97E-02
731	1.72E-01	1.11E-01	2.75E-01	8.97E-02
732	1.72E-01	9.28E-02	2.75E-01	8.97E-02
733	1.80E-01	1.08E-01	2.75E-01	8.97E-02
734	1.14E-01	9.87E-02	2.75E-01	8.97E-02
735	9.58E-02	1.06E-01	2.75E-01	8.97E-02
736	7.50E-02	1.11E-01	2.75E-01	8.97E-02
737	1.45E-01	9.71E-02	2.75E-01	8.97E-02
738	8.07E-02	1.01E-01	2.75E-01	8.97E-02
739	1.68E-01	9.83E-02	2.75E-01	8.97E-02
740	7.86E-02	1.05E-01	2.75E-01	8.97E-02
741	8.01E-02	1.20E-01	2.75E-01	8.97E-02
742	8.47E-02	1.06E-01	2.75E-01	8.97E-02
743	1.28E-01	1.24E-01	2.75E-01	8.97E-02
744	1.58E-01	1.17E-01	2.75E-01	8.97E-02
745	1.62E-01	1.20E-01	2.75E-01	8.97E-02
746	1.71E-01	1.19E-01	2.75E-01	8.97E-02
747	1.74E-01	1.25E-01	2.75E-01	8.97E-02
748	1.68E-01	1.38E-01	2.75E-01	8.97E-02
749	1.97E-01	1.05E-01	2.77E-01	8.97E-02
750	2.12E-01	1.17E-01	2.77E-01	8.97E-02
751	1.29E-01	1.23E-01	2.75E-01	8.97E-02
752	1.83E-01	1.11E-01	2.77E-01	8.97E-02
753	1.49E-01	1.14E-01	2.75E-01	8.97E-02
754	1.73E-01	1.18E-01	2.75E-01	8.97E-02
755	1.89E-01	9.56E-02	2.74E-01	8.97E-02
756	4.87E-02	9.18E-02	2.74E-01	8.97E-02
757	5.27E-02	9.15E-02	2.74E-01	8.97E-02
758	4.23E-02	1.09E-01	2.74E-01	8.97E-02
759	1.16E-01	1.24E-01	2.75E-01	8.97E-02
760	1.34E-01	8.13E-02	2.73E-01	8.97E-02
761	1.47E-01	7.92E-02	2.73E-01	8.97E-02
762	1.48E-01	8.25E-02	2.76E-01	8.97E-02
763	8.02E-02	1.06E-01	2.73E-01	8.97E-02
764	6.94E-02	1.14E-01	2.76E-01	8.97E-02
765	8.21E-02	1.03E-01	2.73E-01	8.97E-02
766	1.56E-01	1.08E-01	2.76E-01	8.97E-02
767	1.75E-01	1.31E-01	2.76E-01	8.97E-02
768	1.79E-01	1.16E-01	2.76E-01	8.97E-02
769	2.09E-01	1.27E-01	2.76E-01	8.97E-02
770	1.51E-01	1.27E-01	2.76E-01	8.97E-02
771	1.35E-01	1.21E-01	2.76E-01	9.10E-02
772	1.31E-01	1.19E-01	2.76E-01	9.10E-02
773	1.38E-01	1.34E-01	2.76E-01	9.10E-02
774	1.57E-01	9.23E-02	2.76E-01	8.97E-02
775	1.68E-01	9.43E-02	2.76E-01	9.10E-02
776	1.66E-01	9.11E-02	2.76E-01	9.10E-02
777	1.71E-01	1.09E-01	2.76E-01	9.10E-02
778	1.73E-01	1.04E-01	2.76E-01	9.10E-02
779	1.76E-01	9.92E-02	2.76E-01	9.10E-02
780	7.02E-02	1.05E-01	2.76E-01	9.10E-02
781	1.70E-01	1.10E-01	2.76E-01	9.10E-02
782	1.65E-01	8.88E-02	2.76E-01	9.10E-02
783	1.65E-01	8.86E-02	2.76E-01	8.97E-02
784	1.71E-01	1.04E-01	2.76E-01	9.35E-02
785	1.75E-01	8.89E-02	2.76E-01	9.35E-02
786	6.26E-02	8.87E-02	2.76E-01	9.10E-02
787	6.73E-02	1.06E-01	2.76E-01	9.10E-02
788	7.14E-02	1.16E-01	2.76E-01	9.35E-02
789	5.98E-02	1.05E-01	2.76E-01	9.35E-02
790	6.44E-02	1.04E-01	2.76E-01	9.35E-02
791	5.87E-02	1.14E-01	2.76E-01	9.10E-02
792	6.78E-02	1.05E-01	2.78E-01	9.10E-02
793	5.62E-02	1.01E-01	2.78E-01	9.10E-02
794	1.26E-01	1.21E-01	2.76E-01	9.10E-02
795	6.50E-02	1.24E-01	2.78E-01	9.35E-02
796	5.34E-02	1.23E-01	2.76E-01	9.11E-02
797	5.77E-02	1.16E-01	2.79E-01	9.11E-02
798	6.14E-02	1.21E-01	2.79E-01	9.35E-02
799	6.83E-02	1.18E-01	2.79E-01	9.35E-02
800	6.79E-02	1.11E-01	2.79E-01	9.11E-02
801	7.18E-02	1.32E-01	2.79E-01	9.11E-02
802	8.68E-02	1.18E-01	2.76E-01	9.11E-02
803	7.77E-02	1.20E-01	2.79E-01	9.11E-02
804	6.37E-02	1.23E-01	2.77E-01	9.11E-02
805	7.02E-02	1.16E-01	2.76E-01	9.11E-02
806	9.56E-02	1.26E-01	2.76E-01	9.35E-02
807	1.13E-01	9.25E-02	2.77E-01	9.11E-02
808	7.61E-02	9.89E-02	2.76E-01	9.11E-02
809	9.13E-02	7.98E-02	2.76E-01	9.11E-02
810	9.11E-02	8.48E-02	2.77E-01	9.35E-02
811	1.12E-01	1.21E-01	2.77E-01	9.35E-02
812	1.35E-01	1.02E-01	2.76E-01	9.11E-02
813	1.44E-01	1.10E-01	2.76E-01	9.35E-02
814	1.44E-01	1.07E-01	2.76E-01	9.11E-02
815	1.82E-01	1.20E-01	2.76E-01	9.35E-02
816	1.55E-01	1.08E-01	2.76E-01	9.35E-02
817	1.53E-01	1.19E-01	2.77E-01	9.35E-02
818	1.64E-01	1.16E-01	2.76E-01	9.11E-02
819	1.65E-01	1.17E-01	2.77E-01	9.11E-02
820	1.37E-01	9.24E-02	2.76E-01	9.11E-02
821	5.63E-02	1.13E-01	2.76E-01	9.35E-02
822	8.84E-02	1.17E-01	2.76E-01	9.35E-02
823	1.20E-01	1.24E-01	2.79E-01	9.11E-02
824	1.35E-01	1.26E-01	2.79E-01	9.11E-02
825	7.34E-02	1.06E-01	2.76E-01	9.11E-02
826	1.14E-01	1.20E-01	2.79E-01	9.35E-02
827	1.17E-01	1.26E-01	2.79E-01	9.35E-02
828	1.39E-01	1.19E-01	2.79E-01	9.35E-02
829	1.08E-01	1.19E-01	2.79E-01	9.11E-02
830	1.14E-01	1.10E-01	2.79E-01	9.11E-02
831	1.71E-01	1.22E-01	2.79E-01	9.35E-02
832	1.76E-01	1.19E-01	2.79E-01	9.11E-02
833	1.78E-01	1.32E-01	2.79E-01	9.35E-02
834	1.56E-01	1.27E-01	2.79E-01	9.11E-02
835	1.52E-01	1.30E-01	2.76E-01	9.11E-02
836	1.18E-01	1.23E-01	2.79E-01	9.35E-02
837	8.73E-02	1.27E-01	2.79E-01	9.35E-02
838	8.20E-02	1.31E-01	2.81E-01	9.11E-02
839	7.37E-02	1.34E-01	2.81E-01	9.35E-02
840	8.09E-02	1.47E-01	2.76E-01	9.11E-02
841	1.23E-01	1.47E-01	2.76E-01	9.35E-02
842	1.17E-01	1.38E-01	2.76E-01	9.35E-02
843	1.14E-01	1.30E-01	2.76E-01	9.35E-02
844	1.21E-01	1.32E-01	2.76E-01	9.11E-02
845	1.16E-01	1.41E-01	2.77E-01	9.11E-02
846	9.74E-02	1.32E-01	2.76E-01	9.35E-02
847	1.02E-01	1.31E-01	2.76E-01	9.11E-02
848	1.06E-01	1.34E-01	2.76E-01	9.35E-02
849	1.29E-01	1.30E-01	2.76E-01	9.11E-02
850	1.01E-01	1.30E-01	2.77E-01	9.11E-02
851	1.15E-01	1.04E-01	2.76E-01	9.11E-02
852	1.31E-01	1.24E-01	2.76E-01	9.11E-02
853	9.86E-02	1.21E-01	2.76E-01	9.34E-02
854	1.21E-01	1.11E-01	2.77E-01	9.34E-02
855	1.37E-01	1.12E-01	2.76E-01	9.34E-02
856	7.71E-02	1.18E-01	2.76E-01	9.11E-02
857	1.10E-01	1.22E-01	2.77E-01	9.34E-02
858	9.82E-02	1.22E-01	2.77E-01	9.34E-02
859	1.54E-01	1.21E-01	2.77E-01	9.34E-02
860	1.51E-01	1.08E-01	2.77E-01	9.11E-02
861	1.67E-01	1.10E-01	2.77E-01	9.34E-02
862	1.85E-01	1.14E-01	2.77E-01	9.11E-02
863	1.11E-01	1.22E-01	2.77E-01	9.11E-02
864	1.47E-01	1.37E-01	2.77E-01	9.11E-02
865	1.48E-01	1.37E-01	2.76E-01	9.11E-02
866	1.58E-01	1.31E-01	2.76E-01	9.11E-02
867	1.40E-01	1.29E-01	2.76E-01	9.34E-02
868	1.46E-01	1.15E-01	2.76E-01	9.42E-02
869	1.24E-01	9.31E-02	2.76E-01	9.11E-02
870	1.34E-01	9.59E-02	2.76E-01	9.42E-02
871	7.08E-02	1.10E-01	2.76E-01	9.42E-02
872	7.09E-02	1.22E-01	2.76E-01	9.62E-02
873	7.48E-02	1.09E-01	2.76E-01	9.42E-02
874	1.24E-01	1.12E-01	2.76E-01	9.42E-02
875	1.50E-01	9.59E-02	2.76E-01	9.42E-02
876	1.47E-01	1.21E-01	2.76E-01	9.42E-02
877	1.54E-01	1.23E-01	2.76E-01	9.62E-02
878	1.52E-01	1.08E-01	2.76E-01	9.62E-02
879	7.33E-02	1.22E-01	2.76E-01	9.62E-02
880	1.45E-01	1.25E-01	2.76E-01	9.62E-02
881	1.49E-01	1.24E-01	2.76E-01	9.62E-02
882	1.35E-01	1.23E-01	2.76E-01	9.62E-02
883	1.50E-01	1.31E-01	2.76E-01	9.62E-02
884	6.31E-02	1.30E-01	2.76E-01	9.62E-02
885	1.56E-01	1.15E-01	2.76E-01	9.62E-02
886	1.49E-01	1.01E-01	2.76E-01	9.62E-02
887	7.22E-02	1.24E-01	2.76E-01	9.62E-02
888	9.16E-02	8.81E-02	2.76E-01	9.62E-02
889	8.36E-02	1.08E-01	2.76E-01	9.62E-02
890	8.56E-02	1.08E-01	2.76E-01	9.62E-02
891	9.69E-02	1.06E-01	2.76E-01	9.62E-02
892	1.28E-01	1.13E-01	2.76E-01	9.62E-02
893	7.29E-02	1.02E-01	2.76E-01	9.62E-02
894	8.22E-02	1.01E-01	2.76E-01	9.62E-02
895	1.47E-01	1.06E-01	2.76E-01	9.62E-02
896	1.11E-01	1.16E-01	2.76E-01	9.62E-02
897	1.13E-01	9.58E-02	2.76E-01	9.62E-02
898	1.52E-01	8.78E-02	2.76E-01	9.62E-02
899	1.53E-01	1.03E-01	2.76E-01	9.62E-02
900	1.80E-01	1.03E-01	2.76E-01	9.61E-02
901	1.73E-01	1.01E-01	2.76E-01	9.62E-02
902	1.82E-01	1.05E-01	2.76E-01	9.61E-02
903	1.84E-01	1.03E-01	2.76E-01	9.61E-02
904	4.93E-02	1.16E-01	2.76E-01	9.61E-02
905	6.47E-02	1.12E-01	2.76E-01	9.61E-02
906	1.11E-01	1.14E-01	2.76E-01	9.61E-02
907	1.45E-01	1.18E-01	2.76E-01	9.61E-02
908	1.30E-01	1.04E-01	2.76E-01	9.62E-02
909	1.50E-01	1.13E-01	2.76E-01	9.62E-02
910	2.05E-01	1.16E-01	2.76E-01	9.62E-02
911	2.29E-01	1.10E-01	2.76E-01	9.61E-02
912	2.37E-01	1.26E-01	2.76E-01	9.61E-02
913	1.93E-01	1.17E-01	2.76E-01	9.61E-02
914	1.89E-01	1.30E-01	2.76E-01	9.61E-02
915	2.35E-01	1.33E-01	2.76E-01	9.61E-02
916	8.30E-02	1.24E-01	2.76E-01	9.61E-02
917	7.75E-02	1.16E-01	2.76E-01	9.61E-02
918	8.32E-02	1.06E-01	2.76E-01	9.61E-02
919	7.38E-02	1.18E-01	2.76E-01	9.62E-02
920	1.49E-01	1.10E-01	2.76E-01	9.61E-02
921	1.58E-01	1.11E-01	2.76E-01	9.61E-02
922	1.31E-01	1.18E-01	2.76E-01	9.61E-02
923	7.90E-02	1.12E-01	2.76E-01	9.61E-02
924	1.78E-01	1.21E-01	2.76E-01	9.61E-02
925	1.66E-01	1.27E-01	2.76E-01	9.61E-02
926	1.65E-01	1.19E-01	2.76E-01	9.64E-02
927	1.74E-01	1.17E-01	2.76E-01	9.64E-02
928	1.02E-01	1.04E-01	2.76E-01	9.64E-02
929	8.17E-02	1.25E-01	2.76E-01	9.61E-02
930	8.08E-02	1.23E-01	2.76E-01	9.61E-02
931	1.17E-01	1.16E-01	2.76E-01	9.61E-02
932	1.42E-01	1.22E-01	2.76E-01	9.64E-02
933	1.54E-01	1.17E-01	2.76E-01	9.64E-02
934	7.42E-02	1.06E-01	2.76E-01	9.64E-02
935	7.95E-02	1.00E-01	2.76E-01	9.64E-02
936	1.20E-01	1.05E-01	2.76E-01	9.64E-02
937	1.39E-01	1.19E-01	2.74E-01	9.64E-02
938	7.75E-02	1.27E-01	2.74E-01	9.64E-02
939	9.02E-02	1.05E-01	2.76E-01	9.64E-02
940	1.24E-01	1.16E-01	2.76E-01	9.64E-02
941	1.41E-01	9.37E-02	2.74E-01	9.64E-02
942	5.97E-02	9.90E-02	2.74E-01	9.64E-02
943	1.27E-01	9.69E-02	2.76E-01	9.64E-02
944	1.20E-01	1.15E-01	2.76E-01	9.64E-02
945	1.41E-01	1.06E-01	2.76E-01	9.64E-02
946	1.45E-01	1.16E-01	2.76E-01	9.64E-02
947	1.52E-01	1.15E-01	2.76E-01	9.64E-02
948	1.44E-01	1.18E-01	2.76E-01	9.64E-02
949	1.63E-01	1.05E-01	2.76E-01	9.61E-02
950	1.64E-01	8.56E-02	2.76E-01	9.64E-02
951	1.56E-01	1.21E-01	2.76E-01	9.64E-02
952	9.66E-02	1.20E-01	2.76E-01	9.64E-02
953	7.51E-02	1.19E-01	2.76E-01	9.64E-02
954	1.31E-01	9.17E-02	2.76E-01	9.64E-02
955	1.55E-01	8.06E-02	2.76E-01	9.64E-02
956	1.57E-01	9.09E-02	2.76E-01	9.64E-02
957	1.69E-01	1.04E-01	2.76E-01	9.64E-02
958	1.75E-01	9.64E-02	2.76E-01	9.64E-02
959	1.67E-01	1.09E-01	2.76E-01	9.64E-02
960	1.70E-01	1.12E-01	2.76E-01	9.64E-02
961	1.70E-01	9.68E-02	2.76E-01	9.64E-02
962	4.35E-02	1.06E-01	2.76E-01	9.64E-02
963	5.57E-02	1.00E-01	2.76E-01	9.64E-02
964	7.75E-02	9.23E-02	2.76E-01	9.64E-02
965	7.62E-02	8.66E-02	2.76E-01	9.64E-02
966	9.13E-02	8.62E-02	2.76E-01	9.64E-02
967	1.26E-01	8.82E-02	2.76E-01	9.64E-02
968	1.40E-01	8.41E-02	2.76E-01	9.64E-02
969	8.64E-02	1.01E-01	2.76E-01	9.64E-02
970	1.68E-01	9.02E-02	2.28E-01	9.64E-02
971	1.52E-01	9.90E-02	2.76E-01	9.64E-02
972	1.48E-01	1.16E-01	2.76E-01	9.64E-02
973	1.60E-01	1.13E-01	2.76E-01	9.61E-02
974	1.60E-01	9.80E-02	2.76E-01	9.64E-02
975	1.63E-01	9.30E-02	2.76E-01	9.64E-02
976	1.64E-01	1.16E-01	2.76E-01	9.64E-02
977	5.43E-02	1.04E-01	2.76E-01	9.64E-02
978	7.77E-02	1.18E-01	2.76E-01	9.64E-02
979	1.43E-01	7.77E-02	2.76E-01	9.64E-02
980	1.77E-01	7.42E-02	2.76E-01	9.64E-02
981	1.67E-01	7.03E-02	2.76E-01	9.64E-02
982	1.73E-01	8.97E-02	2.76E-01	9.64E-02
983	1.75E-01	1.13E-01	2.76E-01	9.64E-02
984	1.80E-01	1.07E-01	2.76E-01	9.64E-02
985	1.79E-01	1.20E-01	2.76E-01	9.64E-02
986	1.81E-01	1.06E-01	2.76E-01	9.64E-02
987	1.83E-01	1.17E-01	2.76E-01	9.64E-02
988	1.86E-01	9.45E-02	2.76E-01	9.64E-02
989	1.80E-01	9.20E-02	2.76E-01	9.64E-02
990	1.83E-01	1.08E-01	2.76E-01	9.61E-02
991	1.82E-01	9.84E-02	2.76E-01	9.64E-02
992	1.82E-01	1.11E-01	2.76E-01	9.64E-02
993	1.83E-01	1.09E-01	2.76E-01	9.64E-02
994	1.86E-01	1.05E-01	2.79E-01	9.64E-02
995	1.86E-01	1.05E-01	2.76E-01	9.64E-02
996	1.83E-01	1.28E-01	2.79E-01	9.64E-02
997	1.19E-01	1.32E-01	2.76E-01	9.64E-02
998	1.06E-01	1.18E-01	2.76E-01	9.61E-02
999	1.65E-01	1.17E-01	2.76E-01	9.64E-02
1000				9.64E-02
1001				9.64E-02
1002				9.64E-02
1003				9.64E-02
1004				9.64E-02
1005				9.64E-02
1006				9.64E-02
1007				8.98E-02
1008				8.98E-02
1009				1.03E-01
1010				9.64E-02
1011				9.64E-02
1012				9.64E-02
1013				9.64E-02
1014				9.64E-02
1015				9.64E-02
1016				9.64E-02
1017				9.64E-02
1018				9.64E-02
1019				9.64E-02
1020				9.64E-02
1021				9.64E-02
1022				9.64E-02
1023				9.64E-02
1024				9.93E-02
1025				9.64E-02
1026				9.93E-02
1027				9.64E-02
1028				9.64E-02
1029				9.64E-02
1030				9.93E-02
1031				9.64E-02
1032				9.64E-02
1033				9.64E-02
1034				9.64E-02
1035				9.64E-02
1036				9.64E-02
1037				9.38E-02
1038				9.38E-02
1039				9.64E-02
1040				9.38E-02
1041				9.38E-02
1042				9.64E-02
1043				9.38E-02
1044				9.38E-02
1045				9.64E-02
1046				9.38E-02
1047				9.38E-02
1048				9.64E-02
1049				9.38E-02
1050				9.38E-02
1051				9.38E-02
1052				9.64E-02
1053				9.38E-02
1054				9.64E-02
1055				9.64E-02
1056				9.38E-02
1057				9.38E-02
1058				9.37E-02
1059				9.38E-02
1060				9.37E-02
1061				9.38E-02
1062				9.37E-02
1063				9.38E-02
1064				9.37E-02
1065				9.37E-02
1066				9.38E-02
1067				9.37E-02
1068				9.37E-02
1069				9.38E-02
1070				9.38E-02
1071				9.37E-02
1072				9.37E-02
1073				9.38E-02
1074				9.38E-02
1075				9.38E-02
1076				9.37E-02
1077				9.38E-02
1078				9.38E-02
1079				9.38E-02
1080				9.37E-02
1081				9.38E-02
1082				9.38E-02
1083				9.38E-02
1084				9.37E-02
1085				9.38E-02
1086				9.38E-02
1087				9.38E-02
1088				9.37E-02
1089				9.38E-02
1090				9.37E-02
1091				9.38E-02
1092				9.37E-02
1093				9.37E-02
1094				9.38E-02
1095				9.38E-02
1096				9.37E-02
1097				9.38E-02
1098				9.38E-02
1099				9.38E-02
1100				9.38E-02
1101				9.37E-02
1102				9.38E-02
1103				9.38E-02
1104				9.38E-02
1105				9.37E-02
1106				9.37E-02
1107				9.38E-02
1108				9.37E-02
1109				9.38E-02
1110				9.38E-02
1111				9.38E-02
1112				9.38E-02
1113				9.37E-02
1114				9.38E-02
1115				9.37E-02
1116				9.37E-02
1117				9.38E-02
1118				9.59E-02
1119				9.59E-02
1120				9.59E-02
1121				9.37E-02
1122				9.37E-02
1123				9.59E-02
1124				9.37E-02
1125				9.37E-02
1126				9.37E-02
1127				9.59E-02
1128				9.59E-02
1129				9.59E-02
1130				9.59E-02
1131				9.37E-02
1132				9.37E-02
1133				9.59E-02
1134				9.59E-02
1135				9.59E-02
1136				9.59E-02
1137				9.59E-02
1138				9.59E-02
1139				9.37E-02
1140				9.59E-02
1141				9.59E-02
1142				9.59E-02
1143				9.59E-02
1144				9.59E-02
1145				9.37E-02
1146				9.58E-02
1147				9.58E-02
1148				9.59E-02
1149				9.58E-02
1150				9.59E-02
1151				9.58E-02
1152				9.58E-02
1153				9.59E-02
1154				9.58E-02
1155				9.59E-02
1156				9.59E-02
1157				9.58E-02
1158				9.58E-02
1159				9.58E-02
1160				9.58E-02
1161				9.58E-02
1162				9.58E-02
1163				9.58E-02
1164				9.59E-02
1165				9.59E-02
1166				9.59E-02
1167				9.58E-02
1168				9.58E-02
1169				9.58E-02
1170				9.58E-02
1171				9.59E-02
1172				9.58E-02
1173				9.58E-02
1174				9.58E-02
1175				9.58E-02
1176				9.59E-02
1177				9.58E-02
1178				9.58E-02
1179				9.58E-02
1180				9.59E-02
1181				9.59E-02
1182				9.59E-02
1183				9.59E-02
1184				9.59E-02
1185				9.59E-02
1186				9.59E-02
1187				9.59E-02
1188				9.59E-02
1189				9.59E-02
1190				9.59E-02
1191				9.59E-02
1192				9.59E-02
1193				9.59E-02
1194				9.59E-02
1195				9.59E-02
1196				9.59E-02
1197				9.59E-02
1198				9.59E-02
1199				9.59E-02
1200				9.59E-02
1201				9.59E-02
1202				9.59E-02
1203				9.59E-02
1204				9.59E-02
1205				9.59E-02
1206				9.59E-02
1207				9.59E-02
1208				9.59E-02
1209				9.59E-02
1210				9.59E-02
1211				9.59E-02
1212				9.59E-02
1213				9.59E-02
1214				9.59E-02
1215				9.59E-02
1216				9.59E-02
1217				9.59E-02
1218				9.59E-02
1219				9.59E-02
1220				9.59E-02
1221				9.59E-02
1222				9.59E-02
1223				9.59E-02
1224				9.59E-02
1225				9.59E-02
1226				9.59E-02
1227				9.59E-02
1228				9.59E-02
1229				9.59E-02
1230				9.59E-02
1231				9.59E-02
1232				9.59E-02
1233				9.59E-02
1234				9.59E-02
1235				9.59E-02
1236				9.59E-02
1237				9.59E-02
1238				9.59E-02
1239				9.59E-02
1240				9.57E-02
1241				9.59E-02
1242				9.59E-02
1243				9.59E-02
1244				9.59E-02
1245				9.59E-02
1246				9.59E-02
1247				9.59E-02
1248				9.59E-02
1249				9.59E-02
1250				9.59E-02
1251				9.59E-02
1252				9.59E-02
1253				9.59E-02
1254				9.59E-02
1255				9.59E-02
1256				9.59E-02
1257				9.59E-02
1258				9.59E-02
1259				1.08E-01
1260				9.59E-02
1261				9.59E-02
1262				9.59E-02
1263				9.59E-02
1264				9.59E-02
1265				9.59E-02
1266				9.59E-02
1267				9.59E-02
1268				9.59E-02
1269				9.59E-02
1270				9.59E-02
1271				9.59E-02
1272				9.59E-02
1273				9.59E-02
1274				9.53E-02
1275				9.53E-02
1276				9.53E-02
1277				9.53E-02
1278				9.53E-02
1279				9.53E-02
1280				9.53E-02
1281				9.53E-02
1282				9.53E-02
1283				9.53E-02
1284				9.53E-02
1285				9.53E-02
1286				9.53E-02
1287				9.53E-02
1288				9.53E-02
1289				9.53E-02
1290				9.53E-02
1291				9.53E-02
1292				9.53E-02
1293				9.58E-02
1294				9.53E-02
1295				9.58E-02
1296				9.44E-02
1297				9.53E-02
1298				9.53E-02
1299				9.44E-02
1300				9.53E-02
1301				9.53E-02
1302				9.53E-02
1303				9.53E-02
1304				9.53E-02
1305				9.53E-02
1306				9.53E-02
1307				9.53E-02
1308				9.53E-02
1309				9.44E-02
1310				9.53E-02
1311				9.44E-02
1312				9.53E-02
1313				9.53E-02
1314				9.53E-02
1315				9.44E-02
1316				9.53E-02
1317				9.44E-02
1318				9.53E-02
1319				9.44E-02
1320				9.53E-02
1321				9.53E-02
1322				9.53E-02
1323				9.53E-02
1324				9.53E-02
1325				9.53E-02
1326				9.44E-02
1327				9.53E-02
1328				9.53E-02
1329				9.53E-02
1330				9.44E-02
1331				9.53E-02
1332				9.53E-02
1333				9.53E-02
1334				9.53E-02
1335				9.44E-02
1336				9.53E-02
1337				9.54E-02
1338				9.54E-02
1339				9.48E-02
1340				9.48E-02
1341				9.48E-02
1342				9.48E-02
1343				9.48E-02
1344				9.48E-02
1345				9.48E-02
1346				9.54E-02
1347				9.48E-02
1348				9.48E-02
1349				9.48E-02
1350				9.48E-02
1351				9.48E-02
1352				9.54E-02
1353				9.48E-02
1354				9.48E-02
1355				9.54E-02
1356				9.54E-02
1357				9.54E-02
1358				9.54E-02
1359				9.54E-02
1360				9.54E-02
1361				9.54E-02
1362				9.54E-02
1363				9.54E-02
1364				9.52E-02
1365				9.54E-02
1366				9.52E-02
1367				9.54E-02
1368				9.52E-02
1369				9.54E-02
1370				9.54E-02
1371				9.52E-02
1372				9.54E-02
1373				9.54E-02
1374				9.52E-02
1375				9.54E-02
1376				9.52E-02
1377				9.52E-02
1378				9.54E-02
1379				9.54E-02
1380				9.52E-02
1381				9.54E-02
1382				9.52E-02
1383				9.52E-02
1384				9.54E-02
1385				9.54E-02
1386				9.54E-02
1387				9.52E-02
1388				9.52E-02
1389				9.54E-02
1390				9.54E-02
1391				9.52E-02
1392				9.68E-02
1393				9.68E-02
1394				9.54E-02
1395				9.54E-02
1396				9.54E-02
1397				9.54E-02
1398				9.68E-02
1399				9.54E-02
1400				9.54E-02
1401				9.54E-02
1402				9.68E-02
1403				9.54E-02
1404				9.54E-02
1405				9.54E-02
1406				9.54E-02
1407				9.54E-02
1408				9.54E-02
1409				9.64E-02
1410				9.64E-02
1411				9.64E-02
1412				9.54E-02
1413				9.64E-02
1414				9.64E-02
1415				9.64E-02
1416				9.64E-02
1417				9.54E-02
1418				9.64E-02
1419				9.54E-02
1420				9.64E-02
1421				9.64E-02
1422				9.64E-02
1423				9.64E-02
1424				9.54E-02
1425				9.68E-02
1426				9.68E-02
1427				9.68E-02
1428				9.54E-02
1429				9.68E-02
1430				9.68E-02
1431				9.68E-02
1432				9.68E-02
1433				9.68E-02
1434				9.68E-02
1435				9.68E-02
1436				9.68E-02
1437				9.68E-02
1438				9.68E-02
1439				9.68E-02
1440				9.68E-02
1441				9.68E-02
1442				9.68E-02
1443				9.68E-02
1444				9.68E-02
1445				9.68E-02
1446				9.68E-02
1447				9.68E-02
1448				9.68E-02
1449				9.68E-02
1450				9.68E-02
1451				9.68E-02
1452				9.68E-02
1453				9.68E-02
1454				9.68E-02
1455				9.68E-02
1456				9.68E-02
1457				9.68E-02
1458				9.66E-02
1459				9.68E-02
1460				9.66E-02
1461				9.68E-02
1462				9.68E-02
1463				9.68E-02
1464				9.66E-02
1465				9.66E-02
1466				9.66E-02
1467				9.66E-02
1468				9.66E-02
1469				9.66E-02
1470				9.66E-02
1471				9.66E-02
1472				9.66E-02
1473				9.66E-02
1474				9.66E-02
1475				9.66E-02
1476				9.66E-02
1477				9.66E-02
1478				9.66E-02
1479				9.66E-02
1480				9.66E-02
1481				9.66E-02
1482				9.66E-02
1483				9.66E-02
1484				9.66E-02
1485				9.66E-02
1486				9.63E-02
1487				9.63E-02
1488				9.63E-02
1489				9.63E-02
1490				9.66E-02
1491				9.66E-02
1492				9.63E-02
1493				9.66E-02
1494				9.63E-02
1495				9.63E-02
1496				9.63E-02
1497				9.63E-02
1498				9.63E-02
1499				9.63E-02

