0	0.00E+00	0.00E+00
1	0.00E+00	0.00E+00
2	1.88E+00	1.34E-01
3	2.08E+00	8.27E-02
4	1.02E+00	2.14E-02
5	9.49E-01	2.08E-02
6	1.20E-02	6.88E-02
7	4.32E-01	2.28E-02
8	3.20E-01	6.53E-02
9	6.49E-01	7.37E-02
10	1.23E+00	1.38E-04
11	4.05E-03	1.38E-04
12	7.43E-01	5.87E-05
13	3.99E-01	5.87E-05
14	6.31E-01	5.87E-05
15	3.35E-01	7.76E-05
16	5.41E-01	5.87E-05
17	4.29E-01	4.80E-05
18	1.09E-01	4.80E-05
19	4.05E-03	3.76E-05
20	2.60E-01	3.76E-05
21	2.29E-02	4.30E-05
22	1.65E-02	4.30E-05
23	3.37E-04	3.76E-05
24	1.57E-02	3.76E-05
25	3.07E-02	3.64E-05
26	1.61E-02	3.64E-05
27	7.42E-05	3.64E-05
28	5.28E-02	3.64E-05
29	3.19E-02	3.64E-05
30	1.24E-01	3.64E-05
31	2.82E-05	3.64E-05
32	2.82E-05	3.64E-05
33	7.67E-02	3.64E-05
34	8.93E-04	3.64E-05
35	5.89E-02	3.63E-05
36	9.45E-02	3.61E-05
37	9.21E-02	3.61E-05
38	6.44E-02	3.61E-05
39	2.42E-02	3.61E-05
40	3.99E-02	3.61E-05
41	3.64E-02	1.96E-05
42	1.98E-02	1.96E-05
43	1.57E-04	1.96E-05
44	2.56E-02	1.96E-05
45	6.35E-04	1.96E-05
46	4.33E-02	1.96E-05
47	4.15E-07	1.96E-05
48	4.15E-07	1.96E-05
49	2.81E-02	1.96E-05
50	2.70E-07	1.97E-05
51	5.90E-09	1.97E-05
52	5.90E-09	1.96E-05
53	3.03E-02	1.97E-05
54	2.98E-02	1.97E-05
55	5.10E-09	1.96E-05
56	5.10E-09	1.96E-05
57	5.02E-09	1.96E-05
58	5.02E-09	1.96E-05
59	5.02E-09	1.96E-05
60	4.03E-09	1.96E-05
61	3.71E-09	1.31E-05
62	3.71E-09	1.31E-05
63	3.71E-09	1.31E-05
64	2.48E-09	1.31E-05
65	1.22E-10	3.06E-06
66	1.22E-10	3.06E-06
67	1.22E-10	3.06E-06
68	1.22E-10	1.81E-06
69	1.22E-10	1.78E-06
70	1.22E-10	1.78E-06
71	1.22E-10	1.78E-06
72	1.22E-10	1.33E-06
73	1.22E-10	1.33E-06
74	1.15E-10	1.33E-06
75	1.15E-10	1.33E-06
76	1.15E-10	1.33E-06
77	6.50E-11	2.41E-07
78	6.50E-11	2.41E-07
79	6.50E-11	2.41E-07
80	6.50E-11	2.41E-07
81	6.50E-11	2.41E-07
82	6.50E-11	2.28E-07
83	6.50E-11	2.41E-07
84	6.50E-11	2.41E-07
85	6.50E-11	2.41E-07
86	6.50E-11	2.41E-07
87	4.82E-11	2.41E-07
88	4.82E-11	2.41E-07
89	4.82E-11	2.41E-07
90	4.82E-11	2.41E-07
91	4.82E-11	2.41E-07
92	4.82E-11	2.41E-07
93	4.82E-11	2.41E-07
94	4.82E-11	2.41E-07
95	4.91E-11	2.41E-07
96	4.91E-11	2.41E-07
97	4.91E-11	2.41E-07
98	4.91E-11	2.51E-07
99	4.91E-11	2.41E-07
100	4.91E-11	2.41E-07
101	2.80E-11	2.33E-07
102	2.80E-11	2.33E-07
103	2.80E-11	2.32E-07
104	2.80E-11	2.32E-07
105	2.80E-11	2.32E-07
106	2.80E-11	2.32E-07
107	2.80E-11	2.33E-07
108	2.80E-11	2.33E-07
109	2.80E-11	2.33E-07
110	2.80E-11	2.32E-07
111	2.80E-11	2.33E-07
112	2.80E-11	2.33E-07
113	2.80E-11	2.58E-07
114	2.80E-11	2.36E-07
115	2.80E-11	2.36E-07
116	2.80E-11	2.36E-07
117	2.80E-11	2.36E-07
118	2.80E-11	2.36E-07
119	2.80E-11	2.36E-07
120	2.55E-11	2.36E-07
121	2.55E-11	2.70E-07
122	2.55E-11	2.70E-07
123	2.55E-11	2.70E-07
124	2.55E-11	2.75E-07
125	2.55E-11	2.22E-07
126	2.55E-11	2.22E-07
127	2.15E-11	2.22E-07
128	2.15E-11	2.21E-07
129	2.15E-11	2.21E-07
130	2.15E-11	2.21E-07
131	2.15E-11	2.21E-07
132	2.15E-11	2.21E-07
133	2.15E-11	3.43E-08
134	2.15E-11	3.36E-08
135	2.15E-11	3.12E-08
136	2.15E-11	3.12E-08
137	2.15E-11	3.12E-08
138	2.15E-11	2.90E-08
139	2.15E-11	2.66E-08
140	2.15E-11	2.66E-08
141	2.15E-11	2.66E-08
142	2.15E-11	2.28E-08
143	2.15E-11	2.45E-08
144	2.15E-11	2.45E-08
145	2.14E-11	2.44E-08
146	2.14E-11	2.45E-08
147	2.14E-11	1.26E-08
148	2.14E-11	1.26E-08
149	2.14E-11	1.26E-08
150	2.14E-11	1.22E-08
151	2.14E-11	1.23E-08
152	2.14E-11	1.23E-08
153	2.14E-11	1.23E-08
154	2.14E-11	1.23E-08
155	2.14E-11	1.26E-08
156	2.14E-11	1.26E-08
157	2.14E-11	1.23E-08
158	2.14E-11	1.25E-08
159	2.14E-11	1.66E-08
160	2.14E-11	1.66E-08
161	2.14E-11	1.26E-08
162	2.14E-11	1.02E-08
163	2.14E-11	9.97E-09
164	2.14E-11	9.97E-09
165	2.10E-11	9.97E-09
166	2.10E-11	9.97E-09
167	2.10E-11	9.97E-09
168	2.10E-11	1.19E-08
169	2.10E-11	1.19E-08
170	2.10E-11	1.19E-08
171	2.10E-11	9.97E-09
172	2.10E-11	1.19E-08
173	2.10E-11	9.97E-09
174	2.10E-11	9.97E-09
175	2.10E-11	9.97E-09
176	2.14E-11	9.97E-09
177	2.10E-11	9.97E-09
178	2.10E-11	9.97E-09
179	2.10E-11	9.97E-09
180	2.13E-11	9.97E-09
181	2.10E-11	7.08E-09
182	1.17E-11	7.08E-09
183	1.17E-11	7.08E-09
184	1.17E-11	7.08E-09
185	1.17E-11	7.48E-09
186	1.17E-11	7.48E-09
187	1.17E-11	7.48E-09
188	1.17E-11	7.08E-09
189	1.21E-11	7.08E-09
190	1.17E-11	7.08E-09
191	1.08E-11	8.63E-09
192	1.08E-11	8.63E-09
193	1.08E-11	8.55E-09
194	1.08E-11	8.63E-09
195	1.08E-11	8.55E-09
196	1.17E-11	8.63E-09
197	1.17E-11	8.63E-09
198	1.17E-11	8.63E-09
199	1.17E-11	8.61E-09
200	8.80E-12	8.61E-09
201	1.17E-11	8.61E-09
202	1.17E-11	8.61E-09
203	1.17E-11	8.61E-09
204	1.17E-11	8.61E-09
205	1.17E-11	8.61E-09
206	1.17E-11	8.81E-09
207	1.17E-11	8.81E-09
208	1.17E-11	8.81E-09
209	1.17E-11	1.97E-09
210	1.17E-11	2.60E-09
211	1.17E-11	3.09E-10
212	1.17E-11	1.95E-10
213	1.17E-11	1.95E-10
214	1.17E-11	1.95E-10
215	1.17E-11	1.91E-10
216	1.17E-11	1.91E-10
217	1.17E-11	1.91E-10
218	1.00E-11	1.91E-10
219	1.17E-11	1.92E-10
220	1.17E-11	1.92E-10
221	1.17E-11	1.92E-10
222	1.17E-11	2.01E-10
223	1.17E-11	2.01E-10
224	1.17E-11	2.01E-10
225	1.17E-11	2.01E-10
226	1.17E-11	2.01E-10
227	1.17E-11	2.32E-11
228	1.17E-11	9.86E-12
229	1.00E-11	5.11E-12
230	1.17E-11	5.11E-12
231	1.17E-11	5.23E-12
232	1.17E-11	5.23E-12
233	1.22E-11	2.56E-12
234	1.22E-11	2.56E-12
235	2.07E-12	8.11E-13
236	2.07E-12	8.11E-13
237	2.07E-12	8.11E-13
238	2.07E-12	8.11E-13
239	2.07E-12	8.11E-13
240	2.07E-12	7.53E-13
241	2.07E-12	8.11E-13
242	2.07E-12	8.34E-13
243	2.07E-12	8.34E-13
244	2.09E-12	8.34E-13
245	2.09E-12	8.34E-13
246	2.09E-12	8.28E-13
247	2.09E-12	8.28E-13
248	2.09E-12	8.28E-13
249	2.09E-12	8.28E-13
250	2.09E-12	8.22E-13
251	2.09E-12	8.22E-13
252	2.09E-12	8.22E-13
253	2.09E-12	8.14E-13
254	2.09E-12	8.22E-13
255	2.09E-12	6.70E-13
256	2.09E-12	8.22E-13
257	2.09E-12	6.70E-13
258	2.09E-12	6.70E-13
259	2.09E-12	6.62E-13
260	2.09E-12	6.70E-13
261	2.79E-12	6.62E-13
262	2.79E-12	6.62E-13
263	2.79E-12	6.62E-13
264	2.79E-12	6.62E-13
265	2.79E-12	6.62E-13
266	2.10E-12	6.62E-13
267	2.79E-12	6.62E-13
268	2.79E-12	6.62E-13
269	2.79E-12	6.62E-13
270	2.79E-12	6.62E-13
271	2.78E-12	7.16E-13
272	2.79E-12	8.20E-13
273	2.79E-12	7.16E-13
274	2.79E-12	8.20E-13
275	1.43E-12	8.20E-13
276	1.43E-12	8.20E-13
277	1.44E-12	8.30E-13
278	1.44E-12	8.30E-13
279	1.44E-12	8.19E-13
280	1.44E-12	8.19E-13
281	1.44E-12	8.19E-13
282	1.44E-12	6.96E-13
283	1.44E-12	6.96E-13
284	1.44E-12	6.88E-13
285	1.44E-12	1.18E-13
286	1.44E-12	1.21E-13
287	1.44E-12	1.21E-13
288	1.44E-12	1.21E-13
289	1.43E-12	1.21E-13
290	1.44E-12	1.21E-13
291	1.43E-12	1.38E-13
292	1.44E-12	1.38E-13
293	1.43E-12	1.38E-13
294	1.44E-12	1.38E-13
295	1.44E-12	1.38E-13
296	1.44E-12	1.26E-13
297	1.44E-12	1.26E-13
298	1.44E-12	1.26E-13
299	1.44E-12	1.26E-13
300	1.44E-12	1.26E-13
301	1.44E-12	1.26E-13
302	1.44E-12	1.26E-13
303	1.44E-12	1.26E-13
304	1.44E-12	1.26E-13
305	1.44E-12	1.26E-13
306	1.44E-12	1.26E-13
307	1.44E-12	8.27E-14
308	1.44E-12	8.27E-14
309	1.44E-12	8.27E-14
310	1.44E-12	8.27E-14
311	1.44E-12	9.37E-14
312	1.44E-12	9.37E-14
313	1.44E-12	1.05E-13
314	1.44E-12	1.05E-13
315	1.44E-12	9.37E-14
316	1.44E-12	1.05E-13
317	1.44E-12	1.04E-13
318	1.44E-12	1.04E-13
319	1.43E-12	1.04E-13
320	1.43E-12	1.04E-13
321	1.43E-12	1.04E-13
322	5.15E-13	1.04E-13
323	5.15E-13	1.04E-13
324	5.15E-13	1.04E-13
325	5.15E-13	1.04E-13
326	5.15E-13	1.04E-13
327	5.15E-13	8.03E-14
328	5.15E-13	8.03E-14
329	5.15E-13	8.03E-14
330	5.15E-13	8.03E-14
331	5.15E-13	8.03E-14
332	5.15E-13	8.03E-14
333	5.15E-13	8.03E-14
334	3.82E-13	8.03E-14
335	3.82E-13	8.03E-14
336	3.82E-13	2.18E-14
337	3.82E-13	2.18E-14
338	3.82E-13	2.17E-14
339	3.82E-13	2.18E-14
340	3.82E-13	2.18E-14
341	3.82E-13	1.18E-15
342	3.82E-13	1.18E-15
343	3.82E-13	1.18E-15
344	3.82E-13	1.18E-15
345	3.82E-13	1.19E-15
346	3.82E-13	1.19E-15
347	3.82E-13	1.18E-15
348	3.82E-13	1.18E-15
349	3.82E-13	1.18E-15
350	1.66E-13	1.18E-15
351	1.66E-13	1.18E-15
352	1.66E-13	1.18E-15
353	1.66E-13	1.18E-15
354	1.66E-13	1.18E-15
355	1.66E-13	1.18E-15
356	1.66E-13	1.18E-15
357	1.66E-13	1.18E-15
358	1.66E-13	1.18E-15
359	1.66E-13	1.18E-15
360	1.64E-13	1.18E-15
361	1.64E-13	1.18E-15
362	1.64E-13	1.18E-15
363	1.60E-13	1.18E-15
364	1.60E-13	1.18E-15
365	1.55E-13	1.65E-15
366	1.55E-13	1.37E-15
367	1.55E-13	1.37E-15
368	1.55E-13	1.30E-15
369	1.55E-13	1.30E-15
370	1.55E-13	1.30E-15
371	1.55E-13	3.56E-16
372	1.55E-13	3.56E-16
373	1.55E-13	4.18E-16
374	1.55E-13	4.18E-16
375	1.55E-13	4.19E-16
376	1.55E-13	4.18E-16
377	1.55E-13	3.55E-16
378	1.55E-13	3.30E-16
379	1.55E-13	3.30E-16
380	1.55E-13	3.55E-16
381	1.55E-13	3.55E-16
382	1.55E-13	3.03E-16
383	1.56E-13	3.03E-16
384	1.56E-13	3.03E-16
385	1.56E-13	3.03E-16
386	1.19E-13	3.03E-16
387	1.19E-13	3.03E-16
388	1.19E-13	2.97E-16
389	1.19E-13	2.97E-16
390	1.19E-13	3.03E-16
391	1.19E-13	2.97E-16
392	1.19E-13	2.97E-16
393	1.19E-13	2.97E-16
394	1.19E-13	3.34E-16
395	1.19E-13	3.34E-16
396	1.19E-13	3.34E-16
397	1.19E-13	2.97E-16
398	1.19E-13	3.34E-16
399	1.19E-13	3.36E-16
400		3.34E-16
401		3.36E-16
402		3.80E-16
403		3.80E-16
404		3.36E-16
405		3.78E-16
406		3.78E-16
407		2.96E-16
408		3.99E-17
409		3.99E-17
410		3.99E-17
411		1.02E-17
412		1.02E-17
413		1.02E-17
414		1.02E-17
415		9.78E-18
416		9.78E-18
417		9.78E-18
418		9.78E-18
419		9.78E-18
420		9.78E-18
421		9.78E-18
422		9.78E-18
423		9.78E-18
424		9.78E-18
425		9.78E-18
426		9.78E-18
427		9.78E-18
428		9.78E-18
429		9.78E-18
430		9.78E-18
431		9.78E-18
432		9.60E-18
433		8.29E-18
434		8.49E-18
435		8.29E-18
436		9.75E-18
437		9.75E-18
438		9.75E-18
439		9.75E-18
440		9.75E-18
441		9.75E-18
442		9.29E-18
443		8.87E-18
444		9.26E-18
445		9.17E-18
446		9.27E-18
447		9.26E-18
448		1.01E-17
449		1.01E-17
450		1.01E-17
451		1.01E-17
452		1.01E-17
453		9.25E-18
454		9.25E-18
455		1.01E-17
456		1.01E-17
457		1.00E-17
458		1.00E-17
459		1.00E-17
460		1.00E-17
461		1.37E-17
462		1.37E-17
463		9.95E-18
464		9.95E-18
465		9.95E-18
466		9.95E-18
467		9.95E-18
468		9.95E-18
469		9.95E-18
470		9.95E-18
471		9.95E-18
472		9.95E-18
473		1.00E-17
474		9.95E-18
475		9.95E-18
476		9.02E-18
477		9.95E-18
478		9.14E-18
479		9.14E-18
480		9.14E-18
481		9.14E-18
482		9.80E-18
483		9.80E-18
484		1.14E-17
485		1.14E-17
486		1.14E-17
487		9.80E-18
488		9.80E-18
489		9.80E-18
490		9.73E-18
491		9.73E-18
492		9.36E-18
493		9.36E-18
494		9.36E-18
495		9.36E-18
496		9.36E-18
497		9.36E-18
498		9.36E-18
499		9.36E-18
500		9.36E-18
501		9.42E-18
502		9.42E-18
503		9.36E-18
504		9.42E-18
505		9.42E-18
506		9.36E-18
507		9.42E-18
508		9.36E-18
509		9.36E-18
510		9.36E-18
511		9.36E-18
512		8.42E-18
513		8.42E-18
514		9.36E-18
515		9.54E-18
516		9.54E-18
517		9.36E-18
518		9.53E-18
519		9.54E-18
520		9.54E-18
521		9.54E-18
522		9.08E-18
523		9.08E-18
524		9.08E-18
525		9.08E-18
526		9.08E-18
527		1.19E-17
528		9.08E-18
529		1.15E-17
530		1.15E-17
531		8.98E-18
532		1.15E-17
533		8.98E-18
534		1.15E-17
535		1.15E-17
536		1.19E-17
537		1.15E-17
538		1.15E-17
539		1.17E-17
540		1.15E-17
541		1.15E-17
542		1.15E-17
543		1.15E-17
544		1.15E-17
545		1.15E-17
546		1.31E-17
547		7.15E-18
548		7.15E-18
549		7.15E-18
550		7.15E-18
551		7.96E-18
552		7.96E-18
553		7.96E-18
554		8.81E-18
555		8.81E-18
556		8.81E-18
557		8.98E-18
558		8.98E-18
559		8.81E-18
560		8.81E-18
561		8.81E-18
562		8.81E-18
563		8.81E-18
564		8.87E-18
565		8.87E-18
566		8.81E-18
567		8.81E-18
568		8.81E-18
569		8.80E-18
570		8.81E-18
571		7.94E-18
572		7.94E-18
573		7.94E-18
574		9.84E-18
575		7.94E-18
576		9.84E-18
577		9.84E-18
578		9.84E-18
579		9.84E-18
580		9.84E-18
581		9.84E-18
582		9.84E-18
583		9.84E-18
584		9.84E-18
585		9.84E-18
586		9.84E-18
587		1.02E-17
588		1.02E-17
589		1.02E-17
590		1.02E-17
591		8.91E-18
592		1.02E-17
593		8.91E-18
594		1.02E-17
595		1.02E-17
596		1.00E-17
597		1.00E-17
598		1.02E-17
599		1.01E-17

