0	0.00E+00	0.00E+00	0.00E+00	0.00E+00
1	0.00E+00	0.00E+00	0.00E+00	0.00E+00
2	7.55E-02	3.01E-02	6.69E-02	1.22E-01
3	7.85E-02	3.20E-02	4.71E-02	8.96E-02
4	4.94E-02	4.33E-02	5.04E-02	9.06E-02
5	6.93E-02	4.79E-02	3.45E-02	8.87E-02
6	1.37E-01	7.63E-02	2.11E-02	9.33E-02
7	6.45E-02	2.73E-02	1.37E-02	5.92E-02
8	9.09E-02	3.92E-02	2.09E-02	9.40E-02
9	1.28E-01	4.86E-02	1.98E-02	5.36E-02
10	8.22E-02	4.40E-02	1.95E-02	8.31E-02
11	1.00E-01	3.10E-02	2.12E-02	5.40E-02
12	8.28E-02	4.20E-02	2.37E-02	6.13E-02
13	1.76E-01	3.59E-02	1.53E-02	5.54E-02
14	1.34E-01	2.99E-02	1.60E-02	4.35E-02
15	6.23E-02	3.55E-02	1.42E-02	2.88E-02
16	8.41E-02	4.24E-02	1.57E-02	1.37E-02
17	9.38E-02	4.00E-02	1.74E-02	1.79E-02
18	7.51E-02	4.45E-02	1.98E-02	2.03E-02
19	2.09E-01	4.21E-02	1.69E-02	3.20E-02
20	2.50E-01	4.70E-02	2.12E-02	2.53E-02
21	2.57E-01	6.39E-02	2.34E-02	2.06E-02
22	2.60E-01	5.99E-02	3.33E-02	2.04E-02
23	2.25E-01	8.06E-02	2.61E-02	1.94E-02
24	2.19E-01	6.21E-02	1.50E-02	2.04E-02
25	2.34E-01	6.80E-02	3.01E-02	1.94E-02
26	2.33E-01	7.14E-02	6.10E-02	2.40E-02
27	2.32E-01	5.75E-02	6.52E-02	2.14E-02
28	2.22E-01	7.27E-02	6.05E-02	2.56E-02
29	2.13E-01	5.10E-02	3.85E-02	2.04E-02
30	1.40E-01	5.01E-02	4.38E-02	2.63E-02
31	2.32E-01	7.49E-02	6.34E-02	2.06E-02
32	2.28E-01	5.94E-02	5.75E-02	2.03E-02
33	2.28E-01	5.64E-02	6.23E-02	2.14E-02
34	2.28E-01	7.45E-02	6.10E-02	2.64E-02
35	2.24E-01	5.01E-02	6.00E-02	4.99E-02
36	2.26E-01	5.77E-02	5.69E-02	2.72E-02
37	2.17E-01	9.07E-02	5.73E-02	3.59E-02
38	2.17E-01	9.08E-02	5.07E-02	2.12E-02
39	2.17E-01	6.66E-02	5.21E-02	2.16E-02
40	2.17E-01	6.36E-02	4.93E-02	4.08E-02
41	2.10E-01	5.43E-02	6.91E-02	2.45E-02
42	2.11E-01	8.64E-02	7.26E-02	2.33E-02
43	2.12E-01	9.75E-02	6.10E-02	2.23E-02
44	2.11E-01	9.56E-02	7.82E-02	4.47E-02
45	2.22E-01	1.02E-01	6.94E-02	3.03E-02
46	2.22E-01	9.27E-02	9.02E-02	3.87E-02
47	2.74E-01	8.74E-02	7.96E-02	3.37E-02
48	2.37E-01	9.80E-02	8.35E-02	4.79E-02
49	2.40E-01	5.30E-02	7.87E-02	4.49E-02
50	2.29E-01	7.70E-02	8.00E-02	3.65E-02
51	2.23E-01	7.88E-02	9.74E-02	2.10E-02
52	2.23E-01	7.92E-02	8.29E-02	2.05E-02
53	2.23E-01	1.13E-01	8.14E-02	2.11E-02
54	2.17E-01	8.86E-02	6.91E-02	1.89E-02
55	2.16E-01	1.22E-01	8.70E-02	2.64E-02
56	2.15E-01	1.12E-01	7.82E-02	2.41E-02
57	2.17E-01	1.37E-01	7.27E-02	2.07E-02
58	2.23E-01	5.88E-02	8.21E-02	2.65E-02
59	2.23E-01	5.71E-02	9.28E-02	2.08E-02
60	2.29E-01	5.35E-02	8.41E-02	2.80E-02
61	2.23E-01	6.52E-02	8.18E-02	2.09E-02
62	2.23E-01	1.43E-01	9.33E-02	3.49E-02
63	2.21E-01	3.78E-02	1.03E-01	3.18E-02
64	2.28E-01	6.36E-02	9.18E-02	1.70E-02
65	2.22E-01	7.46E-02	1.03E-01	3.10E-02
66	2.22E-01	8.35E-02	8.94E-02	1.65E-02
67	2.22E-01	9.04E-02	8.47E-02	2.20E-02
68	2.94E-01	4.87E-02	9.71E-02	2.21E-02
69	2.43E-01	5.64E-02	9.19E-02	2.50E-02
70	2.44E-01	5.80E-02	1.05E-01	2.22E-02
71	2.35E-01	6.37E-02	1.02E-01	2.10E-02
72	3.04E-01	8.30E-02	8.72E-02	1.77E-02
73	2.58E-01	8.73E-02	1.07E-01	2.03E-02
74	2.33E-01	1.04E-01	1.07E-01	2.49E-02
75	2.31E-01	1.11E-01	1.14E-01	2.96E-02
76	2.27E-01	1.28E-01	1.00E-01	3.92E-02
77	2.31E-01	1.37E-01	9.96E-02	2.24E-02
78	2.19E-01	1.39E-01	1.04E-01	2.65E-02
79	2.18E-01	1.36E-01	1.02E-01	3.76E-02
80	2.26E-01	1.19E-01	1.19E-01	4.33E-02
81	2.12E-01	1.61E-01	9.34E-02	3.42E-02
82	2.12E-01	1.65E-01	8.12E-02	4.18E-02
83	2.13E-01	1.72E-01	8.33E-02	2.92E-02
84	2.14E-01	7.46E-02	8.35E-02	4.41E-02
85	2.30E-01	7.91E-02	8.30E-02	3.10E-02
86	2.30E-01	4.89E-02	7.22E-02	3.65E-02
87	2.30E-01	4.78E-02	8.15E-02	3.64E-02
88	2.29E-01	4.85E-02	7.70E-02	2.90E-02
89	2.30E-01	6.35E-02	7.91E-02	2.10E-02
90	2.26E-01	1.02E-01	7.74E-02	2.29E-02
91	2.49E-01	8.18E-02	8.05E-02	2.45E-02
92	2.24E-01	7.44E-02	7.45E-02	3.08E-02
93	2.33E-01	7.16E-02	7.75E-02	3.52E-02
94	2.35E-01	8.98E-02	7.60E-02	2.28E-02
95	2.24E-01	6.69E-02	9.32E-02	2.46E-02
96	2.17E-01	7.84E-02	9.37E-02	2.98E-02
97	2.17E-01	1.16E-01	9.27E-02	3.02E-02
98	2.17E-01	2.34E-02	8.24E-02	2.35E-02
99	2.21E-01	2.34E-02	8.05E-02	2.30E-02
100	2.22E-01	2.34E-02	8.89E-02	3.11E-02
101	2.22E-01	2.34E-02	8.98E-02	4.33E-02
102	2.18E-01	6.81E-02	1.08E-01	3.61E-02
103	2.13E-01	8.74E-02	1.00E-01	2.08E-02
104	2.12E-01	9.54E-02	7.19E-02	2.42E-02
105	2.19E-01	1.14E-01	7.29E-02	2.42E-02
106	2.23E-01	1.20E-01	6.35E-02	1.86E-02
107	2.29E-01	1.30E-01	7.40E-02	1.95E-02
108	2.29E-01	1.21E-01	5.89E-02	2.14E-02
109	2.26E-01	1.15E-01	7.89E-02	2.18E-02
110	2.14E-01	9.36E-02	6.81E-02	2.06E-02
111	2.18E-01	7.98E-02	9.37E-02	2.59E-02
112	2.17E-01	7.89E-02	8.87E-02	1.80E-02
113	2.15E-01	9.01E-02	1.15E-01	2.58E-02
114	2.13E-01	5.82E-02	1.14E-01	2.64E-02
115	2.14E-01	6.72E-02	1.25E-01	2.96E-02
116	2.04E-01	5.88E-02	1.31E-01	5.10E-02
117	1.99E-01	5.95E-02	1.49E-01	4.48E-02
118	1.95E-01	8.02E-02	1.42E-01	4.21E-02
119	1.96E-01	1.08E-01	1.12E-01	3.68E-02
120	1.94E-01	1.36E-01	1.26E-01	1.96E-02
121	2.05E-01	1.44E-01	1.31E-01	2.08E-02
122	2.05E-01	9.71E-02	1.31E-01	1.99E-02
123	2.06E-01	1.07E-01	1.27E-01	2.63E-02
124	2.09E-01	1.03E-01	1.22E-01	2.49E-02
125	2.17E-01	1.12E-01	9.65E-02	2.92E-02
126	2.19E-01	1.21E-01	1.18E-01	2.13E-02
127	2.20E-01	1.21E-01	1.01E-01	2.23E-02
128	2.22E-01	1.20E-01	1.04E-01	3.11E-02
129	2.17E-01	1.25E-01	1.16E-01	3.14E-02
130	2.16E-01	1.22E-01	1.13E-01	3.28E-02
131	2.27E-01	1.10E-01	1.19E-01	2.99E-02
132	2.29E-01	1.26E-01	1.17E-01	3.59E-02
133	2.30E-01	1.37E-01	1.03E-01	4.85E-02
134	2.31E-01	1.38E-01	1.16E-01	5.82E-02
135	2.32E-01	1.22E-01	9.89E-02	3.37E-02
136	2.32E-01	1.26E-01	9.82E-02	3.33E-02
137	2.31E-01	7.84E-02	1.08E-01	3.91E-02
138	2.31E-01	7.62E-02	9.52E-02	4.90E-02
139	2.31E-01	8.96E-02	9.56E-02	5.00E-02
140	2.31E-01	3.72E-02	1.06E-01	4.23E-02
141	2.31E-01	1.79E-02	1.03E-01	5.23E-02
142	2.32E-01	1.84E-02	1.13E-01	4.46E-02
143	2.22E-01	3.02E-02	1.02E-01	2.69E-02
144	2.22E-01	3.02E-02	1.03E-01	2.81E-02
145	2.22E-01	2.23E-02	1.03E-01	3.12E-02
146	2.22E-01	2.23E-02	1.18E-01	4.97E-02
147	2.22E-01	2.23E-02	1.21E-01	5.66E-02
148	2.32E-01	5.88E-02	1.35E-01	6.64E-02
149	2.78E-01	3.41E-02	1.31E-01	6.97E-02
150	2.41E-01	1.41E-01	1.36E-01	3.62E-02
151	2.38E-01	1.31E-01	1.34E-01	2.64E-02
152	2.31E-01	1.62E-01	1.38E-01	2.60E-02
153	2.31E-01	5.24E-02	1.09E-01	3.53E-02
154	2.23E-01	1.67E-01	1.03E-01	3.38E-02
155	2.17E-01	5.49E-02	1.09E-01	4.51E-02
156	2.17E-01	1.66E-01	1.02E-01	2.90E-02
157	2.29E-01	4.80E-02	1.13E-01	2.82E-02
158	2.33E-01	1.41E-02	9.95E-02	4.80E-02
159	2.32E-01	5.99E-02	8.73E-02	5.41E-02
160	2.31E-01	1.80E-01	1.09E-01	5.71E-02
161	2.23E-01	1.93E-01	1.34E-01	5.23E-02
162	2.23E-01	6.12E-03	1.01E-01	2.39E-02
163	2.23E-01	9.91E-03	1.25E-01	2.27E-02
164	2.30E-01	9.91E-03	9.46E-02	2.18E-02
165	2.28E-01	9.91E-03	1.33E-01	2.23E-02
166	2.87E-01	8.85E-02	1.33E-01	2.15E-02
167	2.31E-01	6.66E-02	1.43E-01	2.14E-02
168	2.32E-01	5.92E-02	1.58E-01	3.07E-02
169	2.24E-01	5.88E-02	1.57E-01	3.65E-02
170	2.29E-01	1.77E-01	1.33E-01	3.59E-02
171	2.31E-01	1.75E-01	1.55E-01	5.10E-02
172	2.30E-01	1.22E-01	1.55E-01	3.20E-02
173	2.29E-01	8.82E-02	1.56E-01	1.93E-02
174	2.29E-01	1.17E-02	1.49E-01	2.07E-02
175	2.29E-01	1.17E-02	1.43E-01	2.34E-02
176	2.33E-01	1.17E-02	1.44E-01	2.24E-02
177	2.36E-01	8.54E-02	1.51E-01	2.59E-02
178	2.35E-01	8.54E-02	1.42E-01	2.91E-02
179	2.01E-01	1.65E-01	1.49E-01	1.92E-02
180	2.01E-01	1.01E-01	1.48E-01	2.19E-02
181	2.07E-01	5.46E-02	1.38E-01	1.91E-02
182	2.10E-01	3.59E-02	1.43E-01	2.75E-02
183	2.09E-01	1.35E-01	1.24E-01	2.60E-02
184	2.15E-01	1.62E-01	1.27E-01	2.32E-02
185	2.25E-01	1.35E-01	1.34E-01	1.96E-02
186	2.25E-01	1.90E-01	1.29E-01	2.44E-02
187	2.27E-01	4.99E-02	1.37E-01	2.80E-02
188	2.27E-01	9.59E-02	1.40E-01	2.48E-02
189	2.28E-01	9.71E-02	1.33E-01	4.62E-02
190	2.20E-01	7.69E-02	1.46E-01	3.51E-02
191	2.18E-01	5.67E-02	1.50E-01	2.26E-02
192	2.30E-01	1.75E-01	1.02E-01	3.55E-02
193	2.36E-01	1.85E-01	1.43E-01	3.86E-02
194	2.37E-01	4.53E-02	1.45E-01	3.79E-02
195	2.30E-01	9.27E-02	1.44E-01	4.62E-02
196	2.28E-01	2.17E-01	1.45E-01	4.13E-02
197	2.28E-01	2.14E-01	1.46E-01	2.45E-02
198	2.28E-01	8.70E-02	1.45E-01	2.77E-02
199	2.30E-01	1.80E-01	1.06E-01	2.64E-02
200	2.30E-01	1.86E-01	1.02E-01	2.98E-02
201	2.21E-01	1.70E-01	1.02E-01	4.11E-02
202	2.29E-01	1.37E-01	9.61E-02	3.84E-02
203	2.29E-01	1.30E-01	1.05E-01	3.21E-02
204	2.28E-01	1.66E-01	9.73E-02	2.95E-02
205	2.28E-01	1.67E-01	1.09E-01	3.09E-02
206	2.27E-01	1.76E-01	1.19E-01	3.64E-02
207	2.27E-01	1.57E-01	1.16E-01	3.12E-02
208	2.21E-01	1.53E-01	1.06E-01	3.14E-02
209	2.21E-01	1.67E-01	9.33E-02	3.76E-02
210	2.22E-01	1.76E-01	8.20E-02	2.62E-02
211	2.29E-01	1.65E-01	8.21E-02	2.94E-02
212	2.14E-01	1.73E-01	1.02E-01	2.89E-02
213	2.14E-01	6.40E-02	9.84E-02	2.85E-02
214	2.28E-01	1.59E-01	1.24E-01	2.83E-02
215	2.21E-01	1.40E-01	1.14E-01	2.77E-02
216	2.21E-01	1.89E-02	1.11E-01	2.97E-02
217	2.32E-01	8.77E-02	1.07E-01	2.41E-02
218	2.33E-01	1.97E-01	7.35E-02	2.59E-02
219	2.15E-01	3.14E-02	7.62E-02	2.99E-02
220	2.22E-01	5.13E-02	7.22E-02	3.75E-02
221	2.32E-01	2.19E-01	9.66E-02	2.84E-02
222	2.29E-01	1.97E-01	1.14E-01	3.22E-02
223	2.33E-01	7.91E-02	1.20E-01	3.44E-02
224	2.22E-01	9.15E-02	1.27E-01	3.24E-02
225	2.29E-01	1.96E-01	1.25E-01	4.15E-02
226	2.28E-01	1.09E-01	1.19E-01	4.03E-02
227	2.29E-01	1.62E-01	1.33E-01	4.13E-02
228	2.22E-01	5.38E-02	1.23E-01	3.62E-02
229	2.21E-01	5.84E-02	1.18E-01	4.44E-02
230	2.21E-01	7.48E-02	1.07E-01	2.90E-02
231	2.20E-01	1.56E-01	1.19E-01	2.49E-02
232	2.20E-01	1.00E-01	1.17E-01	2.41E-02
233	2.26E-01	9.45E-02	1.13E-01	2.78E-02
234	2.26E-01	1.12E-01	1.22E-01	2.61E-02
235	2.29E-01	1.79E-01	1.34E-01	3.00E-02
236	2.29E-01	1.73E-01	1.19E-01	3.31E-02
237	2.22E-01	1.84E-01	1.17E-01	2.99E-02
238	3.18E-01	1.82E-01	1.19E-01	2.55E-02
239	2.63E-01	1.89E-01	1.16E-01	2.43E-02
240	2.65E-01	1.64E-01	1.15E-01	3.36E-02
241	2.65E-01	7.61E-02	1.16E-01	3.38E-02
242	2.68E-01	1.90E-01	1.15E-01	2.48E-02
243	2.48E-01	1.88E-01	1.22E-01	2.82E-02
244	2.50E-01	1.26E-01	1.23E-01	2.57E-02
245	3.01E-01	1.21E-01	1.23E-01	2.74E-02
246	2.47E-01	1.86E-01	1.29E-01	3.34E-02
247	2.46E-01	1.28E-01	1.04E-01	2.66E-02
248	2.36E-01	7.82E-02	1.01E-01	4.34E-02
249	2.91E-01	1.90E-01	1.03E-01	3.88E-02
250	3.12E-01	1.85E-01	9.20E-02	4.76E-02
251	2.44E-01	1.95E-01	1.19E-01	5.88E-02
252	2.45E-01	1.04E-01	1.24E-01	6.20E-02
253	2.53E-01	1.08E-01	1.26E-01	7.01E-02
254	2.53E-01	9.08E-02	1.27E-01	8.75E-02
255	2.18E-01	9.02E-02	1.30E-01	4.62E-02
256	2.18E-01	6.87E-02	1.33E-01	7.78E-02
257	2.25E-01	9.27E-02	1.35E-01	7.99E-02
258	2.33E-01	1.18E-01	1.40E-01	7.66E-02
259	2.36E-01	1.22E-01	1.31E-01	7.84E-02
260	2.37E-01	2.21E-01	1.27E-01	3.36E-02
261	2.38E-01	1.68E-01	1.31E-01	4.09E-02
262	2.37E-01	1.25E-01	1.30E-01	3.35E-02
263	2.09E-01	5.64E-02	1.29E-01	5.49E-02
264	2.15E-01	5.37E-02	1.36E-01	3.89E-02
265	2.24E-01	4.58E-02	1.44E-01	3.98E-02
266	2.24E-01	5.40E-02	1.42E-01	5.04E-02
267	2.13E-01	5.00E-02	1.43E-01	4.01E-02
268	2.20E-01	5.15E-02	1.30E-01	3.98E-02
269	2.21E-01	4.85E-02	1.33E-01	3.98E-02
270	2.32E-01	4.99E-02	1.16E-01	3.80E-02
271	2.29E-01	1.92E-01	1.18E-01	4.55E-02
272	2.28E-01	5.40E-02	1.15E-01	2.86E-02
273	2.28E-01	5.09E-02	1.24E-01	3.42E-02
274	2.28E-01	4.60E-02	1.17E-01	2.80E-02
275	2.93E-01	4.88E-02	1.20E-01	2.76E-02
276	2.87E-01	5.44E-02	1.31E-01	3.45E-02
277	2.47E-01	6.44E-02	1.22E-01	3.52E-02
278	2.48E-01	7.79E-02	1.28E-01	2.36E-02
279	2.41E-01	6.05E-02	1.19E-01	5.55E-02
280	2.28E-01	4.52E-02	1.23E-01	3.33E-02
281	2.21E-01	3.85E-02	1.31E-01	2.13E-02
282	2.07E-01	9.23E-02	1.06E-01	1.71E-02
283	2.01E-01	9.45E-02	1.02E-01	1.47E-02
284	1.96E-01	9.37E-02	1.20E-01	2.04E-02
285	2.07E-01	7.98E-02	1.15E-01	2.57E-02
286	2.07E-01	1.51E-01	1.14E-01	2.13E-02
287	1.95E-01	9.37E-02	7.18E-02	2.91E-02
288	2.07E-01	1.60E-01	7.28E-02	2.46E-02
289	1.94E-01	6.83E-02	7.87E-02	2.36E-02
290	2.00E-01	7.03E-02	8.50E-02	3.95E-02
291	2.00E-01	4.82E-02	9.85E-02	3.26E-02
292	2.01E-01	7.56E-02	7.60E-02	3.52E-02
293	2.15E-01	9.35E-02	9.74E-02	4.10E-02
294	2.12E-01	4.87E-02	1.09E-01	2.12E-02
295	2.00E-01	7.86E-02	9.57E-02	3.50E-02
296	2.02E-01	1.23E-01	1.15E-01	2.39E-02
297	2.02E-01	7.29E-02	1.20E-01	2.26E-02
298	2.13E-01	1.77E-01	1.07E-01	2.12E-02
299	2.00E-01	5.21E-02	1.01E-01	2.32E-02
300	2.00E-01	1.67E-01	1.13E-01	2.21E-02
301	2.07E-01	1.70E-01	9.72E-02	2.15E-02
302	2.21E-01	8.44E-02	1.19E-01	1.77E-02
303	2.21E-01	1.74E-01	1.17E-01	1.85E-02
304	2.20E-01	1.59E-01	9.87E-02	2.16E-02
305	2.20E-01	1.31E-01	1.01E-01	2.08E-02
306	2.21E-01	5.49E-02	1.10E-01	1.72E-02
307	2.06E-01	4.95E-02	1.14E-01	3.30E-02
308	2.06E-01	5.65E-02	9.62E-02	2.90E-02
309	2.06E-01	1.37E-01	9.90E-02	3.07E-02
310	3.02E-01	1.22E-01	1.01E-01	1.75E-02
311	3.16E-01	6.19E-02	1.01E-01	2.37E-02
312	2.74E-01	4.74E-02	9.91E-02	3.20E-02
313	2.67E-01	5.80E-02	1.12E-01	3.82E-02
314	2.68E-01	5.58E-02	1.09E-01	4.29E-02
315	2.69E-01	1.64E-01	9.83E-02	4.83E-02
316	2.69E-01	1.64E-01	1.04E-01	4.43E-02
317	2.59E-01	1.44E-01	1.09E-01	5.94E-02
318	2.63E-01	1.49E-01	1.12E-01	5.51E-02
319	2.67E-01	4.41E-02	1.12E-01	5.47E-02
320	2.67E-01	6.03E-02	1.21E-01	4.66E-02
321	2.75E-01	4.10E-02	1.04E-01	2.78E-02
322	2.63E-01	1.15E-01	9.66E-02	6.14E-02
323	2.51E-01	9.04E-02	9.42E-02	2.04E-02
324	2.52E-01	1.51E-01	9.78E-02	3.69E-02
325	3.12E-01	6.78E-02	8.28E-02	2.55E-02
326	2.72E-01	1.73E-01	7.59E-02	3.06E-02
327	2.64E-01	2.15E-01	8.26E-02	3.30E-02
328	2.56E-01	2.19E-01	8.23E-02	3.44E-02
329	2.55E-01	7.27E-02	9.70E-02	3.06E-02
330	2.52E-01	2.22E-01	1.03E-01	2.62E-02
331	2.52E-01	8.00E-02	1.01E-01	3.17E-02
332	2.52E-01	2.31E-01	1.01E-01	3.01E-02
333	2.51E-01	2.10E-01	1.14E-01	3.78E-02
334	2.51E-01	2.14E-01	1.18E-01	4.76E-02
335	2.51E-01	2.23E-01	8.53E-02	5.10E-02
336	3.00E-01	9.13E-02	1.01E-01	5.53E-02
337	2.72E-01	1.89E-01	1.11E-01	6.12E-02
338	2.70E-01	1.10E-01	1.22E-01	5.22E-02
339	2.64E-01	8.99E-02	1.17E-01	4.46E-02
340	2.67E-01	8.40E-02	1.16E-01	5.12E-02
341	2.70E-01	5.94E-02	1.22E-01	4.99E-02
342	2.70E-01	6.43E-02	1.08E-01	4.08E-02
343	2.68E-01	6.19E-02	1.34E-01	5.25E-02
344	2.72E-01	5.24E-02	1.14E-01	5.14E-02
345	2.66E-01	6.00E-02	1.21E-01	4.32E-02
346	2.54E-01	5.58E-02	1.20E-01	3.98E-02
347	2.54E-01	3.10E-02	1.21E-01	3.68E-02
348	2.44E-01	2.13E-01	1.10E-01	3.54E-02
349	2.40E-01	1.99E-01	1.13E-01	3.76E-02
350	2.43E-01	3.41E-02	1.19E-01	4.04E-02
351	2.52E-01	3.39E-02	1.17E-01	4.62E-02
352	2.53E-01	3.39E-02	1.11E-01	5.00E-02
353	2.43E-01	1.79E-02	1.15E-01	4.62E-02
354	2.39E-01	3.33E-02	1.18E-01	4.24E-02
355	2.39E-01	2.62E-02	1.12E-01	5.15E-02
356	2.53E-01	3.39E-02	1.08E-01	4.30E-02
357	2.53E-01	1.88E-01	1.15E-01	4.57E-02
358	2.45E-01	6.69E-02	1.22E-01	4.57E-02
359	2.46E-01	1.92E-01	9.42E-02	4.79E-02
360	2.45E-01	1.96E-01	9.48E-02	4.84E-02
361	2.38E-01	1.89E-01	9.88E-02	5.04E-02
362	2.38E-01	2.04E-01	1.03E-01	5.18E-02
363	2.38E-01	2.01E-01	1.01E-01	5.16E-02
364	2.22E-01	2.01E-01	9.54E-02	4.14E-02
365	2.32E-01	2.02E-01	1.00E-01	6.38E-02
366	2.32E-01	1.97E-01	1.02E-01	6.33E-02
367	2.32E-01	1.74E-01	1.05E-01	4.97E-02
368	2.33E-01	1.69E-01	1.06E-01	4.85E-02
369	2.22E-01	1.63E-01	9.04E-02	5.23E-02
370	2.32E-01	1.93E-01	9.33E-02	4.01E-02
371	2.32E-01	1.88E-01	1.04E-01	5.20E-02
372	2.15E-01	1.87E-01	1.05E-01	2.74E-02
373	2.32E-01	1.95E-01	9.21E-02	2.23E-02
374	2.32E-01	2.00E-01	9.43E-02	2.41E-02
375	2.32E-01	2.05E-01	1.00E-01	2.88E-02
376	2.15E-01	2.14E-01	1.07E-01	2.31E-02
377	2.21E-01	2.00E-01	1.03E-01	4.40E-02
378	2.21E-01	7.47E-02	1.04E-01	4.64E-02
379	2.21E-01	1.29E-01	9.92E-02	5.94E-02
380	2.21E-01	1.21E-01	9.37E-02	5.12E-02
381	3.12E-01	8.03E-02	8.32E-02	3.48E-02
382	2.24E-01	1.58E-01	8.68E-02	3.92E-02
383	2.37E-01	1.57E-01	8.35E-02	3.25E-02
384	2.21E-01	1.91E-01	9.45E-02	2.53E-02
385	2.21E-01	1.95E-01	1.03E-01	3.57E-02
386	2.21E-01	1.77E-01	8.85E-02	3.49E-02
387	2.33E-01	1.87E-01	1.01E-01	2.65E-02
388	2.31E-01	9.56E-02	8.35E-02	2.02E-02
389	2.31E-01	1.38E-01	8.92E-02	1.45E-02
390	2.85E-01	1.28E-01	8.85E-02	2.59E-02
391	2.31E-01	1.51E-01	1.02E-01	2.36E-02
392	2.30E-01	1.69E-01	8.79E-02	2.14E-02
393	2.31E-01	1.47E-01	8.94E-02	1.94E-02
394	2.25E-01	6.78E-02	8.08E-02	2.03E-02
395	2.40E-01	1.67E-01	8.66E-02	2.74E-02
396	2.32E-01	1.40E-01	8.51E-02	1.63E-02
397	2.38E-01	9.03E-02	8.87E-02	1.77E-02
398	2.36E-01	6.94E-02	9.94E-02	1.82E-02
399	2.27E-01	6.86E-02	9.58E-02	1.60E-02
400	2.28E-01	7.87E-02	1.01E-01	1.54E-02
401	2.28E-01	5.99E-02	9.47E-02	1.35E-02
402	2.28E-01	1.68E-01	8.26E-02	1.52E-02
403	2.28E-01	5.90E-02	9.27E-02	2.56E-02
404	2.28E-01	4.03E-02	8.13E-02	1.73E-02
405	2.28E-01	8.99E-02	9.99E-02	2.13E-02
406	2.29E-01	8.74E-02	8.91E-02	2.54E-02
407	2.14E-01	9.01E-02	9.77E-02	2.56E-02
408	2.10E-01	4.28E-02	8.42E-02	2.61E-02
409	2.25E-01	7.93E-02	1.03E-01	3.35E-02
410	2.26E-01	9.19E-02	1.00E-01	4.45E-02
411	2.25E-01	8.54E-02	1.08E-01	4.54E-02
412	2.16E-01	7.52E-02	1.08E-01	4.17E-02
413	2.53E-01	6.67E-02	1.02E-01	4.63E-02
414	2.18E-01	1.36E-01	9.99E-02	4.22E-02
415	2.15E-01	1.32E-01	9.77E-02	4.39E-02
416	2.22E-01	9.82E-02	1.09E-01	4.68E-02
417	2.21E-01	7.43E-02	1.05E-01	4.77E-02
418	2.20E-01	9.53E-02	9.94E-02	2.58E-02
419	2.17E-01	5.79E-02	9.28E-02	3.16E-02
420	2.24E-01	7.82E-02	9.89E-02	3.46E-02
421	2.32E-01	7.00E-02	1.07E-01	4.73E-02
422	2.21E-01	6.57E-02	7.96E-02	4.46E-02
423	2.21E-01	1.26E-01	1.01E-01	4.80E-02
424	2.17E-01	8.56E-02	9.83E-02	5.10E-02
425	2.23E-01	8.05E-02	1.02E-01	4.73E-02
426	2.23E-01	1.09E-01	8.05E-02	6.09E-02
427	2.23E-01	1.02E-01	1.04E-01	4.85E-02
428	2.24E-01	1.13E-01	9.21E-02	5.19E-02
429	2.24E-01	9.67E-02	6.05E-02	3.46E-02
430	2.24E-01	1.04E-01	4.77E-02	3.49E-02
431	2.24E-01	8.27E-02	5.79E-02	4.21E-02
432	2.18E-01	1.09E-01	5.12E-02	4.09E-02
433	2.24E-01	1.09E-01	5.29E-02	4.37E-02
434	2.23E-01	1.14E-01	9.19E-02	3.84E-02
435	2.30E-01	1.21E-01	9.77E-02	4.85E-02
436	2.24E-01	1.08E-01	6.98E-02	4.41E-02
437	2.22E-01	7.08E-02	4.95E-02	4.38E-02
438	2.22E-01	1.08E-01	5.35E-02	4.93E-02
439	2.29E-01	1.13E-01	7.16E-02	3.94E-02
440	2.29E-01	1.12E-01	8.82E-02	4.52E-02
441	2.20E-01	1.30E-01	1.03E-01	4.10E-02
442	3.06E-01	1.34E-01	1.02E-01	3.97E-02
443	2.80E-01	1.75E-01	7.69E-02	4.50E-02
444	2.67E-01	1.88E-01	8.32E-02	4.11E-02
445	2.67E-01	1.76E-01	8.17E-02	3.37E-02
446	2.52E-01	1.81E-01	7.41E-02	1.44E-02
447	2.48E-01	1.81E-01	8.52E-02	2.77E-02
448	2.52E-01	1.82E-01	1.01E-01	2.93E-02
449	2.51E-01	1.83E-01	9.33E-02	5.15E-02
450	2.60E-01	1.60E-01	9.76E-02	5.25E-02
451	2.52E-01	1.83E-01	8.38E-02	6.77E-02
452	2.52E-01	1.19E-01	9.15E-02	5.04E-02
453	2.40E-01	1.19E-01	9.58E-02	5.55E-02
454	2.30E-01	1.66E-01	9.57E-02	1.27E-02
455	2.51E-01	1.19E-01	8.45E-02	1.30E-02
456	2.45E-01	1.91E-01	9.04E-02	2.30E-02
457	2.46E-01	2.01E-01	9.27E-02	2.34E-02
458	2.49E-01	2.02E-01	8.55E-02	4.04E-02
459	2.45E-01	1.92E-01	8.69E-02	4.67E-02
460	2.46E-01	2.06E-01	9.29E-02	4.07E-02
461	2.40E-01	2.15E-01	8.68E-02	3.64E-02
462	2.73E-01	2.07E-01	9.15E-02	3.94E-02
463	2.75E-01	2.11E-01	9.24E-02	3.66E-02
464	2.32E-01	2.11E-01	1.01E-01	1.60E-02
465	2.14E-01	2.23E-01	9.36E-02	9.81E-03
466	2.16E-01	2.22E-01	1.01E-01	2.58E-02
467	2.32E-01	2.15E-01	9.75E-02	2.31E-02
468	2.94E-01	2.14E-01	8.80E-02	2.77E-02
469	2.41E-01	2.05E-01	1.04E-01	2.83E-02
470	2.43E-01	1.87E-01	9.77E-02	3.00E-02
471	2.42E-01	1.84E-01	8.90E-02	2.93E-02
472	2.40E-01	2.00E-01	7.84E-02	3.11E-02
473	2.34E-01	2.20E-01	9.54E-02	1.89E-02
474	2.35E-01	2.15E-01	7.78E-02	1.46E-02
475	2.34E-01	1.95E-01	8.13E-02	5.02E-02
476	2.41E-01	1.95E-01	9.19E-02	4.83E-02
477	2.35E-01	2.19E-01	6.86E-02	5.14E-02
478	2.37E-01	1.61E-01	7.76E-02	6.02E-02
479	2.42E-01	1.85E-01	8.85E-02	6.21E-02
480	2.45E-01	9.13E-02	8.03E-02	6.38E-02
481	2.44E-01	9.13E-02	8.72E-02	5.96E-02
482	2.44E-01	9.13E-02	8.78E-02	5.53E-02
483	2.49E-01	1.66E-01	8.65E-02	6.24E-02
484	2.35E-01	1.70E-01	8.00E-02	6.51E-02
485	2.29E-01	2.00E-01	8.38E-02	6.53E-02
486	2.16E-01	1.99E-01	7.78E-02	5.21E-02
487	2.27E-01	1.70E-01	7.83E-02	3.32E-02
488	2.23E-01	1.61E-01	8.39E-02	3.33E-02
489	2.18E-01	2.09E-01	9.15E-02	3.81E-02
490	2.16E-01	1.88E-01	8.02E-02	2.73E-02
491	2.16E-01	1.79E-01	7.92E-02	2.63E-02
492	2.78E-01	1.95E-01	7.69E-02	1.85E-02
493	2.89E-01	1.15E-01	7.95E-02	3.09E-02
494	2.37E-01	1.64E-01	7.20E-02	4.67E-02
495	2.39E-01	1.02E-01	7.79E-02	2.71E-02
496	2.28E-01	9.53E-02	7.57E-02	4.64E-02
497	3.16E-01	1.42E-01	8.09E-02	4.22E-02
498	2.71E-01	1.04E-01	6.16E-02	3.80E-02
499	2.58E-01	7.28E-02	4.58E-02	3.28E-02
500	2.43E-01	7.63E-02	6.68E-02	3.44E-02
501	2.43E-01	1.76E-01	4.99E-02	3.39E-02
502	2.56E-01	1.71E-01	7.48E-02	2.46E-02
503	2.45E-01	1.90E-01	5.20E-02	2.63E-02
504	2.28E-01	1.85E-01	6.36E-02	2.26E-02
505	2.87E-01	9.67E-02	5.62E-02	3.18E-02
506	2.94E-01	9.69E-02	5.03E-02	2.70E-02
507	2.07E-01	8.46E-02	4.90E-02	6.26E-02
508	2.34E-01	9.03E-02	5.43E-02	6.62E-02
509	2.18E-01	9.07E-02	4.16E-02	7.34E-02
510	2.17E-01	9.15E-02	6.60E-02	5.59E-02
511	2.22E-01	7.39E-02	6.41E-02	6.89E-02
512	2.27E-01	5.34E-02	6.65E-02	6.65E-02
513	2.11E-01	1.95E-01	7.14E-02	7.22E-02
514	2.26E-01	1.20E-01	7.10E-02	6.46E-02
515	2.29E-01	8.75E-02	5.84E-02	6.16E-02
516	2.35E-01	1.75E-01	7.55E-02	4.69E-02
517	2.36E-01	1.91E-01	7.12E-02	3.91E-02
518	2.22E-01	1.67E-01	6.84E-02	6.01E-02
519	2.20E-01	1.82E-01	9.28E-02	6.96E-02
520	2.22E-01	1.87E-01	4.01E-02	6.85E-02
521	2.22E-01	1.44E-01	4.62E-02	7.14E-02
522	2.29E-01	2.99E-02	8.65E-02	6.86E-02
523	2.13E-01	6.16E-02	9.00E-02	6.74E-02
524	3.08E-01	8.99E-02	9.21E-02	6.41E-02
525	2.52E-01	4.60E-02	8.76E-02	8.33E-02
526	2.51E-01	5.55E-02	8.47E-02	7.68E-02
527	2.40E-01	5.61E-02	8.49E-02	6.49E-02
528	2.49E-01	5.56E-02	8.94E-02	4.97E-02
529	2.39E-01	4.55E-02	1.01E-01	2.47E-02
530	2.48E-01	6.28E-02	8.71E-02	5.51E-02
531	2.49E-01	5.51E-02	8.63E-02	5.16E-02
532	2.49E-01	5.34E-02	8.68E-02	5.48E-02
533	2.40E-01	5.63E-02	8.14E-02	5.59E-02
534	2.32E-01	5.02E-02	8.16E-02	6.20E-02
535	2.47E-01	5.95E-02	9.03E-02	6.02E-02
536	2.16E-01	6.07E-02	9.30E-02	6.01E-02
537	2.25E-01	5.45E-02	8.33E-02	4.39E-02
538	2.14E-01	6.83E-02	8.33E-02	4.34E-02
539	2.07E-01	8.27E-02	9.34E-02	6.61E-02
540	2.14E-01	7.51E-02	9.33E-02	6.69E-02
541	2.07E-01	7.87E-02	8.29E-02	5.47E-02
542	2.09E-01	8.79E-02	8.71E-02	5.45E-02
543	2.08E-01	8.74E-02	8.82E-02	6.54E-02
544	2.09E-01	7.91E-02	8.89E-02	5.15E-02
545	2.10E-01	1.31E-01	9.01E-02	5.28E-02
546	2.09E-01	1.33E-01	8.73E-02	5.81E-02
547	2.09E-01	8.67E-02	9.18E-02	5.82E-02
548	2.09E-01	9.55E-02	8.79E-02	4.07E-02
549	2.09E-01	5.12E-02	8.26E-02	4.40E-02
550	2.09E-01	1.63E-01	7.31E-02	4.58E-02
551	2.21E-01	5.07E-02	7.18E-02	5.32E-02
552	2.21E-01	6.14E-02	7.17E-02	5.53E-02
553	2.21E-01	6.59E-02	7.45E-02	5.94E-02
554	2.21E-01	5.77E-02	7.76E-02	6.00E-02
555	2.19E-01	8.83E-02	8.87E-02	4.82E-02
556	2.21E-01	1.32E-01	9.60E-02	6.22E-02
557	2.21E-01	1.59E-01	7.91E-02	6.28E-02
558	2.22E-01	8.03E-02	8.38E-02	5.27E-02
559	2.22E-01	9.90E-02	9.28E-02	5.54E-02
560	2.21E-01	8.23E-02	8.41E-02	5.08E-02
561	2.26E-01	1.31E-01	9.05E-02	4.80E-02
562	2.20E-01	6.20E-02	8.69E-02	4.41E-02
563	2.21E-01	6.12E-02	8.30E-02	5.41E-02
564	2.21E-01	6.47E-02	8.22E-02	6.23E-02
565	2.21E-01	5.63E-02	8.75E-02	3.80E-02
566	2.21E-01	9.18E-02	9.31E-02	4.54E-02
567	2.15E-01	6.45E-02	8.40E-02	2.58E-02
568	2.15E-01	1.12E-01	8.89E-02	4.51E-02
569	2.15E-01	6.14E-02	8.55E-02	4.97E-02
570	2.15E-01	6.00E-02	8.62E-02	5.59E-02
571	2.30E-01	5.38E-02	8.59E-02	5.12E-02
572	2.30E-01	5.12E-02	9.54E-02	5.63E-02
573	2.21E-01	7.26E-02	9.74E-02	5.87E-02
574	2.21E-01	4.56E-02	8.15E-02	4.84E-02
575	2.21E-01	5.28E-02	8.55E-02	5.70E-02
576	2.21E-01	5.32E-02	8.01E-02	6.37E-02
577	2.21E-01	4.83E-02	7.84E-02	4.82E-02
578	2.21E-01	5.85E-02	8.53E-02	6.08E-02
579	2.21E-01	5.52E-02	8.09E-02	5.38E-02
580	2.21E-01	5.52E-02	8.26E-02	5.84E-02
581	2.32E-01	7.01E-02	8.47E-02	5.46E-02
582	2.32E-01	6.07E-02	9.01E-02	4.93E-02
583	2.32E-01	6.11E-02	8.39E-02	4.40E-02
584	3.02E-01	6.21E-02	7.20E-02	5.05E-02
585	2.61E-01	8.12E-02	9.35E-02	5.56E-02
586	2.53E-01	6.55E-02	8.26E-02	4.80E-02
587	2.53E-01	8.78E-02	8.09E-02	4.79E-02
588	2.38E-01	5.80E-02	7.86E-02	5.54E-02
589	2.44E-01	7.91E-02	8.04E-02	5.20E-02
590	2.54E-01	8.68E-02	8.44E-02	4.61E-02
591	2.53E-01	5.82E-02	7.72E-02	4.60E-02
592	2.53E-01	1.09E-01	8.13E-02	4.50E-02
593	2.39E-01	1.45E-01	8.59E-02	4.33E-02
594	2.39E-01	8.23E-02	7.81E-02	4.77E-02
595	2.39E-01	8.65E-02	8.61E-02	4.16E-02
596	2.44E-01	9.12E-02	6.43E-02	4.40E-02
597	2.45E-01	1.00E-01	7.51E-02	4.19E-02
598	2.40E-01	7.20E-02	6.99E-02	5.05E-02
599	2.41E-01	7.56E-02	6.96E-02	3.82E-02
600	2.41E-01	8.89E-02	7.66E-02	2.21E-02
601	2.45E-01	6.54E-02	8.04E-02	2.48E-02
602	2.39E-01	8.53E-02	7.60E-02	2.51E-02
603	2.39E-01	1.39E-01	7.84E-02	2.13E-02
604	2.27E-01	1.32E-01	7.70E-02	1.23E-02
605	2.25E-01	1.14E-01	8.03E-02	2.62E-02
606	2.34E-01	1.38E-01	8.42E-02	1.86E-02
607	2.30E-01	6.25E-02	8.07E-02	2.69E-02
608	2.32E-01	9.38E-02	8.10E-02	3.40E-02
609	2.14E-01	5.32E-02	8.33E-02	3.02E-02
610	2.21E-01	6.91E-02	8.34E-02	1.99E-02
611	2.32E-01	5.43E-02	8.36E-02	1.55E-02
612	2.32E-01	5.51E-02	8.05E-02	1.61E-02
613	2.32E-01	5.56E-02	7.94E-02	1.96E-02
614	2.32E-01	5.46E-02	7.53E-02	2.31E-02
615	2.32E-01	4.43E-02	6.39E-02	1.71E-02
616	2.29E-01	4.70E-02	6.16E-02	1.50E-02
617	2.29E-01	4.63E-02	4.83E-02	1.66E-02
618	2.29E-01	4.39E-02	6.27E-02	1.51E-02
619	2.30E-01	4.58E-02	6.56E-02	1.43E-02
620	2.30E-01	5.07E-02	6.23E-02	1.53E-02
621	2.37E-01	5.09E-02	6.38E-02	1.48E-02
622	2.36E-01	5.41E-02	6.31E-02	1.85E-02
623	2.37E-01	5.04E-02	6.21E-02	1.77E-02
624	2.20E-01	5.11E-02	6.78E-02	2.07E-02
625	2.32E-01	5.35E-02	5.43E-02	1.51E-02
626	2.31E-01	4.88E-02	6.45E-02	1.46E-02
627	2.20E-01	5.43E-02	7.41E-02	1.88E-02
628	2.29E-01	5.63E-02	8.29E-02	1.63E-02
629	2.29E-01	5.66E-02	8.26E-02	1.46E-02
630	2.22E-01	5.23E-02	7.93E-02	1.71E-02
631	2.29E-01	5.59E-02	6.67E-02	1.30E-02
632	2.22E-01	6.69E-02	7.17E-02	1.61E-02
633	2.21E-01	3.88E-02	7.42E-02	1.69E-02
634	2.22E-01	3.86E-02	6.19E-02	1.78E-02
635	2.22E-01	3.92E-02	7.15E-02	1.99E-02
636	2.27E-01	8.29E-02	7.52E-02	2.31E-02
637	2.29E-01	5.27E-02	7.46E-02	2.46E-02
638	2.28E-01	5.22E-02	6.04E-02	2.55E-02
639	2.21E-01	4.47E-02	5.56E-02	2.33E-02
640	2.14E-01	4.76E-02	5.33E-02	2.43E-02
641	2.20E-01	5.02E-02	5.62E-02	2.03E-02
642	2.32E-01	4.41E-02	5.37E-02	2.59E-02
643	2.32E-01	1.85E-02	5.34E-02	1.57E-02
644	2.32E-01	4.56E-02	6.61E-02	1.62E-02
645	2.21E-01	1.68E-02	7.61E-02	1.59E-02
646	2.78E-01	1.21E-01	5.71E-02	2.09E-02
647	2.27E-01	1.08E-01	5.90E-02	1.88E-02
648	2.30E-01	3.34E-02	4.65E-02	2.29E-02
649	2.30E-01	1.54E-02	6.08E-02	1.70E-02
650	2.36E-01	1.49E-01	6.41E-02	2.25E-02
651	2.36E-01	7.73E-02	7.02E-02	2.37E-02
652	2.22E-01	4.71E-02	5.26E-02	2.39E-02
653	2.22E-01	5.13E-02	5.75E-02	2.55E-02
654	2.17E-01	1.16E-01	6.14E-02	2.13E-02
655	2.25E-01	1.29E-01	5.77E-02	2.53E-02
656	2.21E-01	2.98E-02	8.40E-02	2.50E-02
657	2.27E-01	1.43E-01	8.16E-02	2.66E-02
658	2.59E-01	1.38E-01	8.84E-02	2.62E-02
659	2.34E-01	8.39E-02	8.73E-02	1.97E-02
660	2.33E-01	1.06E-01	8.57E-02	1.76E-02
661	2.21E-01	7.22E-02	7.79E-02	2.82E-02
662	2.31E-01	8.73E-02	8.31E-02	2.76E-02
663	2.67E-01	6.52E-02	6.38E-02	1.97E-02
664	2.53E-01	5.11E-02	6.22E-02	2.38E-02
665	2.49E-01	3.44E-02	5.21E-02	2.27E-02
666	2.60E-01	6.69E-02	3.84E-02	2.50E-02
667	2.56E-01	4.31E-02	4.27E-02	2.54E-02
668	2.54E-01	9.58E-02	5.99E-02	1.81E-02
669	2.57E-01	8.59E-02	5.93E-02	1.81E-02
670	2.34E-01	7.67E-02	6.19E-02	1.83E-02
671	2.36E-01	6.51E-02	5.54E-02	1.90E-02
672	2.37E-01	4.16E-02	5.80E-02	2.42E-02
673	2.36E-01	4.48E-02	5.80E-02	2.67E-02
674	2.16E-01	7.88E-02	7.19E-02	2.54E-02
675	2.13E-01	8.05E-02	5.32E-02	2.60E-02
676	2.13E-01	7.09E-02	6.09E-02	2.52E-02
677	2.15E-01	6.32E-02	6.75E-02	2.40E-02
678	2.03E-01	3.29E-02	7.50E-02	2.42E-02
679	2.02E-01	6.15E-02	6.95E-02	2.26E-02
680	2.30E-01	5.23E-02	6.62E-02	2.72E-02
681	2.20E-01	1.81E-02	7.06E-02	2.46E-02
682	2.20E-01	5.19E-02	7.09E-02	2.52E-02
683	2.20E-01	5.00E-02	6.69E-02	2.91E-02
684	2.21E-01	7.11E-02	6.49E-02	2.44E-02
685	2.13E-01	1.18E-01	6.79E-02	4.55E-02
686	2.16E-01	1.09E-01	7.16E-02	4.81E-02
687	2.14E-01	3.39E-02	6.23E-02	4.87E-02
688	2.17E-01	9.81E-03	5.39E-02	4.96E-02
689	2.18E-01	2.23E-02	6.04E-02	3.72E-02
690	2.17E-01	2.51E-02	6.52E-02	8.02E-02
691	2.16E-01	1.21E-02	6.30E-02	6.28E-02
692	2.19E-01	7.37E-02	6.87E-02	2.41E-02
693	2.27E-01	9.22E-02	7.19E-02	2.46E-02
694	2.19E-01	1.26E-01	6.42E-02	2.08E-02
695	2.16E-01	3.30E-02	6.49E-02	1.82E-02
696	2.99E-01	2.85E-02	6.05E-02	1.77E-02
697	2.39E-01	2.77E-02	5.98E-02	1.70E-02
698	2.43E-01	6.67E-02	5.64E-02	1.87E-02
699	2.44E-01	1.09E-01	5.06E-02	2.24E-02
700	2.39E-01	6.27E-02	4.45E-02	2.20E-02
701	2.38E-01	1.75E-01	5.50E-02	2.47E-02
702	2.38E-01	6.67E-02	5.51E-02	2.61E-02
703	2.39E-01	1.65E-01	5.85E-02	3.87E-02
704	2.39E-01	9.58E-02	6.16E-02	3.03E-02
705	2.36E-01	7.24E-02	5.53E-02	4.82E-02
706	2.32E-01	1.17E-01	6.31E-02	6.01E-02
707	2.27E-01	1.42E-01	5.63E-02	5.97E-02
708	2.22E-01	1.53E-01	5.41E-02	2.89E-02
709	2.27E-01	1.43E-01	8.04E-02	5.21E-02
710	2.27E-01	1.58E-01	9.19E-02	4.17E-02
711	2.17E-01	1.29E-01	8.46E-02	3.56E-02
712	2.24E-01	1.28E-01	7.56E-02	3.41E-02
713	2.31E-01	1.64E-01	8.27E-02	8.12E-02
714	2.31E-01	1.48E-01	8.28E-02	4.51E-02
715	2.35E-01	6.03E-02	7.51E-02	7.56E-02
716	2.20E-01	8.06E-02	8.38E-02	2.37E-02
717	2.19E-01	8.06E-02	7.46E-02	1.76E-02
718	2.21E-01	1.07E-01	8.11E-02	2.06E-02
719	2.20E-01	1.51E-01	7.79E-02	2.38E-02
720	2.20E-01	5.51E-02	6.82E-02	2.31E-02
721	2.19E-01	1.30E-02	7.08E-02	3.13E-02
722	2.11E-01	5.20E-02	7.30E-02	3.96E-02
723	2.21E-01	1.30E-02	7.18E-02	3.56E-02
724	2.17E-01	1.61E-01	7.85E-02	4.89E-02
725	2.13E-01	1.26E-01	7.48E-02	4.45E-02
726	2.24E-01	1.24E-01	8.57E-02	5.25E-02
727	2.23E-01	1.45E-01	8.11E-02	4.58E-02
728	2.32E-01	2.20E-02	8.88E-02	2.44E-02
729	2.16E-01	1.14E-01	9.36E-02	2.20E-02
730	2.17E-01	6.78E-02	8.69E-02	2.18E-02
731	2.14E-01	8.75E-02	8.30E-02	2.08E-02
732	2.13E-01	1.19E-01	8.08E-02	2.22E-02
733	2.11E-01	5.39E-02	9.49E-02	2.15E-02
734	2.10E-01	6.53E-02	1.07E-01	3.00E-02
735	2.11E-01	8.40E-02	9.22E-02	2.80E-02
736	2.11E-01	9.73E-02	9.66E-02	3.49E-02
737	2.11E-01	1.00E-01	9.44E-02	3.37E-02
738	2.16E-01	9.20E-02	1.01E-01	3.05E-02
739	2.08E-01	8.57E-02	9.11E-02	2.71E-02
740	2.05E-01	8.87E-02	9.27E-02	2.53E-02
741	1.96E-01	9.52E-02	7.62E-02	3.01E-02
742	2.06E-01	8.13E-02	6.60E-02	1.88E-02
743	2.00E-01	8.04E-02	7.63E-02	2.06E-02
744	1.99E-01	6.05E-02	8.27E-02	2.25E-02
745	1.99E-01	2.11E-02	8.76E-02	2.60E-02
746	2.09E-01	3.34E-02	8.22E-02	3.14E-02
747	2.82E-01	1.96E-02	7.69E-02	2.72E-02
748	2.39E-01	6.10E-02	8.55E-02	2.66E-02
749	3.08E-01	4.07E-02	9.94E-02	1.90E-02
750	2.77E-01	4.74E-02	9.56E-02	2.18E-02
751	2.83E-01	1.43E-02	8.02E-02	2.40E-02
752	2.86E-01	1.38E-02	8.89E-02	2.22E-02
753	2.88E-01	4.94E-02	9.75E-02	2.05E-02
754	2.88E-01	9.62E-02	9.47E-02	2.22E-02
755	2.94E-01	6.19E-02	9.39E-02	2.86E-02
756	2.98E-01	6.05E-02	8.79E-02	2.04E-02
757	2.98E-01	1.09E-01	9.91E-02	1.97E-02
758	2.78E-01	4.67E-02	9.45E-02	2.26E-02
759	2.80E-01	5.42E-02	8.94E-02	1.99E-02
760	2.83E-01	6.12E-02	9.90E-02	1.98E-02
761	2.74E-01	3.72E-02	9.57E-02	2.00E-02
762	2.73E-01	5.29E-02	1.01E-01	2.19E-02
763	2.74E-01	1.69E-02	1.01E-01	3.40E-02
764	2.75E-01	5.61E-02	1.04E-01	4.70E-02
765	2.85E-01	5.09E-02	9.35E-02	5.69E-02
766	2.77E-01	6.06E-02	9.84E-02	1.34E-02
767	2.62E-01	5.73E-02	1.03E-01	2.73E-02
768	2.59E-01	6.95E-02	1.02E-01	2.33E-02
769	2.58E-01	8.20E-02	9.50E-02	1.55E-02
770	2.91E-01	7.86E-02	1.09E-01	1.68E-02
771	2.50E-01	7.16E-02	9.07E-02	2.37E-02
772	2.51E-01	7.01E-02	8.42E-02	1.83E-02
773	2.57E-01	4.28E-02	9.40E-02	1.68E-02
774	2.29E-01	4.12E-02	1.03E-01	1.61E-02
775	2.19E-01	8.84E-02	1.08E-01	1.34E-02
776	2.20E-01	3.96E-02	9.21E-02	1.66E-02
777	2.18E-01	9.10E-02	8.75E-02	1.33E-02
778	2.17E-01	6.32E-02	9.34E-02	1.43E-02
779	2.26E-01	9.31E-02	9.19E-02	3.02E-02
780	2.26E-01	9.67E-02	9.96E-02	2.60E-02
781	2.26E-01	1.01E-01	1.01E-01	3.49E-02
782	2.24E-01	1.03E-01	8.40E-02	1.96E-02
783	2.11E-01	9.80E-02	9.16E-02	1.83E-02
784	2.17E-01	1.07E-01	9.82E-02	1.55E-02
785	2.16E-01	9.10E-02	6.90E-02	1.35E-02
786	2.19E-01	1.03E-01	8.37E-02	1.48E-02
787	2.19E-01	1.18E-01	7.45E-02	1.37E-02
788	2.21E-01	1.30E-01	9.33E-02	1.27E-02
789	2.12E-01	6.80E-02	9.20E-02	1.32E-02
790	2.12E-01	6.86E-02	9.36E-02	1.25E-02
791	2.12E-01	1.05E-01	9.38E-02	1.27E-02
792	2.14E-01	7.77E-02	7.74E-02	1.46E-02
793	2.11E-01	1.07E-01	8.09E-02	1.58E-02
794	2.09E-01	5.09E-02	1.04E-01	1.58E-02
795	2.09E-01	5.12E-02	9.06E-02	1.57E-02
796	2.08E-01	8.03E-02	9.77E-02	1.75E-02
797	2.08E-01	1.03E-01	7.83E-02	1.81E-02
798	2.08E-01	7.40E-02	8.36E-02	1.87E-02
799	2.08E-01	8.59E-02	8.15E-02	2.07E-02
800	2.07E-01	1.19E-01	9.26E-02	1.89E-02
801	2.00E-01	1.04E-01	9.52E-02	1.86E-02
802	2.07E-01	6.85E-02	9.33E-02	1.87E-02
803	2.07E-01	7.28E-02	7.84E-02	1.65E-02
804	2.06E-01	3.50E-02	7.96E-02	1.45E-02
805	2.06E-01	7.92E-02	7.50E-02	1.85E-02
806	2.06E-01	1.01E-01	7.91E-02	1.87E-02
807	2.00E-01	1.12E-01	6.26E-02	1.56E-02
808	2.02E-01	1.12E-01	9.18E-02	1.73E-02
809	2.68E-01	8.48E-02	6.59E-02	1.68E-02
810	2.20E-01	1.12E-01	6.24E-02	1.67E-02
811	2.29E-01	6.65E-02	6.14E-02	1.63E-02
812	2.28E-01	5.49E-02	4.55E-02	1.85E-02
813	2.15E-01	5.10E-02	5.56E-02	1.67E-02
814	2.03E-01	4.82E-02	6.08E-02	1.68E-02
815	2.04E-01	9.47E-02	5.84E-02	2.38E-02
816	3.13E-01	2.04E-02	4.17E-02	2.40E-02
817	2.31E-01	1.72E-02	4.69E-02	1.48E-02
818	2.33E-01	7.93E-02	4.24E-02	1.69E-02
819	2.46E-01	9.44E-02	5.61E-02	1.90E-02
820	2.41E-01	9.43E-02	6.02E-02	1.79E-02
821	2.39E-01	1.10E-01	6.08E-02	1.79E-02
822	2.43E-01	1.34E-01	3.48E-02	1.87E-02
823	2.44E-01	1.33E-01	3.63E-02	2.07E-02
824	2.46E-01	1.50E-01	4.04E-02	1.53E-02
825	2.43E-01	5.51E-02	3.96E-02	1.65E-02
826	2.38E-01	6.84E-02	7.79E-02	2.17E-02
827	2.42E-01	7.80E-02	4.19E-02	2.73E-02
828	2.25E-01	7.32E-02	5.63E-02	3.28E-02
829	2.31E-01	4.70E-02	5.15E-02	3.37E-02
830	3.26E-01	9.56E-02	5.73E-02	2.93E-02
831	3.10E-01	8.95E-03	4.23E-02	2.36E-02
832	3.17E-01	3.09E-02	6.01E-02	1.77E-02
833	3.16E-01	2.53E-02	4.05E-02	1.36E-02
834	3.18E-01	2.98E-02	4.34E-02	1.59E-02
835	3.20E-01	1.06E-02	5.22E-02	1.44E-02
836	3.23E-01	1.62E-02	6.69E-02	1.92E-02
837	3.23E-01	3.12E-02	6.96E-02	1.54E-02
838	3.34E-01	7.77E-02	6.73E-02	1.69E-02
839	3.35E-01	3.31E-02	6.46E-02	1.87E-02
840	3.35E-01	1.78E-01	7.36E-02	1.50E-02
841	3.35E-01	1.74E-01	7.94E-02	2.32E-02
842	3.36E-01	1.38E-01	8.08E-02	3.05E-02
843	3.36E-01	1.68E-01	8.09E-02	3.83E-02
844	3.30E-01	1.71E-01	7.22E-02	4.12E-02
845	3.23E-01	1.57E-01	6.43E-02	6.68E-02
846	3.13E-01	6.49E-02	8.22E-02	1.78E-02
847	3.13E-01	4.80E-02	5.86E-02	2.24E-02
848	3.13E-01	6.82E-02	6.90E-02	1.87E-02
849	3.04E-01	5.34E-02	7.49E-02	2.17E-02
850	3.05E-01	6.90E-02	8.14E-02	1.67E-02
851	3.05E-01	4.70E-02	6.44E-02	3.08E-02
852	3.04E-01	6.87E-02	8.28E-02	2.30E-02
853	2.98E-01	7.40E-02	7.91E-02	2.32E-02
854	2.95E-01	8.52E-02	8.11E-02	1.69E-02
855	2.94E-01	2.58E-02	8.87E-02	1.85E-02
856	2.54E-01	1.37E-02	7.52E-02	2.39E-02
857	2.53E-01	8.18E-02	7.66E-02	1.45E-02
858	2.54E-01	7.40E-02	8.18E-02	1.83E-02
859	2.39E-01	1.79E-02	7.89E-02	1.53E-02
860	2.43E-01	7.93E-02	5.94E-02	1.96E-02
861	2.44E-01	8.65E-02	8.11E-02	1.74E-02
862	2.45E-01	7.64E-02	6.58E-02	2.38E-02
863	2.37E-01	7.99E-02	7.37E-02	2.52E-02
864	2.36E-01	1.68E-01	6.99E-02	2.01E-02
865	2.39E-01	6.35E-02	7.37E-02	1.63E-02
866	2.45E-01	5.67E-02	7.67E-02	1.62E-02
867	2.45E-01	5.52E-02	7.21E-02	3.07E-02
868	2.46E-01	4.39E-02	8.19E-02	3.90E-02
869	2.42E-01	5.37E-02	5.79E-02	3.73E-02
870	2.45E-01	4.79E-02	6.25E-02	3.90E-02
871	2.40E-01	5.50E-02	6.70E-02	4.63E-02
872	2.29E-01	5.75E-02	6.57E-02	3.67E-02
873	2.24E-01	6.41E-02	5.33E-02	5.53E-02
874	2.22E-01	1.95E-01	6.10E-02	4.25E-02
875	2.29E-01	8.13E-02	6.35E-02	4.42E-02
876	2.23E-01	5.61E-02	6.79E-02	3.29E-02
877	2.27E-01	1.94E-01	6.78E-02	4.71E-02
878	2.28E-01	1.97E-01	6.69E-02	3.13E-02
879	2.29E-01	2.00E-01	6.09E-02	4.09E-02
880	2.18E-01	1.90E-01	7.26E-02	2.51E-02
881	3.12E-01	2.08E-01	6.74E-02	2.15E-02
882	2.76E-01	2.18E-01	7.45E-02	1.11E-02
883	2.73E-01	1.89E-01	6.31E-02	2.20E-02
884	2.74E-01	1.80E-01	6.61E-02	1.80E-02
885	2.73E-01	1.86E-01	5.96E-02	1.86E-02
886	2.64E-01	1.76E-01	5.25E-02	1.59E-02
887	2.59E-01	6.22E-02	6.24E-02	1.96E-02
888	2.50E-01	1.33E-01	6.96E-02	2.74E-02
889	2.47E-01	1.87E-01	7.64E-02	2.43E-02
890	2.52E-01	1.91E-01	6.63E-02	1.22E-02
891	2.49E-01	1.12E-01	6.37E-02	1.78E-02
892	2.48E-01	1.93E-01	6.56E-02	1.57E-02
893	2.52E-01	1.88E-01	6.39E-02	1.53E-02
894	2.60E-01	1.62E-01	6.57E-02	2.95E-02
895	2.53E-01	2.07E-01	5.94E-02	1.62E-02
896	2.55E-01	1.88E-01	6.92E-02	2.38E-02
897	2.42E-01	1.83E-01	6.41E-02	1.66E-02
898	2.41E-01	1.83E-01	6.57E-02	9.32E-03
899	2.41E-01	1.79E-01	4.28E-02	9.67E-03
900	2.41E-01	6.40E-02	4.82E-02	8.51E-03
901	2.39E-01	1.82E-01	5.25E-02	1.27E-02
902	2.40E-01	1.91E-01	6.65E-02	1.43E-02
903	2.43E-01	8.46E-02	6.85E-02	1.37E-02
904	2.51E-01	6.38E-02	6.94E-02	1.64E-02
905	2.50E-01	2.16E-01	6.09E-02	1.38E-02
906	2.47E-01	2.23E-01	6.70E-02	1.83E-02
907	2.35E-01	1.99E-01	5.15E-02	1.81E-02
908	2.34E-01	9.37E-02	7.71E-02	3.17E-02
909	2.43E-01	2.02E-01	5.14E-02	4.15E-02
910	2.42E-01	2.06E-01	7.39E-02	2.49E-02
911	2.38E-01	7.96E-02	7.50E-02	3.93E-02
912	2.32E-01	2.01E-01	6.46E-02	3.97E-02
913	2.32E-01	1.53E-01	6.88E-02	4.06E-02
914	2.32E-01	1.88E-01	4.72E-02	3.35E-02
915	2.42E-01	2.04E-01	5.96E-02	1.99E-02
916	2.43E-01	1.92E-01	5.44E-02	3.23E-02
917	2.43E-01	1.55E-01	6.67E-02	4.67E-02
918	2.44E-01	1.88E-01	6.38E-02	3.40E-02
919	2.28E-01	1.86E-01	5.45E-02	1.81E-02
920	2.28E-01	1.69E-01	4.55E-02	2.24E-02
921	2.44E-01	1.93E-01	6.57E-02	1.97E-02
922	2.41E-01	6.54E-02	6.08E-02	1.82E-02
923	2.20E-01	5.70E-02	5.78E-02	1.83E-02
924	2.18E-01	5.50E-02	6.99E-02	1.98E-02
925	2.15E-01	7.09E-02	5.29E-02	2.25E-02
926	2.24E-01	1.94E-01	6.30E-02	2.70E-02
927	2.22E-01	1.68E-01	6.51E-02	2.66E-02
928	2.15E-01	1.15E-01	5.41E-02	2.70E-02
929	2.15E-01	7.41E-02	6.22E-02	3.29E-02
930	2.13E-01	4.21E-02	6.50E-02	3.41E-02
931	2.13E-01	4.87E-02	5.98E-02	3.88E-02
932	2.07E-01	5.89E-02	7.14E-02	3.87E-02
933	2.26E-01	5.89E-02	6.12E-02	3.90E-02
934	2.27E-01	5.89E-02	6.78E-02	4.57E-02
935	2.29E-01	5.89E-02	6.59E-02	5.14E-02
936	2.27E-01	1.90E-01	7.23E-02	4.96E-02
937	2.24E-01	1.34E-01	6.98E-02	4.50E-02
938	2.14E-01	1.07E-01	6.69E-02	4.31E-02
939	2.18E-01	1.89E-01	7.23E-02	4.28E-02
940	2.77E-01	1.98E-01	7.61E-02	4.68E-02
941	2.27E-01	1.96E-01	6.49E-02	4.69E-02
942	2.36E-01	1.77E-01	6.19E-02	4.12E-02
943	2.36E-01	1.80E-01	6.29E-02	4.16E-02
944	2.25E-01	1.65E-01	6.58E-02	3.82E-02
945	2.34E-01	1.64E-01	6.67E-02	2.94E-02
946	2.18E-01	1.75E-01	7.23E-02	2.35E-02
947	2.20E-01	1.76E-01	6.91E-02	2.54E-02
948	2.42E-01	1.73E-01	6.15E-02	2.04E-02
949	2.50E-01	1.57E-01	7.81E-02	1.98E-02
950	2.51E-01	6.12E-02	6.67E-02	1.38E-02
951	2.26E-01	1.58E-01	5.41E-02	1.77E-02
952	2.25E-01	1.71E-01	6.42E-02	2.48E-02
953	2.26E-01	1.72E-01	6.99E-02	3.33E-02
954	2.15E-01	1.70E-01	6.38E-02	3.53E-02
955	2.09E-01	1.13E-01	7.24E-02	2.50E-02
956	2.69E-01	1.01E-01	6.31E-02	2.14E-02
957	2.25E-01	1.74E-01	6.12E-02	2.27E-02
958	2.25E-01	1.78E-01	6.50E-02	2.27E-02
959	2.15E-01	1.05E-01	5.64E-02	1.99E-02
960	2.16E-01	8.96E-02	7.00E-02	2.02E-02
961	2.09E-01	8.50E-02	5.82E-02	2.01E-02
962	2.09E-01	8.72E-02	7.30E-02	3.01E-02
963	2.07E-01	1.65E-01	6.53E-02	2.73E-02
964	2.08E-01	1.55E-01	4.04E-02	2.23E-02
965	2.08E-01	1.72E-01	6.62E-02	1.48E-02
966	2.08E-01	1.65E-01	4.30E-02	1.40E-02
967	2.08E-01	1.67E-01	4.39E-02	1.67E-02
968	2.09E-01	1.52E-01	4.31E-02	1.62E-02
969	2.01E-01	1.35E-01	3.89E-02	1.71E-02
970	2.09E-01	1.59E-01	5.19E-02	2.01E-02
971	2.09E-01	5.29E-02	5.70E-02	3.03E-02
972	2.01E-01	1.63E-01	6.46E-02	2.76E-02
973	2.00E-01	1.46E-01	5.77E-02	1.93E-02
974	2.19E-01	4.75E-02	5.88E-02	1.84E-02
975	2.21E-01	1.58E-01	5.42E-02	1.64E-02
976	2.15E-01	1.34E-01	7.36E-02	1.63E-02
977	2.71E-01	1.42E-01	6.32E-02	1.79E-02
978	2.18E-01	6.20E-02	6.21E-02	1.99E-02
979	2.19E-01	9.58E-02	6.34E-02	1.92E-02
980	2.21E-01	7.15E-02	6.27E-02	2.22E-02
981	2.20E-01	5.30E-02	7.17E-02	1.98E-02
982	2.16E-01	6.43E-02	5.62E-02	2.85E-02
983	2.15E-01	5.90E-02	5.43E-02	1.77E-02
984	2.18E-01	6.03E-02	6.99E-02	1.90E-02
985	2.25E-01	5.15E-02	5.21E-02	3.66E-02
986	2.25E-01	5.13E-02	4.52E-02	4.18E-02
987	2.25E-01	1.26E-01	4.81E-02	3.90E-02
988	2.25E-01	1.04E-01	6.76E-02	3.23E-02
989	2.25E-01	2.45E-02	6.48E-02	2.84E-02
990	2.25E-01	1.56E-02	7.80E-02	3.01E-02
991	2.17E-01	3.45E-02	6.90E-02	3.60E-02
992	2.25E-01	5.29E-02	7.16E-02	2.91E-02
993	2.23E-01	2.35E-02	7.96E-02	3.68E-02
994	2.26E-01	2.35E-02	8.29E-02	4.48E-02
995	2.24E-01	5.14E-02	5.19E-02	4.72E-02
996	2.23E-01	4.26E-02	4.90E-02	4.10E-02
997	2.30E-01	4.14E-02	6.00E-02	3.74E-02
998	2.32E-01	4.12E-02	6.30E-02	4.38E-02
999	2.25E-01	6.14E-02	5.97E-02	4.23E-02
1000				4.60E-02
1001				3.19E-02
1002				2.60E-02
1003				1.92E-02
1004				2.12E-02
1005				2.99E-02
1006				3.84E-02
1007				4.20E-02
1008				4.61E-02
1009				5.09E-02
1010				4.91E-02
1011				5.18E-02
1012				3.25E-02
1013				1.80E-02
1014				3.49E-02
1015				4.00E-02
1016				2.03E-02
1017				3.72E-02
1018				4.14E-02
1019				2.55E-02
1020				3.76E-02
1021				2.31E-02
1022				2.09E-02
1023				2.54E-02
1024				2.95E-02
1025				3.21E-02
1026				3.72E-02
1027				3.27E-02
1028				1.99E-02
1029				2.07E-02
1030				5.35E-02
1031				6.27E-02
1032				6.21E-02
1033				3.39E-02
1034				3.61E-02
1035				2.34E-02
1036				2.33E-02
1037				2.27E-02
1038				2.20E-02
1039				2.02E-02
1040				2.41E-02
1041				2.65E-02
1042				2.29E-02
1043				2.60E-02
1044				3.88E-02
1045				3.20E-02
1046				3.39E-02
1047				2.20E-02
1048				4.11E-02
1049				4.53E-02
1050				4.50E-02
1051				4.19E-02
1052				4.86E-02
1053				5.51E-02
1054				4.95E-02
1055				5.09E-02
1056				4.36E-02
1057				4.93E-02
1058				3.26E-02
1059				2.26E-02
1060				2.38E-02
1061				1.92E-02
1062				3.23E-02
1063				4.24E-02
1064				4.67E-02
1065				3.75E-02
1066				4.23E-02
1067				2.05E-02
1068				1.89E-02
1069				1.92E-02
1070				2.16E-02
1071				2.26E-02
1072				2.65E-02
1073				4.24E-02
1074				3.11E-02
1075				1.93E-02
1076				3.05E-02
1077				2.04E-02
1078				1.89E-02
1079				2.96E-02
1080				2.51E-02
1081				3.17E-02
1082				3.19E-02
1083				2.13E-02
1084				2.82E-02
1085				2.69E-02
1086				2.14E-02
1087				2.26E-02
1088				2.32E-02
1089				3.78E-02
1090				3.70E-02
1091				3.81E-02
1092				2.52E-02
1093				2.34E-02
1094				2.64E-02
1095				1.91E-02
1096				1.79E-02
1097				1.39E-02
1098				1.60E-02
1099				2.08E-02
1100				2.77E-02
1101				3.02E-02
1102				2.12E-02
1103				1.98E-02
1104				1.95E-02
1105				3.63E-02
1106				3.84E-02
1107				2.28E-02
1108				2.41E-02
1109				2.36E-02
1110				2.63E-02
1111				3.97E-02
1112				2.93E-02
1113				3.55E-02
1114				3.07E-02
1115				2.58E-02
1116				3.01E-02
1117				2.73E-02
1118				2.98E-02
1119				3.51E-02
1120				4.58E-02
1121				4.68E-02
1122				3.72E-02
1123				5.95E-02
1124				3.85E-02
1125				3.59E-02
1126				4.09E-02
1127				4.28E-02
1128				5.15E-02
1129				5.01E-02
1130				2.35E-02
1131				2.42E-02
1132				3.51E-02
1133				4.17E-02
1134				6.18E-02
1135				5.89E-02
1136				1.49E-02
1137				1.52E-02
1138				1.70E-02
1139				1.68E-02
1140				1.90E-02
1141				2.31E-02
1142				1.60E-02
1143				1.60E-02
1144				2.75E-02
1145				2.81E-02
1146				2.20E-02
1147				3.10E-02
1148				3.61E-02
1149				2.79E-02
1150				3.57E-02
1151				3.70E-02
1152				2.59E-02
1153				1.65E-02
1154				2.31E-02
1155				1.93E-02
1156				2.42E-02
1157				2.38E-02
1158				2.71E-02
1159				2.96E-02
1160				2.42E-02
1161				2.10E-02
1162				2.10E-02
1163				2.35E-02
1164				2.13E-02
1165				2.30E-02
1166				2.26E-02
1167				3.01E-02
1168				2.95E-02
1169				3.18E-02
1170				3.39E-02
1171				2.08E-02
1172				1.85E-02
1173				2.73E-02
1174				4.08E-02
1175				4.23E-02
1176				3.81E-02
1177				3.86E-02
1178				1.98E-02
1179				3.10E-02
1180				3.25E-02
1181				1.55E-02
1182				1.56E-02
1183				1.45E-02
1184				1.56E-02
1185				2.05E-02
1186				1.91E-02
1187				2.52E-02
1188				3.07E-02
1189				2.48E-02
1190				1.56E-02
1191				1.62E-02
1192				1.70E-02
1193				2.01E-02
1194				2.90E-02
1195				2.83E-02
1196				2.80E-02
1197				1.74E-02
1198				1.63E-02
1199				2.05E-02
1200				2.95E-02
1201				3.70E-02
1202				3.96E-02
1203				4.75E-02
1204				4.62E-02
1205				2.02E-02
1206				2.04E-02
1207				2.09E-02
1208				1.93E-02
1209				2.20E-02
1210				3.27E-02
1211				2.07E-02
1212				2.09E-02
1213				2.73E-02
1214				2.72E-02
1215				2.99E-02
1216				3.40E-02
1217				3.10E-02
1218				3.84E-02
1219				2.98E-02
1220				3.55E-02
1221				3.35E-02
1222				2.29E-02
1223				2.22E-02
1224				2.32E-02
1225				2.68E-02
1226				2.89E-02
1227				2.46E-02
1228				2.56E-02
1229				3.72E-02
1230				4.12E-02
1231				2.53E-02
1232				4.37E-02
1233				4.42E-02
1234				4.38E-02
1235				4.22E-02
1236				4.81E-02
1237				4.40E-02
1238				4.26E-02
1239				2.67E-02
1240				3.15E-02
1241				3.54E-02
1242				2.98E-02
1243				2.62E-02
1244				4.09E-02
1245				5.10E-02
1246				4.40E-02
1247				4.35E-02
1248				3.80E-02
1249				4.47E-02
1250				3.38E-02
1251				4.60E-02
1252				5.83E-02
1253				4.86E-02
1254				6.14E-02
1255				5.26E-02
1256				5.43E-02
1257				4.32E-02
1258				5.24E-02
1259				3.28E-02
1260				2.67E-02
1261				4.51E-02
1262				3.86E-02
1263				4.99E-02
1264				5.50E-02
1265				4.80E-02
1266				5.25E-02
1267				5.07E-02
1268				5.78E-02
1269				5.51E-02
1270				6.79E-02
1271				5.58E-02
1272				3.75E-02
1273				4.48E-02
1274				4.31E-02
1275				2.82E-02
1276				3.31E-02
1277				4.44E-02
1278				3.42E-02
1279				3.80E-02
1280				5.47E-02
1281				6.50E-02
1282				6.72E-02
1283				5.77E-02
1284				4.44E-02
1285				5.26E-02
1286				3.06E-02
1287				4.02E-02
1288				4.42E-02
1289				4.74E-02
1290				3.51E-02
1291				4.03E-02
1292				3.04E-02
1293				2.50E-02
1294				3.42E-02
1295				3.70E-02
1296				3.94E-02
1297				4.20E-02
1298				3.31E-02
1299				3.63E-02
1300				2.44E-02
1301				3.57E-02
1302				1.85E-02
1303				2.10E-02
1304				2.53E-02
1305				2.36E-02
1306				3.34E-02
1307				2.30E-02
1308				2.98E-02
1309				2.37E-02
1310				2.78E-02
1311				3.33E-02
1312				3.64E-02
1313				4.18E-02
1314				1.93E-02
1315				2.66E-02
1316				2.51E-02
1317				2.89E-02
1318				2.20E-02
1319				2.50E-02
1320				3.59E-02
1321				4.47E-02
1322				4.19E-02
1323				3.64E-02
1324				3.84E-02
1325				3.79E-02
1326				2.34E-02
1327				3.53E-02
1328				4.96E-02
1329				4.33E-02
1330				4.20E-02
1331				3.87E-02
1332				2.50E-02
1333				2.78E-02
1334				2.54E-02
1335				2.42E-02
1336				2.15E-02
1337				2.65E-02
1338				3.31E-02
1339				2.77E-02
1340				2.54E-02
1341				2.08E-02
1342				2.79E-02
1343				2.79E-02
1344				3.15E-02
1345				3.17E-02
1346				2.53E-02
1347				2.11E-02
1348				2.17E-02
1349				2.20E-02
1350				2.60E-02
1351				2.67E-02
1352				2.55E-02
1353				4.59E-02
1354				4.16E-02
1355				4.22E-02
1356				4.97E-02
1357				6.61E-02
1358				5.47E-02
1359				5.99E-02
1360				6.43E-02
1361				5.54E-02
1362				4.57E-02
1363				6.11E-02
1364				4.82E-02
1365				4.72E-02
1366				6.21E-02
1367				2.50E-02
1368				3.80E-02
1369				5.20E-02
1370				5.12E-02
1371				5.66E-02
1372				5.12E-02
1373				3.93E-02
1374				3.88E-02
1375				3.78E-02
1376				3.90E-02
1377				2.12E-02
1378				2.04E-02
1379				2.09E-02
1380				2.09E-02
1381				2.02E-02
1382				2.02E-02
1383				2.10E-02
1384				2.42E-02
1385				1.93E-02
1386				2.03E-02
1387				2.30E-02
1388				2.48E-02
1389				2.60E-02
1390				2.00E-02
1391				2.09E-02
1392				2.58E-02
1393				2.34E-02
1394				2.20E-02
1395				2.18E-02
1396				2.19E-02
1397				3.05E-02
1398				2.62E-02
1399				2.69E-02
1400				2.11E-02
1401				2.09E-02
1402				2.13E-02
1403				2.26E-02
1404				2.59E-02
1405				4.01E-02
1406				2.69E-02
1407				3.37E-02
1408				4.11E-02
1409				3.66E-02
1410				4.24E-02
1411				4.12E-02
1412				4.60E-02
1413				2.50E-02
1414				2.43E-02
1415				1.99E-02
1416				2.30E-02
1417				2.38E-02
1418				2.53E-02
1419				3.03E-02
1420				4.08E-02
1421				3.74E-02
1422				3.89E-02
1423				4.02E-02
1424				4.05E-02
1425				2.55E-02
1426				3.34E-02
1427				2.74E-02
1428				3.15E-02
1429				5.09E-02
1430				6.21E-02
1431				6.96E-02
1432				7.23E-02
1433				6.60E-02
1434				3.93E-02
1435				5.23E-02
1436				5.49E-02
1437				5.78E-02
1438				4.67E-02
1439				5.57E-02
1440				5.13E-02
1441				5.36E-02
1442				4.82E-02
1443				3.96E-02
1444				3.66E-02
1445				3.09E-02
1446				2.90E-02
1447				2.86E-02
1448				1.98E-02
1449				2.94E-02
1450				4.06E-02
1451				2.94E-02
1452				2.92E-02
1453				3.03E-02
1454				2.89E-02
1455				2.91E-02
1456				3.21E-02
1457				3.02E-02
1458				4.42E-02
1459				5.49E-02
1460				4.32E-02
1461				3.95E-02
1462				4.30E-02
1463				4.44E-02
1464				3.79E-02
1465				4.10E-02
1466				4.28E-02
1467				3.52E-02
1468				4.68E-02
1469				4.91E-02
1470				3.99E-02
1471				5.11E-02
1472				4.77E-02
1473				3.07E-02
1474				3.77E-02
1475				4.20E-02
1476				3.74E-02
1477				3.27E-02
1478				1.94E-02
1479				3.76E-02
1480				3.66E-02
1481				4.04E-02
1482				1.64E-02
1483				2.24E-02
1484				1.90E-02
1485				3.59E-02
1486				3.95E-02
1487				3.46E-02
1488				2.76E-02
1489				2.55E-02
1490				2.99E-02
1491				3.04E-02
1492				4.12E-02
1493				4.60E-02
1494				4.68E-02
1495				4.57E-02
1496				3.09E-02
1497				3.29E-02
1498				2.45E-02
1499				4.32E-02

