0	0.00E+00	0.00E+00	0.00E+00	0.00E+00
1	0.00E+00	0.00E+00	0.00E+00	0.00E+00
2	4.85E+00	2.59E+01	2.70E-01	4.51E-01
3	3.26E+01	2.64E+01	1.03E+01	2.71E-01
4	2.95E+01	1.94E+01	1.19E+00	2.66E-01
5	1.10E+01	1.70E+01	2.66E+00	1.23E-01
6	2.49E+01	2.09E+01	2.05E+00	1.51E-01
7	3.96E+01	2.66E+01	4.06E-01	2.34E-01
8	2.20E+01	4.13E+00	1.91E+00	2.36E-01
9	1.71E+01	1.94E+01	1.96E+00	1.72E-01
10	8.70E+00	1.11E+01	1.37E+00	1.72E-01
11	1.38E+01	7.69E+00	8.25E-01	1.62E-01
12	1.36E+01	6.39E+00	1.98E-01	1.62E-01
13	1.20E+01	3.80E+00	8.00E-01	1.62E-01
14	1.14E+01	6.29E-03	3.26E-01	5.96E-01
15	7.61E+00	6.29E-03	5.99E-01	3.58E-01
16	9.67E+00	6.29E-03	5.12E-01	3.24E-01
17	3.54E+00	2.97E-03	7.83E-01	3.24E-01
18	5.75E+00	1.52E-03	6.41E-01	3.18E-01
19	6.95E+00	1.52E-03	1.93E-01	3.52E-01
20	4.75E+00	1.52E-03	2.91E-01	5.99E-01
21	2.00E-03	1.78E-03	2.45E-01	3.82E-01
22	3.53E+00	1.82E-03	4.50E-01	3.40E-01
23	3.46E+00	1.80E-03	9.36E-01	3.40E-01
24	4.03E+00	1.67E-03	9.40E-01	3.95E-01
25	6.69E-01	1.52E-03	8.39E-01	3.95E-01
26	6.73E-03	1.94E-03	7.86E-01	3.95E-01
27	4.16E+00	1.67E-03	1.03E+00	3.95E-01
28	2.49E+00	1.67E-03	1.36E+00	3.95E-01
29	5.17E+00	1.47E-03	8.86E-01	3.95E-01
30	2.96E-02	1.47E-03	9.10E-01	3.95E-01
31	1.00E-04	8.59E-04	8.67E-01	3.95E-01
32	4.48E-05	8.59E-04	9.48E-01	3.85E-01
33	1.48E-05	8.59E-04	1.09E+00	3.85E-01
34	8.74E-05	8.35E-04	3.64E-01	3.85E-01
35	7.63E-01	2.87E-04	9.83E-01	3.85E-01
36	5.48E-05	2.87E-04	1.02E+00	4.27E-01
37	1.70E+00	2.87E-04	1.08E+00	4.27E-01
38	1.01E+00	2.87E-04	1.15E+00	4.27E-01
39	2.01E+00	2.19E-04	1.17E+00	4.27E-01
40	2.06E+00	2.19E-04	1.22E+00	4.27E-01
41	7.38E-05	2.19E-04	1.18E+00	4.27E-01
42	8.94E-01	2.19E-04	1.21E+00	4.27E-01
43	1.73E+00	2.02E-04	1.25E+00	4.27E-01
44	6.58E-06	1.28E-04	1.27E+00	4.27E-01
45	3.95E-06	1.28E-04	1.24E+00	4.27E-01
46	1.12E+00	1.28E-04	1.24E+00	3.82E-01
47	7.97E-01	1.28E-04	1.24E+00	3.77E-01
48	9.96E-01	1.87E-04	1.24E+00	3.77E-01
49	5.55E-06	1.87E-04	1.11E+00	3.77E-01
50	6.23E-06	1.61E-04	1.11E+00	3.72E-01
51	1.60E+00	1.03E-04	1.11E+00	3.72E-01
52	2.27E+00	1.65E-04	1.07E+00	3.72E-01
53	1.21E+00	1.65E-04	1.07E+00	3.72E-01
54	2.75E-06	1.65E-04	1.00E+00	3.72E-01
55	1.10E+00	1.65E-04	1.00E+00	3.72E-01
56	1.70E+00	1.65E-04	1.00E+00	3.72E-01
57	1.58E+00	1.65E-04	1.00E+00	3.72E-01
58	6.93E-01	1.65E-04	6.09E-01	3.72E-01
59	2.18E+00	1.65E-04	4.53E-01	3.72E-01
60	2.28E+00	1.65E-04	4.59E-01	3.72E-01
61	1.43E+00	1.03E-04	5.74E-01	3.72E-01
62	7.84E-01	1.03E-04	4.13E-01	3.72E-01
63	9.29E-07	3.89E-05	3.83E-01	3.72E-01
64	3.46E-01	3.89E-05	3.96E-01	3.72E-01
65	1.61E+00	3.89E-05	3.93E-01	3.72E-01
66	5.39E-07	3.89E-05	3.63E-01	3.72E-01
67	7.27E-01	3.89E-05	3.67E-01	3.72E-01
68	5.18E-07	2.05E-06	4.02E-01	3.72E-01
69	1.88E+00	2.05E-06	4.36E-01	3.72E-01
70	1.50E-06	2.02E-06	4.43E-01	3.72E-01
71	6.32E-01	2.02E-06	4.74E-01	3.72E-01
72	1.15E+00	2.02E-06	5.12E-01	3.72E-01
73	6.49E-01	2.02E-06	5.29E-01	3.72E-01
74	5.23E-01	3.12E-06	5.15E-01	3.72E-01
75	2.15E-01	3.12E-06	5.26E-01	3.72E-01
76	6.03E-01	1.18E-06	5.65E-01	3.72E-01
77	3.70E-01	1.18E-06	3.82E-01	3.72E-01
78	2.09E-02	1.18E-06	3.82E-01	3.72E-01
79	9.90E-08	1.18E-06	3.82E-01	3.72E-01
80	4.31E-01	1.18E-06	5.94E-01	3.72E-01
81	3.66E-01	1.18E-06	5.64E-01	3.72E-01
82	4.34E-01	1.57E-06	3.45E-01	3.72E-01
83	4.44E-01	1.57E-06	5.14E-01	3.72E-01
84	7.18E-01	1.57E-06	5.14E-01	3.72E-01
85	3.97E-07	1.57E-06	4.98E-01	3.72E-01
86	3.89E-07	1.57E-06	3.92E-01	3.72E-01
87	4.37E-01	1.57E-06	3.92E-01	3.72E-01
88	2.73E-01	7.04E-07	3.90E-01	3.72E-01
89	4.22E-01	7.06E-07	3.90E-01	3.72E-01
90	2.62E+00	1.57E-06	3.90E-01	3.41E-01
91	3.76E-01	1.57E-06	2.60E-01	3.41E-01
92	5.30E-01	1.57E-06	2.60E-01	3.41E-01
93	6.13E-08	1.24E-06	2.60E-01	3.41E-01
94	5.95E-08	1.24E-06	2.60E-01	3.41E-01
95	2.47E-01	1.36E-06	2.60E-01	3.41E-01
96	1.23E-01	1.36E-06	2.71E-01	3.41E-01
97	1.68E-01	1.36E-06	2.71E-01	3.41E-01
98	4.41E-01	1.36E-06	2.71E-01	3.41E-01
99	5.96E-01	1.36E-06	2.71E-01	3.41E-01
100	3.90E-01	1.36E-06	2.71E-01	3.41E-01
101	7.46E-01	1.36E-06	2.76E-01	3.41E-01
102	3.13E-01	1.36E-06	2.76E-01	3.41E-01
103	5.16E-01	1.36E-06	4.70E-01	3.41E-01
104	2.47E-08	1.36E-06	4.70E-01	3.41E-01
105	1.69E-01	1.36E-06	4.70E-01	3.41E-01
106	2.93E-01	1.36E-06	4.70E-01	3.30E-01
107	1.45E-08	1.36E-06	4.70E-01	3.41E-01
108	3.49E-01	1.36E-06	4.70E-01	3.41E-01
109	3.02E-01	1.36E-06	4.70E-01	3.41E-01
110	2.76E-01	9.00E-07	5.21E-01	3.41E-01
111	3.34E-01	9.00E-07	4.70E-01	3.41E-01
112	1.84E-01	9.00E-07	4.70E-01	3.41E-01
113	2.96E-01	7.11E-07	4.70E-01	3.41E-01
114	2.49E-01	7.11E-07	4.70E-01	3.41E-01
115	1.70E-02	6.14E-07	4.60E-01	3.42E-01
116	5.63E-02	6.14E-07	4.60E-01	3.42E-01
117	1.00E-01	6.14E-07	4.60E-01	3.42E-01
118	2.43E-01	4.88E-07	4.60E-01	3.13E-01
119	8.72E-01	4.62E-07	4.60E-01	3.13E-01
120	5.90E-01	4.62E-07	4.60E-01	3.13E-01
121	7.71E-01	4.79E-07	4.60E-01	3.13E-01
122	6.65E-01	4.88E-07	4.60E-01	3.13E-01
123	7.00E-01	4.88E-07	4.60E-01	3.13E-01
124	1.68E-01	4.88E-07	4.60E-01	3.13E-01
125	3.08E-01	4.88E-07	4.60E-01	3.13E-01
126	4.45E-02	4.88E-07	4.99E-01	3.13E-01
127	2.59E-01	4.88E-07	4.99E-01	3.13E-01
128	2.99E-01	3.56E-07	4.99E-01	3.13E-01
129	1.29E-01	3.56E-07	4.99E-01	3.13E-01
130	2.95E-01	3.56E-07	4.99E-01	3.13E-01
131	3.64E-10	3.56E-07	4.99E-01	3.13E-01
132	1.85E-10	3.56E-07	4.99E-01	3.13E-01
133	5.30E-01	3.56E-07	5.01E-01	3.13E-01
134	8.80E-01	3.51E-07	5.01E-01	3.13E-01
135	2.43E-01	3.49E-07	5.01E-01	3.13E-01
136	1.04E-01	3.49E-07	5.01E-01	2.99E-01
137	1.23E-01	3.40E-07	3.94E-01	2.99E-01
138	2.59E-01	3.40E-07	3.94E-01	2.99E-01
139	5.06E-01	3.40E-07	3.94E-01	2.99E-01
140	3.98E-01	3.40E-07	3.94E-01	2.99E-01
141	4.99E-01	3.40E-07	3.86E-01	2.99E-01
142	4.44E-01	3.40E-07	3.86E-01	2.99E-01
143	5.08E-01	3.40E-07	3.86E-01	2.99E-01
144	3.23E-01	3.40E-07	3.86E-01	2.99E-01
145	1.86E-01	3.07E-07	3.86E-01	2.99E-01
146	1.35E-01	3.07E-07	3.86E-01	2.99E-01
147	1.09E-08	3.07E-07	3.86E-01	2.99E-01
148	4.36E-01	2.91E-07	3.86E-01	2.99E-01
149	1.07E-01	2.91E-07	3.86E-01	2.99E-01
150	2.47E-01	2.91E-07	4.05E-01	2.99E-01
151	1.29E-01	2.91E-07	4.05E-01	2.99E-01
152	1.75E-01	2.91E-07	4.05E-01	2.99E-01
153	7.50E-02	2.91E-07	4.05E-01	2.99E-01
154	2.11E-01	2.91E-07	4.03E-01	2.99E-01
155	7.34E-11	2.91E-07	4.03E-01	2.99E-01
156	1.10E-01	2.91E-07	4.03E-01	2.99E-01
157	6.63E-02	2.91E-07	4.03E-01	2.99E-01
158	5.86E-02	2.01E-07	4.04E-01	2.99E-01
159	8.74E-02	1.09E-07	4.04E-01	2.99E-01
160	1.10E-01	1.09E-07	4.04E-01	2.99E-01
161	6.19E-02	1.09E-07	4.04E-01	2.99E-01
162	5.96E-02	1.09E-07	4.04E-01	2.99E-01
163	7.32E-02	1.09E-07	4.04E-01	2.99E-01
164	7.72E-02	1.09E-07	4.04E-01	2.99E-01
165	5.90E-11	1.09E-07	4.04E-01	2.99E-01
166	1.33E-01	1.09E-07	4.04E-01	2.99E-01
167	2.88E-11	1.05E-07	4.04E-01	2.99E-01
168	4.39E-02	1.05E-07	3.91E-01	2.99E-01
169	1.48E-01	1.05E-07	3.91E-01	2.99E-01
170	1.76E-01	9.88E-08	3.88E-01	2.99E-01
171	8.13E-02	9.90E-08	3.91E-01	2.99E-01
172	1.82E-01	9.88E-08	3.91E-01	2.99E-01
173	7.12E-02	9.88E-08	3.91E-01	2.99E-01
174	2.50E-01	9.88E-08	3.91E-01	2.99E-01
175	1.10E-01	9.88E-08	3.91E-01	2.99E-01
176	2.80E-11	9.74E-08	3.91E-01	2.99E-01
177	2.60E-01	9.74E-08	3.91E-01	2.99E-01
178	8.65E-02	9.74E-08	3.91E-01	2.99E-01
179	4.53E-11	1.08E-07	3.91E-01	2.99E-01
180	1.95E-01	1.08E-07	3.91E-01	2.99E-01
181	2.17E-01	1.08E-07	3.91E-01	2.99E-01
182	2.93E-01	1.04E-07	3.91E-01	2.99E-01
183	2.68E-01	1.04E-07	3.77E-01	2.99E-01
184	2.75E-01	1.04E-07	3.77E-01	2.99E-01
185	2.34E-01	1.04E-07	3.77E-01	2.99E-01
186	2.92E-01	1.04E-07	3.77E-01	2.99E-01
187	3.25E-01	1.04E-07	3.77E-01	2.99E-01
188	1.95E-01	1.04E-07	3.77E-01	2.99E-01
189	5.04E-11	1.04E-07	3.77E-01	2.99E-01
190	1.14E-11	1.04E-07	3.77E-01	2.99E-01
191	1.14E-11	1.04E-07	3.77E-01	2.99E-01
192	1.14E-11	1.04E-07	3.77E-01	2.99E-01
193	1.14E-11	1.04E-07	3.77E-01	2.99E-01
194	8.90E-12	1.04E-07	3.78E-01	2.99E-01
195	3.32E-12	1.04E-07	3.78E-01	2.99E-01
196	3.32E-12	1.04E-07	3.78E-01	2.99E-01
197	3.32E-12	1.04E-07	3.78E-01	2.99E-01
198	3.32E-12	1.04E-07	3.78E-01	2.99E-01
199	3.31E-12	1.04E-07	3.78E-01	2.99E-01
200	2.97E-01	1.04E-07	3.78E-01	2.99E-01
201	3.31E-12	1.04E-07	3.77E-01	2.99E-01
202	3.31E-12	1.04E-07	3.77E-01	2.99E-01
203	3.31E-12	1.04E-07	3.77E-01	2.99E-01
204	3.31E-12	1.04E-07	3.77E-01	2.99E-01
205	3.31E-12	1.04E-07	3.77E-01	2.99E-01
206	2.47E-12	1.04E-07	3.77E-01	2.99E-01
207	2.47E-12	1.04E-07	3.77E-01	2.99E-01
208	1.61E-12	1.04E-07	3.77E-01	2.99E-01
209	1.61E-12	1.04E-07	3.77E-01	3.03E-01
210	1.61E-12	1.04E-07	3.77E-01	3.03E-01
211	1.20E-12	1.02E-07	3.77E-01	3.03E-01
212	1.20E-12	1.02E-07	2.50E-01	3.03E-01
213	1.20E-12	1.02E-07	2.50E-01	3.03E-01
214	1.20E-12	1.02E-07	2.50E-01	3.03E-01
215	1.19E-12	1.02E-07	2.50E-01	3.03E-01
216	7.62E-14	1.02E-07	2.50E-01	3.03E-01
217	7.62E-14	1.02E-07	2.50E-01	3.03E-01
218	7.55E-14	1.02E-07	2.50E-01	3.03E-01
219	7.55E-14	1.02E-07	2.50E-01	3.03E-01
220	7.55E-14	1.02E-07	2.50E-01	3.03E-01
221	7.47E-14	9.76E-08	2.50E-01	3.03E-01
222	5.65E-14	9.76E-08	2.50E-01	3.03E-01
223	5.70E-14	9.66E-08	2.50E-01	3.03E-01
224	5.70E-14	9.66E-08	2.50E-01	3.03E-01
225	5.70E-14	9.66E-08	2.50E-01	3.03E-01
226	5.70E-14	9.66E-08	2.50E-01	3.03E-01
227	5.70E-14	9.59E-08	2.50E-01	3.03E-01
228	5.70E-14	9.59E-08	2.50E-01	3.03E-01
229	5.70E-14	9.59E-08	2.50E-01	3.03E-01
230	5.70E-14	9.59E-08	2.50E-01	3.03E-01
231	5.60E-14	9.59E-08	2.50E-01	3.03E-01
232	5.60E-14	9.59E-08	2.50E-01	3.03E-01
233	5.60E-14	9.59E-08	2.50E-01	3.03E-01
234	5.60E-14	9.58E-08	2.50E-01	3.03E-01
235	5.60E-14	9.58E-08	2.50E-01	3.03E-01
236	5.60E-14	9.58E-08	2.50E-01	3.03E-01
237	5.60E-14	9.58E-08	2.50E-01	3.03E-01
238	5.60E-14	9.58E-08	2.50E-01	3.03E-01
239	5.60E-14	4.18E-08	2.50E-01	3.03E-01
240	5.36E-14	4.18E-08	2.50E-01	3.03E-01
241	5.36E-14	4.18E-08	2.50E-01	3.03E-01
242	5.32E-14	4.18E-08	2.50E-01	3.03E-01
243	5.32E-14	4.18E-08	2.50E-01	3.03E-01
244	5.31E-14	4.18E-08	2.50E-01	3.03E-01
245	5.31E-14	4.18E-08	2.50E-01	3.03E-01
246	5.31E-14	4.18E-08	2.50E-01	2.84E-01
247	5.31E-14	4.18E-08	2.50E-01	2.85E-01
248	5.31E-14	4.18E-08	2.50E-01	2.85E-01
249	5.31E-14	4.18E-08	2.50E-01	2.85E-01
250	5.31E-14	4.18E-08	2.50E-01	2.85E-01
251	5.31E-14	4.18E-08	2.49E-01	2.85E-01
252	5.31E-14	4.18E-08	2.49E-01	2.85E-01
253	5.31E-14	4.18E-08	2.49E-01	2.85E-01
254	5.31E-14	4.18E-08	2.49E-01	2.85E-01
255	5.31E-14	4.18E-08	2.49E-01	2.85E-01
256	5.31E-14	4.18E-08	2.57E-01	2.85E-01
257	5.31E-14	4.18E-08	2.57E-01	2.85E-01
258	5.31E-14	4.18E-08	2.57E-01	2.85E-01
259	5.31E-14	4.18E-08	2.57E-01	2.85E-01
260	5.31E-14	4.18E-08	2.57E-01	2.85E-01
261	5.31E-14	4.18E-08	2.57E-01	2.85E-01
262	5.31E-14	4.18E-08	2.57E-01	2.85E-01
263	5.31E-14	4.18E-08	2.57E-01	2.85E-01
264	5.31E-14	4.14E-08	2.57E-01	2.85E-01
265	5.31E-14	4.14E-08	2.57E-01	2.85E-01
266	5.31E-14	4.14E-08	2.57E-01	2.85E-01
267	5.31E-14	4.14E-08	2.57E-01	2.85E-01
268	5.31E-14	4.14E-08	2.57E-01	2.85E-01
269	5.31E-14	4.14E-08	2.64E-01	2.85E-01
270	5.25E-14	4.14E-08	2.63E-01	2.85E-01
271	5.31E-14	4.14E-08	2.63E-01	2.85E-01
272	5.31E-14	4.14E-08	2.62E-01	2.85E-01
273	5.31E-14	4.12E-08	2.62E-01	2.85E-01
274	5.31E-14	4.12E-08	2.62E-01	2.85E-01
275	5.25E-14	4.12E-08	2.62E-01	2.85E-01
276	5.31E-14	4.12E-08	2.62E-01	2.85E-01
277	5.31E-14	4.10E-08	2.62E-01	2.85E-01
278	5.31E-14	4.10E-08	2.62E-01	2.85E-01
279	5.31E-14	4.10E-08	2.62E-01	2.85E-01
280	5.25E-14	4.10E-08	2.62E-01	2.85E-01
281	5.31E-14	4.10E-08	2.62E-01	2.85E-01
282	5.21E-14	4.10E-08	2.62E-01	2.85E-01
283	5.31E-14	4.10E-08	2.62E-01	2.85E-01
284	5.31E-14	4.10E-08	2.62E-01	2.85E-01
285	5.21E-14	4.10E-08	2.62E-01	2.85E-01
286	5.21E-14	4.10E-08	2.62E-01	2.85E-01
287	5.21E-14	4.10E-08	2.62E-01	2.85E-01
288	5.21E-14	4.10E-08	2.62E-01	2.85E-01
289	5.21E-14	4.10E-08	2.62E-01	2.85E-01
290	5.21E-14	4.10E-08	2.62E-01	2.85E-01
291	5.21E-14	4.10E-08	2.62E-01	2.85E-01
292	5.22E-14	4.10E-08	2.62E-01	2.85E-01
293	5.22E-14	4.10E-08	2.62E-01	2.85E-01
294	5.22E-14	4.10E-08	2.62E-01	2.85E-01
295	5.22E-14	4.10E-08	2.62E-01	2.85E-01
296	5.22E-14	4.10E-08	2.62E-01	2.85E-01
297	5.22E-14	4.08E-08	2.62E-01	2.85E-01
298	5.22E-14	4.08E-08	2.62E-01	2.85E-01
299	5.22E-14	4.08E-08	2.62E-01	2.85E-01
300	5.22E-14	4.08E-08	2.62E-01	2.85E-01
301	5.22E-14	4.08E-08	2.62E-01	2.85E-01
302	5.22E-14	4.08E-08	2.62E-01	2.85E-01
303	5.22E-14	4.08E-08	2.62E-01	2.85E-01
304	5.22E-14	4.08E-08	2.62E-01	2.85E-01
305	5.22E-14	4.08E-08	2.62E-01	2.85E-01
306	5.22E-14	4.08E-08	2.62E-01	2.85E-01
307	5.22E-14	4.08E-08	2.65E-01	2.46E-01
308	5.22E-14	4.08E-08	2.65E-01	2.46E-01
309	5.22E-14	4.08E-08	2.65E-01	2.46E-01
310	5.22E-14	4.08E-08	2.65E-01	2.46E-01
311	5.22E-14	4.08E-08	2.65E-01	2.46E-01
312	5.22E-14	4.08E-08	2.65E-01	2.46E-01
313	5.22E-14	4.08E-08	2.65E-01	2.46E-01
314	5.21E-14	4.08E-08	2.65E-01	2.46E-01
315	5.21E-14	4.08E-08	2.65E-01	2.46E-01
316	5.21E-14	4.08E-08	2.65E-01	2.46E-01
317	5.21E-14	4.08E-08	2.65E-01	2.46E-01
318	5.21E-14	4.08E-08	2.65E-01	2.46E-01
319	5.21E-14	4.08E-08	2.65E-01	2.46E-01
320	5.21E-14	4.08E-08	2.65E-01	2.46E-01
321	5.21E-14	4.08E-08	2.65E-01	2.46E-01
322	5.21E-14	4.08E-08	2.65E-01	2.46E-01
323	5.21E-14	3.32E-08	2.65E-01	2.46E-01
324	5.21E-14	3.32E-08	2.65E-01	2.46E-01
325	5.21E-14	4.08E-08	2.65E-01	2.46E-01
326	5.21E-14	4.08E-08	2.65E-01	2.46E-01
327	5.21E-14	4.08E-08	2.65E-01	2.46E-01
328	5.21E-14	4.08E-08	2.65E-01	2.46E-01
329	5.21E-14	3.32E-08	2.65E-01	2.46E-01
330	2.93E-14	3.32E-08	2.65E-01	2.46E-01
331	2.93E-14	3.32E-08	2.65E-01	2.46E-01
332	2.93E-14	3.32E-08	2.65E-01	2.46E-01
333	2.81E-14	3.32E-08	2.66E-01	2.46E-01
334	2.81E-14	3.32E-08	2.66E-01	2.46E-01
335	2.81E-14	3.32E-08	2.66E-01	2.46E-01
336	2.81E-14	3.32E-08	2.66E-01	2.46E-01
337	2.81E-14	3.32E-08	2.66E-01	2.46E-01
338	2.81E-14	3.32E-08	2.66E-01	2.46E-01
339	2.81E-14	3.32E-08	2.66E-01	2.46E-01
340	2.81E-14	3.32E-08	2.66E-01	2.46E-01
341	2.43E-14	3.33E-08	2.66E-01	2.46E-01
342	2.43E-14	3.33E-08	2.66E-01	2.46E-01
343	2.43E-14	3.33E-08	2.66E-01	2.46E-01
344	2.43E-14	3.33E-08	2.66E-01	2.46E-01
345	2.43E-14	3.33E-08	2.66E-01	2.46E-01
346	2.43E-14	3.33E-08	2.66E-01	2.46E-01
347	4.36E-15	3.33E-08	2.66E-01	2.46E-01
348	4.36E-15	3.33E-08	2.66E-01	2.46E-01
349	4.35E-15	3.33E-08	2.66E-01	2.46E-01
350	4.35E-15	3.33E-08	2.66E-01	2.46E-01
351	4.35E-15	3.32E-08	2.66E-01	2.46E-01
352	4.35E-15	3.32E-08	2.66E-01	2.46E-01
353	4.35E-15	3.32E-08	2.66E-01	2.46E-01
354	4.35E-15	3.32E-08	2.66E-01	2.46E-01
355	4.35E-15	3.32E-08	2.66E-01	2.46E-01
356	4.35E-15	3.32E-08	2.66E-01	2.46E-01
357	4.35E-15	3.32E-08	2.66E-01	2.46E-01
358	4.35E-15	3.32E-08	2.66E-01	2.46E-01
359	4.35E-15	3.32E-08	2.66E-01	2.46E-01
360	4.35E-15	3.32E-08	2.66E-01	2.46E-01
361	4.35E-15	3.31E-08	2.66E-01	2.46E-01
362	4.35E-15	3.31E-08	2.66E-01	2.46E-01
363	4.35E-15	3.31E-08	2.66E-01	2.34E-01
364	4.35E-15	3.30E-08	2.66E-01	2.34E-01
365	4.35E-15	3.30E-08	2.66E-01	2.34E-01
366	4.35E-15	3.30E-08	2.66E-01	2.34E-01
367	4.35E-15	3.30E-08	2.66E-01	2.34E-01
368	2.09E-15	3.30E-08	2.66E-01	2.34E-01
369	2.09E-15	3.30E-08	2.66E-01	2.34E-01
370	2.09E-15	3.30E-08	2.66E-01	2.34E-01
371	2.09E-15	3.30E-08	2.66E-01	2.34E-01
372	2.09E-15	3.30E-08	2.66E-01	2.34E-01
373	2.09E-15	3.30E-08	2.66E-01	2.34E-01
374	2.09E-15	3.30E-08	2.66E-01	2.34E-01
375	2.08E-15	3.30E-08	2.66E-01	2.34E-01
376	2.09E-15	3.30E-08	2.66E-01	2.43E-01
377	2.09E-15	3.30E-08	2.66E-01	2.43E-01
378	2.09E-15	3.30E-08	2.66E-01	2.43E-01
379	1.86E-15	3.30E-08	2.66E-01	2.43E-01
380	1.86E-15	3.30E-08	2.66E-01	2.43E-01
381	1.86E-15	3.30E-08	2.66E-01	2.43E-01
382	1.86E-15	3.30E-08	2.66E-01	2.43E-01
383	1.86E-15	3.30E-08	2.66E-01	2.43E-01
384	1.86E-15	3.31E-08	2.66E-01	2.43E-01
385	1.86E-15	3.30E-08	2.66E-01	2.43E-01
386	1.86E-15	3.30E-08	2.66E-01	2.43E-01
387	1.86E-15	3.30E-08	2.66E-01	2.43E-01
388	1.86E-15	3.30E-08	2.66E-01	2.43E-01
389	1.86E-15	3.30E-08	2.66E-01	2.43E-01
390	1.86E-15	3.30E-08	2.66E-01	2.65E-01
391	1.86E-15	3.30E-08	2.66E-01	2.65E-01
392	1.86E-15	3.31E-08	2.66E-01	2.65E-01
393	1.86E-15	3.31E-08	2.66E-01	2.65E-01
394	1.86E-15	3.31E-08	2.66E-01	2.65E-01
395	1.86E-15	3.30E-08	2.66E-01	2.65E-01
396	1.86E-15	3.31E-08	2.66E-01	2.65E-01
397	1.86E-15	3.30E-08	2.66E-01	2.65E-01
398	1.86E-15	3.30E-08	2.66E-01	2.65E-01
399	1.86E-15	3.30E-08	2.66E-01	2.65E-01
400	1.86E-15	3.30E-08	2.66E-01	2.65E-01
401	1.86E-15	3.30E-08	2.66E-01	2.65E-01
402	1.86E-15	3.30E-08	2.65E-01	2.43E-01
403	1.86E-15	3.30E-08	2.65E-01	2.43E-01
404	1.86E-15	3.30E-08	2.65E-01	2.43E-01
405	1.86E-15	3.30E-08	2.65E-01	2.43E-01
406	1.86E-15	1.65E-09	2.65E-01	2.43E-01
407	1.86E-15	1.65E-09	2.65E-01	2.43E-01
408	1.86E-15	1.65E-09	2.65E-01	2.43E-01
409	1.86E-15	1.65E-09	2.65E-01	2.43E-01
410	1.86E-15	1.65E-09	2.65E-01	2.43E-01
411	1.86E-15	6.66E-10	2.65E-01	2.43E-01
412	1.86E-15	6.66E-10	2.65E-01	2.43E-01
413	1.86E-15	6.66E-10	2.65E-01	2.43E-01
414	1.86E-15	6.66E-10	2.65E-01	2.43E-01
415	1.86E-15	6.66E-10	2.65E-01	2.43E-01
416	1.86E-15	6.66E-10	2.65E-01	2.43E-01
417	1.86E-15	6.66E-10	2.65E-01	2.43E-01
418	1.86E-15	6.66E-10	2.65E-01	2.55E-01
419	1.86E-15	6.66E-10	2.65E-01	2.55E-01
420	1.86E-15	6.66E-10	2.65E-01	2.55E-01
421	1.86E-15	6.66E-10	2.65E-01	2.55E-01
422	1.86E-15	6.66E-10	2.65E-01	2.55E-01
423	1.86E-15	6.66E-10	2.65E-01	2.55E-01
424	1.86E-15	6.66E-10	2.65E-01	2.55E-01
425	1.86E-15	6.66E-10	2.65E-01	2.55E-01
426	1.86E-15	6.66E-10	2.65E-01	2.55E-01
427	1.86E-15	6.66E-10	2.65E-01	2.55E-01
428	1.86E-15	6.66E-10	2.65E-01	2.55E-01
429	1.86E-15	6.66E-10	2.65E-01	2.55E-01
430	1.86E-15	6.66E-10	2.65E-01	2.55E-01
431	1.86E-15	6.66E-10	2.65E-01	2.55E-01
432	1.86E-15	6.66E-10	2.65E-01	2.55E-01
433	1.86E-15	6.66E-10	2.65E-01	2.55E-01
434	1.86E-15	6.66E-10	2.65E-01	2.55E-01
435	1.86E-15	6.66E-10	2.65E-01	2.55E-01
436	1.86E-15	6.66E-10	2.65E-01	2.55E-01
437	1.86E-15	6.66E-10	2.65E-01	2.55E-01
438	1.86E-15	6.64E-10	2.65E-01	2.55E-01
439	1.86E-15	6.64E-10	2.64E-01	2.55E-01
440	1.86E-15	6.64E-10	2.64E-01	2.55E-01
441	1.86E-15	6.64E-10	2.64E-01	2.55E-01
442	1.86E-15	6.64E-10	2.64E-01	2.55E-01
443	1.86E-15	6.64E-10	2.64E-01	2.55E-01
444	1.86E-15	6.64E-10	2.64E-01	2.55E-01
445	1.86E-15	6.64E-10	2.64E-01	2.55E-01
446	1.86E-15	6.64E-10	2.64E-01	2.55E-01
447	1.86E-15	6.64E-10	2.64E-01	2.55E-01
448	1.86E-15	6.64E-10	2.64E-01	2.55E-01
449	1.86E-15	6.64E-10	2.64E-01	2.55E-01
450	1.86E-15	6.64E-10	2.64E-01	2.55E-01
451	1.86E-15	6.64E-10	2.64E-01	2.55E-01
452	1.86E-15	6.64E-10	2.64E-01	2.55E-01
453	1.86E-15	6.64E-10	2.64E-01	2.55E-01
454	1.86E-15	6.64E-10	2.64E-01	2.55E-01
455	1.86E-15	6.64E-10	2.64E-01	2.55E-01
456	1.86E-15	6.64E-10	2.63E-01	2.55E-01
457	1.86E-15	6.64E-10	2.63E-01	2.55E-01
458	1.86E-15	6.64E-10	2.63E-01	2.55E-01
459	1.86E-15	6.64E-10	2.63E-01	2.55E-01
460	1.86E-15	6.64E-10	2.63E-01	2.55E-01
461	1.86E-15	6.64E-10	2.63E-01	2.55E-01
462	1.86E-15	6.64E-10	2.63E-01	2.55E-01
463	1.86E-15	6.64E-10	2.63E-01	2.55E-01
464	1.86E-15	6.64E-10	2.63E-01	2.55E-01
465	1.86E-15	6.64E-10	2.63E-01	2.55E-01
466	1.86E-15	6.64E-10	2.63E-01	2.55E-01
467	1.86E-15	6.64E-10	2.63E-01	2.55E-01
468	1.86E-15	6.64E-10	2.63E-01	2.55E-01
469	1.86E-15	6.64E-10	2.63E-01	2.55E-01
470	1.86E-15	6.64E-10	2.63E-01	2.55E-01
471	1.86E-15	6.64E-10	2.63E-01	2.55E-01
472	1.86E-15	6.64E-10	2.63E-01	2.55E-01
473	1.86E-15	6.64E-10	2.63E-01	2.55E-01
474	1.86E-15	6.64E-10	2.63E-01	2.55E-01
475	1.86E-15	6.64E-10	2.63E-01	2.55E-01
476	1.86E-15	6.64E-10	2.63E-01	2.55E-01
477	1.86E-15	4.94E-10	2.63E-01	2.55E-01
478	1.86E-15	4.94E-10	2.63E-01	2.55E-01
479	1.86E-15	4.94E-10	2.63E-01	2.55E-01
480	1.86E-15	4.94E-10	2.63E-01	2.55E-01
481	1.86E-15	4.94E-10	2.63E-01	2.55E-01
482	1.86E-15	4.94E-10	2.63E-01	2.55E-01
483	1.86E-15	4.94E-10	2.63E-01	2.55E-01
484	1.86E-15	4.94E-10	2.63E-01	2.55E-01
485	1.86E-15	4.94E-10	2.63E-01	2.55E-01
486	1.86E-15	4.94E-10	2.63E-01	2.55E-01
487	1.86E-15	4.94E-10	2.63E-01	2.55E-01
488	1.86E-15	4.94E-10	2.63E-01	2.55E-01
489	1.86E-15	4.94E-10	2.63E-01	2.55E-01
490	1.86E-15	4.94E-10	2.63E-01	2.55E-01
491	1.86E-15	4.94E-10	2.63E-01	2.55E-01
492	1.86E-15	4.94E-10	2.63E-01	2.55E-01
493	1.86E-15	4.94E-10	2.63E-01	2.55E-01
494	1.86E-15	4.94E-10	2.63E-01	2.55E-01
495	1.86E-15	4.94E-10	2.63E-01	2.55E-01
496	1.86E-15	4.94E-10	2.63E-01	2.55E-01
497	1.86E-15	4.94E-10	2.63E-01	2.55E-01
498	1.86E-15	4.94E-10	2.63E-01	2.55E-01
499	1.86E-15	4.94E-10	2.63E-01	2.55E-01
500	1.86E-15	4.94E-10	2.63E-01	2.55E-01
501	1.86E-15	4.94E-10	2.63E-01	2.55E-01
502	1.86E-15	4.94E-10	2.63E-01	2.55E-01
503	1.86E-15	4.94E-10	2.63E-01	2.55E-01
504	1.86E-15	4.94E-10	2.63E-01	2.55E-01
505	1.86E-15	4.94E-10	2.63E-01	2.55E-01
506	1.86E-15	4.94E-10	2.63E-01	2.55E-01
507	1.86E-15	4.94E-10	2.63E-01	2.55E-01
508	1.86E-15	4.94E-10	2.63E-01	2.55E-01
509	1.63E-15	4.94E-10	2.63E-01	2.55E-01
510	1.86E-15	4.94E-10	2.63E-01	2.55E-01
511	1.86E-15	4.94E-10	2.63E-01	2.55E-01
512	1.86E-15	4.94E-10	2.63E-01	2.55E-01
513	1.86E-15	4.94E-10	2.63E-01	2.55E-01
514	1.86E-15	4.94E-10	2.63E-01	2.57E-01
515	1.86E-15	4.94E-10	2.63E-01	2.57E-01
516	1.86E-15	4.94E-10	2.63E-01	2.57E-01
517	1.86E-15	4.94E-10	2.63E-01	2.57E-01
518	1.86E-15	4.94E-10	2.63E-01	2.57E-01
519	1.86E-15	4.94E-10	2.63E-01	2.57E-01
520	1.86E-15	4.94E-10	2.63E-01	2.57E-01
521	1.86E-15	4.94E-10	2.63E-01	2.57E-01
522	1.86E-15	4.94E-10	2.63E-01	2.57E-01
523	1.86E-15	4.33E-10	2.63E-01	2.57E-01
524	1.86E-15	4.33E-10	2.63E-01	2.57E-01
525	1.86E-15	4.33E-10	2.63E-01	2.57E-01
526	1.86E-15	4.33E-10	2.63E-01	2.57E-01
527	1.86E-15	4.33E-10	2.63E-01	2.57E-01
528	1.86E-15	4.33E-10	2.63E-01	2.57E-01
529	1.86E-15	4.33E-10	2.63E-01	2.57E-01
530	1.86E-15	4.33E-10	2.63E-01	2.57E-01
531	1.86E-15	4.33E-10	2.63E-01	2.57E-01
532	1.86E-15	4.33E-10	2.63E-01	2.57E-01
533	1.86E-15	4.33E-10	2.63E-01	2.57E-01
534	1.86E-15	4.33E-10	2.63E-01	2.57E-01
535	1.86E-15	4.33E-10	2.63E-01	2.57E-01
536	1.63E-15	4.33E-10	2.63E-01	2.57E-01
537	1.63E-15	4.33E-10	2.63E-01	2.57E-01
538	1.63E-15	4.33E-10	2.63E-01	2.57E-01
539	1.63E-15	4.33E-10	2.63E-01	2.57E-01
540	1.63E-15	4.33E-10	2.63E-01	2.57E-01
541	1.63E-15	4.33E-10	2.63E-01	2.57E-01
542	1.63E-15	4.33E-10	2.63E-01	2.57E-01
543	1.63E-15	4.33E-10	2.63E-01	2.57E-01
544	1.63E-15	4.33E-10	2.63E-01	2.57E-01
545	1.63E-15	4.33E-10	2.63E-01	2.57E-01
546	1.63E-15	4.33E-10	2.63E-01	2.57E-01
547	1.63E-15	4.33E-10	2.63E-01	2.57E-01
548	1.63E-15	4.33E-10	2.63E-01	2.57E-01
549	1.63E-15	4.33E-10	2.63E-01	2.57E-01
550	1.63E-15	4.33E-10	2.63E-01	2.57E-01
551	1.63E-15	4.33E-10	2.63E-01	2.57E-01
552	1.63E-15	4.33E-10	2.63E-01	2.57E-01
553	1.63E-15	4.33E-10	2.63E-01	2.57E-01
554	1.63E-15	4.33E-10	2.63E-01	2.57E-01
555	1.63E-15	4.33E-10	2.63E-01	2.57E-01
556	1.63E-15	4.33E-10	2.63E-01	2.57E-01
557	1.63E-15	4.33E-10	2.63E-01	2.57E-01
558	1.63E-15	4.33E-10	2.63E-01	2.57E-01
559	1.63E-15	4.33E-10	2.63E-01	2.57E-01
560	1.63E-15	4.33E-10	2.63E-01	2.57E-01
561	1.63E-15	4.33E-10	2.63E-01	2.57E-01
562	1.63E-15	4.33E-10	2.63E-01	2.57E-01
563	1.63E-15	4.33E-10	2.63E-01	2.57E-01
564	1.63E-15	4.33E-10	2.63E-01	2.64E-01
565	1.63E-15	4.33E-10	2.63E-01	2.64E-01
566	1.63E-15	4.33E-10	2.63E-01	2.64E-01
567	1.63E-15	4.33E-10	2.63E-01	2.64E-01
568	1.63E-15	4.33E-10	2.63E-01	2.64E-01
569	1.63E-15	4.33E-10	2.63E-01	2.64E-01
570	1.63E-15	4.33E-10	2.63E-01	2.64E-01
571	1.63E-15	4.33E-10	2.63E-01	2.64E-01
572	1.63E-15	4.33E-10	2.63E-01	2.64E-01
573	1.63E-15	4.33E-10	2.63E-01	2.64E-01
574	1.63E-15	4.33E-10	2.63E-01	2.64E-01
575	1.63E-15	4.33E-10	2.84E-01	2.64E-01
576	1.63E-15	4.33E-10	2.63E-01	2.64E-01
577	1.63E-15	4.33E-10	2.63E-01	2.64E-01
578	1.63E-15	4.33E-10	2.63E-01	2.64E-01
579	1.63E-15	4.33E-10	2.63E-01	2.64E-01
580	1.63E-15	4.33E-10	2.63E-01	2.64E-01
581	1.63E-15	4.33E-10	2.66E-01	2.64E-01
582	1.63E-15	4.33E-10	2.66E-01	2.64E-01
583	1.63E-15	4.33E-10	2.66E-01	2.64E-01
584	1.63E-15	4.33E-10	2.66E-01	2.64E-01
585	1.63E-15	4.33E-10	2.66E-01	2.64E-01
586	1.63E-15	4.33E-10	2.66E-01	2.64E-01
587	1.63E-15	4.33E-10	2.66E-01	2.64E-01
588	1.63E-15	4.33E-10	2.66E-01	2.64E-01
589	1.63E-15	4.33E-10	2.66E-01	2.64E-01
590	1.63E-15	4.33E-10	2.66E-01	2.64E-01
591	1.63E-15	4.33E-10	2.66E-01	2.64E-01
592	1.63E-15	2.95E-10	2.66E-01	2.64E-01
593	1.63E-15	2.95E-10	2.66E-01	2.64E-01
594	1.63E-15	2.95E-10	2.66E-01	2.64E-01
595	1.63E-15	2.95E-10	2.66E-01	2.64E-01
596	1.63E-15	2.95E-10	2.66E-01	2.64E-01
597	1.63E-15	2.95E-10	2.66E-01	2.64E-01
598	1.63E-15	2.95E-10	2.66E-01	2.63E-01
599	1.63E-15	2.95E-10	2.72E-01	2.63E-01
600	1.63E-15	2.85E-10	2.72E-01	2.63E-01
601	1.63E-15	2.85E-10	2.72E-01	2.63E-01
602	1.63E-15	2.85E-10	2.72E-01	2.63E-01
603	1.63E-15	2.85E-10	2.72E-01	2.63E-01
604	1.63E-15	2.85E-10	2.72E-01	2.63E-01
605	1.63E-15	2.85E-10	2.72E-01	2.63E-01
606	1.63E-15	2.85E-10	2.72E-01	2.63E-01
607	1.63E-15	2.85E-10	2.72E-01	2.66E-01
608	1.63E-15	2.85E-10	2.72E-01	2.66E-01
609	1.63E-15	2.85E-10	2.72E-01	2.66E-01
610	1.63E-15	2.85E-10	2.72E-01	2.66E-01
611	1.63E-15	2.85E-10	2.72E-01	2.66E-01
612	1.63E-15	2.85E-10	2.72E-01	2.66E-01
613	1.63E-15	2.85E-10	2.72E-01	2.66E-01
614	1.63E-15	2.85E-10	2.72E-01	2.66E-01
615	1.63E-15	2.85E-10	2.72E-01	2.66E-01
616	1.63E-15	2.85E-10	2.72E-01	2.66E-01
617	1.63E-15	2.85E-10	2.72E-01	2.66E-01
618	1.63E-15	2.85E-10	2.72E-01	2.66E-01
619	1.63E-15	2.85E-10	2.72E-01	2.66E-01
620	1.63E-15	2.85E-10	2.72E-01	2.55E-01
621	1.63E-15	2.85E-10	2.72E-01	2.55E-01
622	1.63E-15	2.85E-10	2.72E-01	2.55E-01
623	1.63E-15	2.85E-10	2.72E-01	2.55E-01
624	1.63E-15	2.85E-10	2.72E-01	2.55E-01
625	1.63E-15	2.85E-10	2.74E-01	2.55E-01
626	1.63E-15	2.85E-10	2.74E-01	2.55E-01
627	1.63E-15	2.85E-10	2.74E-01	2.55E-01
628	1.63E-15	2.85E-10	2.74E-01	2.55E-01
629	1.63E-15	2.84E-10	2.74E-01	2.55E-01
630	1.63E-15	2.84E-10	2.74E-01	2.55E-01
631	1.63E-15	2.84E-10	2.74E-01	2.55E-01
632	1.63E-15	2.84E-10	2.74E-01	2.55E-01
633	1.63E-15	2.84E-10	2.74E-01	2.55E-01
634	1.63E-15	2.84E-10	2.74E-01	2.55E-01
635	1.63E-15	2.84E-10	2.74E-01	2.55E-01
636	1.63E-15	2.84E-10	2.74E-01	2.55E-01
637	1.63E-15	2.84E-10	2.74E-01	2.55E-01
638	1.63E-15	2.84E-10	2.74E-01	2.55E-01
639	1.63E-15	2.84E-10	2.74E-01	2.55E-01
640	1.63E-15	2.84E-10	2.74E-01	2.55E-01
641	1.63E-15	2.84E-10	2.74E-01	2.55E-01
642	1.63E-15	2.84E-10	2.74E-01	2.55E-01
643	1.63E-15	2.84E-10	2.74E-01	2.55E-01
644	1.63E-15	2.84E-10	2.74E-01	2.55E-01
645	1.63E-15	2.84E-10	2.74E-01	2.55E-01
646	1.63E-15	2.84E-10	2.74E-01	2.55E-01
647	1.63E-15	2.84E-10	2.74E-01	2.55E-01
648	1.63E-15	2.84E-10	2.74E-01	2.55E-01
649	1.63E-15	2.84E-10	2.74E-01	2.55E-01
650	1.63E-15	2.84E-10	2.74E-01	2.55E-01
651	1.63E-15	2.84E-10	2.74E-01	2.55E-01
652	1.63E-15	2.84E-10	2.74E-01	2.55E-01
653	1.63E-15	2.84E-10	2.74E-01	2.55E-01
654	1.63E-15	2.84E-10	2.74E-01	2.66E-01
655	1.63E-15	2.84E-10	2.74E-01	2.66E-01
656	1.63E-15	2.84E-10	2.74E-01	2.66E-01
657	1.63E-15	2.84E-10	2.74E-01	2.66E-01
658	1.63E-15	2.84E-10	2.74E-01	2.66E-01
659	1.63E-15	2.84E-10	2.74E-01	2.66E-01
660	1.63E-15	2.84E-10	2.74E-01	2.66E-01
661	1.63E-15	2.84E-10	2.74E-01	2.66E-01
662	1.63E-15	2.84E-10	2.74E-01	2.66E-01
663	1.63E-15	2.84E-10	2.74E-01	2.66E-01
664	1.63E-15	2.84E-10	2.74E-01	2.66E-01
665	1.63E-15	2.84E-10	2.74E-01	2.66E-01
666	1.63E-15	2.84E-10	2.74E-01	2.66E-01
667	1.63E-15	2.84E-10	2.84E-01	2.66E-01
668	1.63E-15	2.84E-10	2.84E-01	2.66E-01
669	1.63E-15	2.84E-10	2.84E-01	2.66E-01
670	1.63E-15	2.84E-10	2.84E-01	2.66E-01
671	1.63E-15	2.84E-10	2.84E-01	2.66E-01
672	1.63E-15	2.84E-10	2.84E-01	2.66E-01
673	1.63E-15	2.84E-10	2.84E-01	2.66E-01
674	1.63E-15	2.84E-10	2.84E-01	2.66E-01
675	1.63E-15	2.84E-10	2.84E-01	2.66E-01
676	1.63E-15	2.84E-10	2.84E-01	2.66E-01
677	1.63E-15	2.84E-10	2.84E-01	2.66E-01
678	1.63E-15	2.84E-10	2.84E-01	2.66E-01
679	1.63E-15	2.84E-10	2.84E-01	2.66E-01
680	1.63E-15	2.84E-10	2.84E-01	2.66E-01
681	1.63E-15	2.84E-10	2.84E-01	2.66E-01
682	1.63E-15	2.84E-10	2.84E-01	2.66E-01
683	1.63E-15	2.84E-10	2.84E-01	2.66E-01
684	1.63E-15	2.84E-10	2.84E-01	2.66E-01
685	1.63E-15	2.84E-10	2.84E-01	2.66E-01
686	1.63E-15	2.84E-10	2.84E-01	2.66E-01
687	1.63E-15	2.84E-10	2.84E-01	2.66E-01
688	1.63E-15	2.84E-10	2.84E-01	2.66E-01
689	1.63E-15	2.50E-10	2.84E-01	2.66E-01
690	1.63E-15	8.45E-11	2.84E-01	2.66E-01
691	1.63E-15	8.45E-11	2.84E-01	2.66E-01
692	1.63E-15	8.45E-11	2.84E-01	2.66E-01
693	1.63E-15	8.45E-11	2.84E-01	2.66E-01
694	1.63E-15	8.45E-11	2.84E-01	2.66E-01
695	1.63E-15	8.45E-11	2.84E-01	2.66E-01
696	1.63E-15	8.45E-11	2.84E-01	2.66E-01
697	1.63E-15	8.45E-11	2.84E-01	2.66E-01
698	1.63E-15	8.45E-11	2.84E-01	2.66E-01
699	1.63E-15	8.45E-11	2.84E-01	2.66E-01
700	1.63E-15	8.45E-11	2.84E-01	2.66E-01
701	1.63E-15	8.45E-11	2.84E-01	2.66E-01
702	1.63E-15	8.45E-11	2.84E-01	2.66E-01
703	1.63E-15	8.45E-11	2.84E-01	2.66E-01
704	1.63E-15	8.45E-11	2.84E-01	2.66E-01
705	1.63E-15	6.03E-12	2.84E-01	2.66E-01
706	1.63E-15	6.03E-12	2.84E-01	2.66E-01
707	1.63E-15	4.53E-12	2.84E-01	2.66E-01
708	1.63E-15	4.53E-12	2.84E-01	2.66E-01
709	1.63E-15	4.53E-12	2.84E-01	2.66E-01
710	1.63E-15	4.53E-12	2.84E-01	2.66E-01
711	1.63E-15	4.53E-12	2.84E-01	2.66E-01
712	1.63E-15	4.53E-12	2.84E-01	2.66E-01
713	1.63E-15	4.53E-12	2.84E-01	2.66E-01
714	1.63E-15	4.53E-12	2.84E-01	2.66E-01
715	1.63E-15	4.53E-12	2.84E-01	2.66E-01
716	1.63E-15	4.53E-12	2.84E-01	2.66E-01
717	1.63E-15	4.53E-12	2.84E-01	2.66E-01
718	1.63E-15	4.53E-12	2.84E-01	2.66E-01
719	1.63E-15	4.53E-12	2.84E-01	2.66E-01
720	1.63E-15	4.53E-12	2.84E-01	2.66E-01
721	1.63E-15	4.52E-12	2.84E-01	2.66E-01
722	1.63E-15	4.52E-12	2.84E-01	2.66E-01
723	1.63E-15	4.52E-12	2.84E-01	2.66E-01
724	1.63E-15	4.52E-12	2.84E-01	2.66E-01
725	1.63E-15	4.52E-12	2.84E-01	2.66E-01
726	1.63E-15	4.53E-12	2.84E-01	2.66E-01
727	1.63E-15	4.52E-12	2.84E-01	2.66E-01
728	1.63E-15	4.52E-12	2.84E-01	2.66E-01
729	1.63E-15	4.52E-12	2.84E-01	2.66E-01
730	1.63E-15	4.52E-12	2.84E-01	2.66E-01
731	1.63E-15	4.52E-12	2.84E-01	2.66E-01
732	1.63E-15	4.49E-12	2.84E-01	2.66E-01
733	1.63E-15	4.49E-12	2.84E-01	2.66E-01
734	1.63E-15	4.49E-12	2.84E-01	2.66E-01
735	1.63E-15	4.49E-12	2.84E-01	2.66E-01
736	1.63E-15	4.49E-12	2.84E-01	2.66E-01
737	1.63E-15	4.49E-12	2.84E-01	2.66E-01
738	1.63E-15	4.49E-12	2.84E-01	2.66E-01
739	1.63E-15	4.49E-12	2.84E-01	2.66E-01
740	1.63E-15	4.49E-12	2.84E-01	2.66E-01
741	1.63E-15	4.49E-12	2.84E-01	2.66E-01
742	1.63E-15	4.49E-12	2.84E-01	2.66E-01
743	1.63E-15	4.49E-12	2.84E-01	2.66E-01
744	1.63E-15	4.49E-12	2.84E-01	2.66E-01
745	1.63E-15	4.49E-12	2.84E-01	2.66E-01
746	1.63E-15	4.49E-12	2.84E-01	2.66E-01
747	1.63E-15	4.49E-12	2.84E-01	2.66E-01
748	1.63E-15	4.49E-12	2.84E-01	2.66E-01
749	1.63E-15	4.49E-12	2.84E-01	2.66E-01
750	1.63E-15	4.49E-12	2.84E-01	2.66E-01
751	1.63E-15	4.49E-12	2.84E-01	2.66E-01
752	1.63E-15	4.49E-12	2.84E-01	2.66E-01
753	1.63E-15	4.49E-12	2.84E-01	2.66E-01
754	1.63E-15	4.49E-12	2.84E-01	2.66E-01
755	1.63E-15	4.49E-12	2.84E-01	2.66E-01
756	1.63E-15	4.49E-12	2.84E-01	2.66E-01
757	1.63E-15	4.49E-12	2.84E-01	2.66E-01
758	1.63E-15	5.51E-13	2.84E-01	2.66E-01
759	1.63E-15	5.51E-13	2.84E-01	2.66E-01
760	1.63E-15	5.51E-13	2.84E-01	2.66E-01
761	1.63E-15	5.51E-13	2.84E-01	2.66E-01
762	1.63E-15	5.51E-13	2.84E-01	2.66E-01
763	1.63E-15	5.51E-13	2.84E-01	2.66E-01
764	1.63E-15	5.51E-13	2.84E-01	2.66E-01
765	1.63E-15	5.51E-13	2.84E-01	2.66E-01
766	1.63E-15	5.51E-13	2.84E-01	2.66E-01
767	1.63E-15	5.51E-13	2.84E-01	2.66E-01
768	1.63E-15	5.51E-13	2.84E-01	2.66E-01
769	1.63E-15	5.51E-13	2.84E-01	2.66E-01
770	1.63E-15	5.51E-13	2.84E-01	2.61E-01
771	1.63E-15	5.51E-13	2.84E-01	2.61E-01
772	1.63E-15	5.51E-13	2.84E-01	2.61E-01
773	1.63E-15	5.51E-13	2.84E-01	2.61E-01
774	1.63E-15	5.51E-13	2.84E-01	2.61E-01
775	1.63E-15	5.51E-13	2.84E-01	2.61E-01
776	1.63E-15	5.51E-13	2.84E-01	2.61E-01
777	1.63E-15	5.51E-13	2.84E-01	2.61E-01
778	1.63E-15	5.51E-13	2.84E-01	2.61E-01
779	1.63E-15	5.51E-13	2.84E-01	2.61E-01
780	1.63E-15	5.51E-13	2.84E-01	2.61E-01
781	1.63E-15	5.51E-13	2.84E-01	2.61E-01
782	1.63E-15	5.51E-13	2.84E-01	2.61E-01
783	1.63E-15	5.51E-13	2.84E-01	2.61E-01
784	1.63E-15	5.51E-13	2.84E-01	2.61E-01
785	1.63E-15	5.51E-13	2.84E-01	2.61E-01
786	1.63E-15	5.51E-13	2.84E-01	2.61E-01
787	1.63E-15	5.51E-13	2.84E-01	2.61E-01
788	1.63E-15	5.51E-13	2.84E-01	2.61E-01
789	1.63E-15	5.51E-13	2.84E-01	2.61E-01
790	1.63E-15	5.51E-13	2.84E-01	2.61E-01
791	1.63E-15	5.51E-13	2.84E-01	2.61E-01
792	1.63E-15	5.51E-13	2.84E-01	2.61E-01
793	1.63E-15	5.51E-13	2.84E-01	2.61E-01
794	1.63E-15	5.51E-13	2.84E-01	2.61E-01
795	1.63E-15	5.51E-13	2.84E-01	2.61E-01
796	1.63E-15	5.51E-13	2.84E-01	2.61E-01
797	1.63E-15	5.51E-13	2.84E-01	2.61E-01
798	1.63E-15	5.51E-13	2.84E-01	2.61E-01
799	1.63E-15	5.51E-13	2.84E-01	2.61E-01
800	1.63E-15	5.51E-13	2.84E-01	2.61E-01
801	1.63E-15	5.51E-13	2.84E-01	2.61E-01
802	1.63E-15	5.51E-13	2.84E-01	2.61E-01
803	1.63E-15	5.51E-13	2.84E-01	2.61E-01
804	1.63E-15	5.51E-13	2.84E-01	2.61E-01
805	1.63E-15	5.51E-13	2.84E-01	2.61E-01
806	1.63E-15	5.51E-13	2.84E-01	2.61E-01
807	1.63E-15	5.51E-13	2.84E-01	2.61E-01
808	1.63E-15	5.51E-13	2.84E-01	2.61E-01
809	1.63E-15	5.51E-13	2.84E-01	2.61E-01
810	1.63E-15	5.51E-13	2.84E-01	2.61E-01
811	1.63E-15	5.51E-13	2.84E-01	2.61E-01
812	1.63E-15	5.51E-13	2.84E-01	2.61E-01
813	1.63E-15	5.51E-13	2.84E-01	2.61E-01
814	1.63E-15	5.51E-13	2.84E-01	2.61E-01
815	1.63E-15	1.16E-13	2.84E-01	2.61E-01
816	1.63E-15	1.16E-13	2.84E-01	2.61E-01
817	1.63E-15	1.16E-13	2.84E-01	2.61E-01
818	1.63E-15	1.16E-13	2.84E-01	2.61E-01
819	1.63E-15	1.16E-13	2.84E-01	2.61E-01
820	1.63E-15	1.16E-13	2.84E-01	2.61E-01
821	1.63E-15	1.16E-13	2.84E-01	2.61E-01
822	1.63E-15	1.16E-13	2.84E-01	2.61E-01
823	1.63E-15	1.16E-13	2.84E-01	2.61E-01
824	1.63E-15	1.16E-13	2.84E-01	2.61E-01
825	1.63E-15	1.16E-13	2.84E-01	2.61E-01
826	1.63E-15	1.16E-13	2.84E-01	2.61E-01
827	1.63E-15	1.16E-13	2.84E-01	2.61E-01
828	1.63E-15	1.16E-13	2.84E-01	2.61E-01
829	1.63E-15	1.16E-13	2.84E-01	2.61E-01
830	1.63E-15	1.16E-13	2.84E-01	2.61E-01
831	1.63E-15	1.16E-13	2.84E-01	2.61E-01
832	1.63E-15	1.16E-13	2.84E-01	2.61E-01
833	1.63E-15	1.16E-13	2.84E-01	2.61E-01
834	1.63E-15	1.16E-13	2.84E-01	2.61E-01
835	1.63E-15	1.16E-13	2.84E-01	2.61E-01
836	1.63E-15	1.16E-13	2.84E-01	2.61E-01
837	1.63E-15	1.16E-13	2.84E-01	2.61E-01
838	1.63E-15	1.16E-13	2.84E-01	2.61E-01
839	1.63E-15	1.16E-13	2.84E-01	2.61E-01
840	1.63E-15	1.16E-13	2.84E-01	2.61E-01
841	1.63E-15	1.16E-13	2.84E-01	2.61E-01
842	1.63E-15	1.16E-13	2.84E-01	2.61E-01
843	1.63E-15	1.16E-13	2.84E-01	2.61E-01
844	1.63E-15	1.16E-13	2.84E-01	2.61E-01
845	1.63E-15	6.95E-15	2.84E-01	2.61E-01
846	1.63E-15	6.95E-15	2.84E-01	2.61E-01
847	1.63E-15	6.95E-15	2.84E-01	2.61E-01
848	1.63E-15	6.95E-15	2.84E-01	2.61E-01
849	1.63E-15	6.95E-15	2.84E-01	2.61E-01
850	1.63E-15	6.95E-15	2.84E-01	2.61E-01
851	1.63E-15	6.95E-15	2.84E-01	2.61E-01
852	1.63E-15	6.95E-15	2.84E-01	2.61E-01
853	1.63E-15	6.95E-15	2.84E-01	2.61E-01
854	1.63E-15	6.95E-15	2.84E-01	2.61E-01
855	1.63E-15	6.95E-15	2.84E-01	2.61E-01
856	1.63E-15	6.95E-15	2.84E-01	2.61E-01
857	1.63E-15	6.95E-15	2.84E-01	2.61E-01
858	1.63E-15	6.95E-15	2.84E-01	2.61E-01
859	1.63E-15	6.95E-15	2.84E-01	2.61E-01
860	1.63E-15	6.95E-15	2.84E-01	2.61E-01
861	1.63E-15	6.95E-15	2.84E-01	2.61E-01
862	1.63E-15	6.95E-15	2.84E-01	2.61E-01
863	1.63E-15	6.95E-15	2.84E-01	2.61E-01
864	1.63E-15	6.95E-15	2.84E-01	2.61E-01
865	1.63E-15	6.95E-15	2.84E-01	2.61E-01
866	1.63E-15	6.95E-15	2.84E-01	2.61E-01
867	1.63E-15	6.95E-15	2.84E-01	2.61E-01
868	1.63E-15	6.95E-15	2.84E-01	2.61E-01
869	1.63E-15	6.95E-15	2.84E-01	2.61E-01
870	1.63E-15	6.95E-15	2.84E-01	2.61E-01
871	1.63E-15	6.95E-15	2.84E-01	2.61E-01
872	1.63E-15	6.95E-15	2.84E-01	2.61E-01
873	1.63E-15	6.95E-15	2.84E-01	2.61E-01
874	1.63E-15	6.95E-15	2.84E-01	2.61E-01
875	1.63E-15	6.95E-15	2.84E-01	2.61E-01
876	1.63E-15	6.95E-15	2.84E-01	2.61E-01
877	1.63E-15	6.95E-15	2.84E-01	2.61E-01
878	1.63E-15	6.95E-15	2.84E-01	2.61E-01
879	1.63E-15	6.95E-15	2.84E-01	2.61E-01
880	1.63E-15	6.95E-15	2.84E-01	2.61E-01
881	1.63E-15	4.06E-15	2.84E-01	2.61E-01
882	1.63E-15	4.06E-15	2.84E-01	2.61E-01
883	1.63E-15	4.06E-15	2.84E-01	2.61E-01
884	1.63E-15	4.06E-15	2.84E-01	2.61E-01
885	1.62E-15	4.06E-15	2.84E-01	2.61E-01
886	1.62E-15	4.06E-15	2.84E-01	2.61E-01
887	1.62E-15	4.06E-15	2.84E-01	2.61E-01
888	1.62E-15	4.06E-15	2.84E-01	2.61E-01
889	1.62E-15	4.06E-15	2.84E-01	2.61E-01
890	1.62E-15	4.06E-15	2.84E-01	2.61E-01
891	1.62E-15	4.06E-15	2.84E-01	2.61E-01
892	1.62E-15	4.06E-15	2.84E-01	2.61E-01
893	1.62E-15	4.06E-15	2.84E-01	2.61E-01
894	1.62E-15	4.06E-15	2.84E-01	2.61E-01
895	1.62E-15	4.06E-15	2.84E-01	2.61E-01
896	1.62E-15	4.06E-15	2.84E-01	2.61E-01
897	1.62E-15	3.39E-15	2.84E-01	2.61E-01
898	1.62E-15	3.39E-15	2.84E-01	2.61E-01
899	1.62E-15	3.39E-15	2.84E-01	2.61E-01
900	1.62E-15	3.39E-15	2.84E-01	2.61E-01
901	1.62E-15	3.39E-15	2.84E-01	2.61E-01
902	1.62E-15	3.39E-15	2.84E-01	2.61E-01
903	1.62E-15	3.39E-15	2.84E-01	2.61E-01
904	1.62E-15	3.39E-15	2.84E-01	2.61E-01
905	1.62E-15	3.39E-15	2.84E-01	2.61E-01
906	1.62E-15	3.39E-15	2.84E-01	2.61E-01
907	1.62E-15	3.39E-15	2.84E-01	2.61E-01
908	1.62E-15	3.39E-15	2.84E-01	2.61E-01
909	1.62E-15	3.39E-15	2.84E-01	2.61E-01
910	1.62E-15	3.39E-15	2.84E-01	2.61E-01
911	1.62E-15	3.39E-15	2.84E-01	2.61E-01
912	1.62E-15	3.39E-15	2.84E-01	2.61E-01
913	1.62E-15	3.39E-15	2.84E-01	2.61E-01
914	1.62E-15	3.39E-15	2.84E-01	2.61E-01
915	1.62E-15	3.39E-15	2.84E-01	2.61E-01
916	1.62E-15	3.39E-15	2.84E-01	2.61E-01
917	1.62E-15	3.39E-15	2.84E-01	2.61E-01
918	1.62E-15	3.39E-15	2.84E-01	2.61E-01
919	1.62E-15	3.39E-15	2.84E-01	2.61E-01
920	1.62E-15	3.39E-15	2.84E-01	2.61E-01
921	1.62E-15	3.39E-15	2.84E-01	2.61E-01
922	1.62E-15	3.39E-15	2.84E-01	2.61E-01
923	1.62E-15	3.39E-15	2.84E-01	2.61E-01
924	1.62E-15	3.39E-15	2.84E-01	2.61E-01
925	1.62E-15	3.39E-15	2.84E-01	2.61E-01
926	1.62E-15	3.39E-15	2.84E-01	2.61E-01
927	1.62E-15	3.39E-15	2.84E-01	2.61E-01
928	1.62E-15	3.39E-15	2.84E-01	2.61E-01
929	1.62E-15	3.39E-15	2.84E-01	2.61E-01
930	1.62E-15	3.39E-15	2.84E-01	2.61E-01
931	1.62E-15	3.39E-15	2.84E-01	2.61E-01
932	1.62E-15	3.39E-15	2.84E-01	2.61E-01
933	1.62E-15	3.39E-15	2.84E-01	2.61E-01
934	1.62E-15	3.39E-15	2.84E-01	2.61E-01
935	1.62E-15	3.39E-15	2.84E-01	2.61E-01
936	1.62E-15	3.39E-15	2.84E-01	2.61E-01
937	1.62E-15	3.39E-15	2.84E-01	2.61E-01
938	1.62E-15	3.39E-15	2.84E-01	2.61E-01
939	1.62E-15	3.39E-15	2.84E-01	2.61E-01
940	1.62E-15	3.39E-15	2.84E-01	2.61E-01
941	1.62E-15	3.39E-15	2.84E-01	2.61E-01
942	1.62E-15	3.39E-15	2.84E-01	2.61E-01
943	1.62E-15	3.39E-15	2.84E-01	2.61E-01
944	1.62E-15	3.39E-15	2.84E-01	2.61E-01
945	1.62E-15	3.39E-15	2.84E-01	2.61E-01
946	1.62E-15	3.39E-15	2.84E-01	2.61E-01
947	1.62E-15	3.39E-15	2.84E-01	2.61E-01
948	1.62E-15	3.39E-15	2.84E-01	2.61E-01
949	1.62E-15	3.39E-15	2.84E-01	2.61E-01
950	1.62E-15	3.39E-15	2.84E-01	2.61E-01
951	1.62E-15	3.39E-15	2.84E-01	2.61E-01
952	1.62E-15	3.39E-15	2.84E-01	2.61E-01
953	1.62E-15	3.39E-15	2.84E-01	2.61E-01
954	1.62E-15	3.39E-15	2.84E-01	2.61E-01
955	1.62E-15	3.39E-15	2.84E-01	2.61E-01
956	1.62E-15	3.39E-15	2.84E-01	2.61E-01
957	1.62E-15	3.39E-15	2.84E-01	2.61E-01
958	1.62E-15	3.39E-15	2.84E-01	2.61E-01
959	1.62E-15	3.39E-15	2.84E-01	2.61E-01
960	1.62E-15	3.39E-15	2.84E-01	2.61E-01
961	1.62E-15	3.39E-15	2.84E-01	2.61E-01
962	1.62E-15	2.28E-15	2.84E-01	2.61E-01
963	1.62E-15	2.28E-15	2.84E-01	2.61E-01
964	1.62E-15	2.28E-15	2.84E-01	2.61E-01
965	1.62E-15	2.28E-15	2.84E-01	2.61E-01
966	1.62E-15	2.28E-15	2.84E-01	2.61E-01
967	1.62E-15	2.28E-15	2.84E-01	2.61E-01
968	1.62E-15	1.84E-15	2.84E-01	2.61E-01
969	1.62E-15	1.84E-15	2.84E-01	2.61E-01
970	1.62E-15	1.84E-15	2.84E-01	2.62E-01
971	1.62E-15	1.84E-15	2.84E-01	2.62E-01
972	1.62E-15	1.84E-15	2.84E-01	2.62E-01
973	1.62E-15	1.84E-15	2.84E-01	2.62E-01
974	1.62E-15	1.84E-15	2.84E-01	2.62E-01
975	1.62E-15	1.84E-15	2.84E-01	2.62E-01
976	1.62E-15	1.84E-15	2.84E-01	2.62E-01
977	1.62E-15	1.84E-15	2.84E-01	2.62E-01
978	1.62E-15	1.84E-15	2.84E-01	2.62E-01
979	1.62E-15	1.84E-15	2.84E-01	2.62E-01
980	1.62E-15	1.84E-15	2.84E-01	2.62E-01
981	1.62E-15	1.84E-15	2.84E-01	2.62E-01
982	1.62E-15	1.84E-15	2.84E-01	2.62E-01
983	1.62E-15	1.84E-15	2.84E-01	2.62E-01
984	1.62E-15	1.84E-15	2.84E-01	2.62E-01
985	1.62E-15	1.84E-15	2.84E-01	2.62E-01
986	1.62E-15	1.84E-15	2.84E-01	2.62E-01
987	1.62E-15	1.84E-15	2.84E-01	2.62E-01
988	1.62E-15	1.84E-15	2.84E-01	2.62E-01
989	1.62E-15	1.84E-15	2.84E-01	2.62E-01
990	1.62E-15	1.84E-15	2.84E-01	2.62E-01
991	1.62E-15	1.84E-15	2.84E-01	2.62E-01
992	1.62E-15	1.84E-15	2.84E-01	2.62E-01
993	1.62E-15	1.84E-15	2.84E-01	2.62E-01
994	1.62E-15	1.84E-15	2.84E-01	2.62E-01
995	1.62E-15	1.84E-15	2.84E-01	2.62E-01
996	1.62E-15	1.84E-15	2.84E-01	2.62E-01
997	1.62E-15	1.84E-15	2.84E-01	2.62E-01
998	1.62E-15	1.84E-15	2.84E-01	2.62E-01
999	1.62E-15	1.84E-15	2.84E-01	2.62E-01
1000	1E-20	1E-20	1E-20	2.62E-01
1001	1E-20	1E-20	1E-20	2.62E-01
1002	1E-20	1E-20	1E-20	2.62E-01
1003	1E-20	1E-20	1E-20	2.62E-01
1004	1E-20	1E-20	1E-20	2.62E-01
1005	1E-20	1E-20	1E-20	2.62E-01
1006	1E-20	1E-20	1E-20	2.62E-01
1007	1E-20	1E-20	1E-20	2.62E-01
1008	1E-20	1E-20	1E-20	2.62E-01
1009	1E-20	1E-20	1E-20	2.62E-01
1010	1E-20	1E-20	1E-20	2.62E-01
1011	1E-20	1E-20	1E-20	2.62E-01
1012	1E-20	1E-20	1E-20	2.62E-01
1013	1E-20	1E-20	1E-20	2.62E-01
1014	1E-20	1E-20	1E-20	2.62E-01
1015	1E-20	1E-20	1E-20	2.62E-01
1016	1E-20	1E-20	1E-20	2.62E-01
1017	1E-20	1E-20	1E-20	2.62E-01
1018	1E-20	1E-20	1E-20	2.62E-01
1019	1E-20	1E-20	1E-20	2.62E-01
1020	1E-20	1E-20	1E-20	2.62E-01
1021	1E-20	1E-20	1E-20	2.62E-01
1022	1E-20	1E-20	1E-20	2.62E-01
1023	1E-20	1E-20	1E-20	2.62E-01
1024	1E-20	1E-20	1E-20	2.62E-01
1025	1E-20	1E-20	1E-20	2.62E-01
1026	1E-20	1E-20	1E-20	2.62E-01
1027	1E-20	1E-20	1E-20	2.62E-01
1028	1E-20	1E-20	1E-20	2.62E-01
1029	1E-20	1E-20	1E-20	2.62E-01
1030	1E-20	1E-20	1E-20	2.62E-01
1031	1E-20	1E-20	1E-20	2.62E-01
1032	1E-20	1E-20	1E-20	2.62E-01
1033	1E-20	1E-20	1E-20	2.62E-01
1034	1E-20	1E-20	1E-20	2.62E-01
1035	1E-20	1E-20	1E-20	2.62E-01
1036	1E-20	1E-20	1E-20	2.62E-01
1037	1E-20	1E-20	1E-20	2.62E-01
1038	1E-20	1E-20	1E-20	2.62E-01
1039	1E-20	1E-20	1E-20	2.62E-01
1040	1E-20	1E-20	1E-20	2.62E-01
1041	1E-20	1E-20	1E-20	2.62E-01
1042	1E-20	1E-20	1E-20	2.62E-01
1043	1E-20	1E-20	1E-20	2.62E-01
1044	1E-20	1E-20	1E-20	2.62E-01
1045	1E-20	1E-20	1E-20	2.62E-01
1046	1E-20	1E-20	1E-20	2.62E-01
1047	1E-20	1E-20	1E-20	2.62E-01
1048	1E-20	1E-20	1E-20	2.62E-01
1049	1E-20	1E-20	1E-20	2.62E-01
1050	1E-20	1E-20	1E-20	2.62E-01
1051	1E-20	1E-20	1E-20	2.62E-01
1052	1E-20	1E-20	1E-20	2.62E-01
1053	1E-20	1E-20	1E-20	2.62E-01
1054	1E-20	1E-20	1E-20	2.62E-01
1055	1E-20	1E-20	1E-20	2.62E-01
1056	1E-20	1E-20	1E-20	2.62E-01
1057	1E-20	1E-20	1E-20	2.62E-01
1058	1E-20	1E-20	1E-20	2.62E-01
1059	1E-20	1E-20	1E-20	2.62E-01
1060	1E-20	1E-20	1E-20	2.62E-01
1061	1E-20	1E-20	1E-20	2.62E-01
1062	1E-20	1E-20	1E-20	2.62E-01
1063	1E-20	1E-20	1E-20	2.62E-01
1064	1E-20	1E-20	1E-20	2.62E-01
1065	1E-20	1E-20	1E-20	2.62E-01
1066	1E-20	1E-20	1E-20	2.62E-01
1067	1E-20	1E-20	1E-20	2.62E-01
1068	1E-20	1E-20	1E-20	2.62E-01
1069	1E-20	1E-20	1E-20	2.62E-01
1070	1E-20	1E-20	1E-20	2.62E-01
1071	1E-20	1E-20	1E-20	2.62E-01
1072	1E-20	1E-20	1E-20	2.62E-01
1073	1E-20	1E-20	1E-20	2.62E-01
1074	1E-20	1E-20	1E-20	2.62E-01
1075	1E-20	1E-20	1E-20	2.62E-01
1076	1E-20	1E-20	1E-20	2.62E-01
1077	1E-20	1E-20	1E-20	2.62E-01
1078	1E-20	1E-20	1E-20	2.62E-01
1079	1E-20	1E-20	1E-20	2.62E-01
1080	1E-20	1E-20	1E-20	2.62E-01
1081	1E-20	1E-20	1E-20	2.62E-01
1082	1E-20	1E-20	1E-20	2.62E-01
1083	1E-20	1E-20	1E-20	2.62E-01
1084	1E-20	1E-20	1E-20	2.62E-01
1085	1E-20	1E-20	1E-20	2.62E-01
1086	1E-20	1E-20	1E-20	2.62E-01
1087	1E-20	1E-20	1E-20	2.62E-01
1088	1E-20	1E-20	1E-20	2.62E-01
1089	1E-20	1E-20	1E-20	2.62E-01
1090	1E-20	1E-20	1E-20	2.62E-01
1091	1E-20	1E-20	1E-20	2.62E-01
1092	1E-20	1E-20	1E-20	2.62E-01
1093	1E-20	1E-20	1E-20	2.62E-01
1094	1E-20	1E-20	1E-20	2.62E-01
1095	1E-20	1E-20	1E-20	2.62E-01
1096	1E-20	1E-20	1E-20	2.62E-01
1097	1E-20	1E-20	1E-20	2.62E-01
1098	1E-20	1E-20	1E-20	2.62E-01
1099	1E-20	1E-20	1E-20	2.62E-01
1100	1E-20	1E-20	1E-20	2.62E-01
1101	1E-20	1E-20	1E-20	2.62E-01
1102	1E-20	1E-20	1E-20	2.62E-01
1103	1E-20	1E-20	1E-20	2.62E-01
1104	1E-20	1E-20	1E-20	2.62E-01
1105	1E-20	1E-20	1E-20	2.62E-01
1106	1E-20	1E-20	1E-20	2.62E-01
1107	1E-20	1E-20	1E-20	2.62E-01
1108	1E-20	1E-20	1E-20	2.62E-01
1109	1E-20	1E-20	1E-20	2.62E-01
1110	1E-20	1E-20	1E-20	2.62E-01
1111	1E-20	1E-20	1E-20	2.62E-01
1112	1E-20	1E-20	1E-20	2.62E-01
1113	1E-20	1E-20	1E-20	2.62E-01
1114	1E-20	1E-20	1E-20	2.62E-01
1115	1E-20	1E-20	1E-20	2.62E-01
1116	1E-20	1E-20	1E-20	2.62E-01
1117	1E-20	1E-20	1E-20	2.62E-01
1118	1E-20	1E-20	1E-20	2.62E-01
1119	1E-20	1E-20	1E-20	2.62E-01
1120	1E-20	1E-20	1E-20	2.62E-01
1121	1E-20	1E-20	1E-20	2.62E-01
1122	1E-20	1E-20	1E-20	2.62E-01
1123	1E-20	1E-20	1E-20	2.62E-01
1124	1E-20	1E-20	1E-20	2.62E-01
1125	1E-20	1E-20	1E-20	2.62E-01
1126	1E-20	1E-20	1E-20	2.62E-01
1127	1E-20	1E-20	1E-20	2.62E-01
1128	1E-20	1E-20	1E-20	2.62E-01
1129	1E-20	1E-20	1E-20	2.62E-01
1130	1E-20	1E-20	1E-20	2.62E-01
1131	1E-20	1E-20	1E-20	2.62E-01
1132	1E-20	1E-20	1E-20	2.62E-01
1133	1E-20	1E-20	1E-20	2.62E-01
1134	1E-20	1E-20	1E-20	2.62E-01
1135	1E-20	1E-20	1E-20	2.62E-01
1136	1E-20	1E-20	1E-20	2.62E-01
1137	1E-20	1E-20	1E-20	2.62E-01
1138	1E-20	1E-20	1E-20	2.62E-01
1139	1E-20	1E-20	1E-20	2.62E-01
1140	1E-20	1E-20	1E-20	2.62E-01
1141	1E-20	1E-20	1E-20	2.62E-01
1142	1E-20	1E-20	1E-20	2.62E-01
1143	1E-20	1E-20	1E-20	2.62E-01
1144	1E-20	1E-20	1E-20	2.62E-01
1145	1E-20	1E-20	1E-20	2.62E-01
1146	1E-20	1E-20	1E-20	2.62E-01
1147	1E-20	1E-20	1E-20	2.62E-01
1148	1E-20	1E-20	1E-20	2.62E-01
1149	1E-20	1E-20	1E-20	2.62E-01
1150	1E-20	1E-20	1E-20	2.62E-01
1151	1E-20	1E-20	1E-20	2.62E-01
1152	1E-20	1E-20	1E-20	2.62E-01
1153	1E-20	1E-20	1E-20	2.62E-01
1154	1E-20	1E-20	1E-20	2.62E-01
1155	1E-20	1E-20	1E-20	2.62E-01
1156	1E-20	1E-20	1E-20	2.62E-01
1157	1E-20	1E-20	1E-20	2.62E-01
1158	1E-20	1E-20	1E-20	2.62E-01
1159	1E-20	1E-20	1E-20	2.62E-01
1160	1E-20	1E-20	1E-20	2.62E-01
1161	1E-20	1E-20	1E-20	2.62E-01
1162	1E-20	1E-20	1E-20	2.62E-01
1163	1E-20	1E-20	1E-20	2.62E-01
1164	1E-20	1E-20	1E-20	2.62E-01
1165	1E-20	1E-20	1E-20	2.62E-01
1166	1E-20	1E-20	1E-20	2.62E-01
1167	1E-20	1E-20	1E-20	2.62E-01
1168	1E-20	1E-20	1E-20	2.62E-01
1169	1E-20	1E-20	1E-20	2.62E-01
1170	1E-20	1E-20	1E-20	2.62E-01
1171	1E-20	1E-20	1E-20	2.62E-01
1172	1E-20	1E-20	1E-20	2.62E-01
1173	1E-20	1E-20	1E-20	2.62E-01
1174	1E-20	1E-20	1E-20	2.61E-01
1175	1E-20	1E-20	1E-20	2.61E-01
1176	1E-20	1E-20	1E-20	2.61E-01
1177	1E-20	1E-20	1E-20	2.61E-01
1178	1E-20	1E-20	1E-20	2.61E-01
1179	1E-20	1E-20	1E-20	2.61E-01
1180	1E-20	1E-20	1E-20	2.61E-01
1181	1E-20	1E-20	1E-20	2.61E-01
1182	1E-20	1E-20	1E-20	2.61E-01
1183	1E-20	1E-20	1E-20	2.61E-01
1184	1E-20	1E-20	1E-20	2.61E-01
1185	1E-20	1E-20	1E-20	2.61E-01
1186	1E-20	1E-20	1E-20	2.61E-01
1187	1E-20	1E-20	1E-20	2.61E-01
1188	1E-20	1E-20	1E-20	2.61E-01
1189	1E-20	1E-20	1E-20	2.61E-01
1190	1E-20	1E-20	1E-20	2.61E-01
1191	1E-20	1E-20	1E-20	2.61E-01
1192	1E-20	1E-20	1E-20	2.61E-01
1193	1E-20	1E-20	1E-20	2.61E-01
1194	1E-20	1E-20	1E-20	2.61E-01
1195	1E-20	1E-20	1E-20	2.61E-01
1196	1E-20	1E-20	1E-20	2.61E-01
1197	1E-20	1E-20	1E-20	2.61E-01
1198	1E-20	1E-20	1E-20	2.61E-01
1199	1E-20	1E-20	1E-20	2.61E-01
1200	1E-20	1E-20	1E-20	2.61E-01
1201	1E-20	1E-20	1E-20	2.61E-01
1202	1E-20	1E-20	1E-20	2.61E-01
1203	1E-20	1E-20	1E-20	2.61E-01
1204	1E-20	1E-20	1E-20	2.61E-01
1205	1E-20	1E-20	1E-20	2.61E-01
1206	1E-20	1E-20	1E-20	2.61E-01
1207	1E-20	1E-20	1E-20	2.61E-01
1208	1E-20	1E-20	1E-20	2.61E-01
1209	1E-20	1E-20	1E-20	2.61E-01
1210	1E-20	1E-20	1E-20	2.61E-01
1211	1E-20	1E-20	1E-20	2.61E-01
1212	1E-20	1E-20	1E-20	2.61E-01
1213	1E-20	1E-20	1E-20	2.61E-01
1214	1E-20	1E-20	1E-20	2.61E-01
1215	1E-20	1E-20	1E-20	2.61E-01
1216	1E-20	1E-20	1E-20	2.61E-01
1217	1E-20	1E-20	1E-20	2.61E-01
1218	1E-20	1E-20	1E-20	2.61E-01
1219	1E-20	1E-20	1E-20	2.61E-01
1220	1E-20	1E-20	1E-20	2.61E-01
1221	1E-20	1E-20	1E-20	2.61E-01
1222	1E-20	1E-20	1E-20	2.61E-01
1223	1E-20	1E-20	1E-20	2.61E-01
1224	1E-20	1E-20	1E-20	2.61E-01
1225	1E-20	1E-20	1E-20	2.61E-01
1226	1E-20	1E-20	1E-20	2.61E-01
1227	1E-20	1E-20	1E-20	2.61E-01
1228	1E-20	1E-20	1E-20	2.61E-01
1229	1E-20	1E-20	1E-20	2.61E-01
1230	1E-20	1E-20	1E-20	2.61E-01
1231	1E-20	1E-20	1E-20	2.61E-01
1232	1E-20	1E-20	1E-20	2.61E-01
1233	1E-20	1E-20	1E-20	2.61E-01
1234	1E-20	1E-20	1E-20	2.61E-01
1235	1E-20	1E-20	1E-20	2.61E-01
1236	1E-20	1E-20	1E-20	2.61E-01
1237	1E-20	1E-20	1E-20	2.61E-01
1238	1E-20	1E-20	1E-20	2.61E-01
1239	1E-20	1E-20	1E-20	2.61E-01
1240	1E-20	1E-20	1E-20	2.61E-01
1241	1E-20	1E-20	1E-20	2.61E-01
1242	1E-20	1E-20	1E-20	2.61E-01
1243	1E-20	1E-20	1E-20	2.61E-01
1244	1E-20	1E-20	1E-20	2.61E-01
1245	1E-20	1E-20	1E-20	2.61E-01
1246	1E-20	1E-20	1E-20	2.61E-01
1247	1E-20	1E-20	1E-20	2.61E-01
1248	1E-20	1E-20	1E-20	2.61E-01
1249	1E-20	1E-20	1E-20	2.61E-01
1250	1E-20	1E-20	1E-20	2.61E-01
1251	1E-20	1E-20	1E-20	2.61E-01
1252	1E-20	1E-20	1E-20	2.61E-01
1253	1E-20	1E-20	1E-20	2.61E-01
1254	1E-20	1E-20	1E-20	2.61E-01
1255	1E-20	1E-20	1E-20	2.61E-01
1256	1E-20	1E-20	1E-20	2.61E-01
1257	1E-20	1E-20	1E-20	2.61E-01
1258	1E-20	1E-20	1E-20	2.61E-01
1259	1E-20	1E-20	1E-20	2.61E-01
1260	1E-20	1E-20	1E-20	2.61E-01
1261	1E-20	1E-20	1E-20	2.61E-01
1262	1E-20	1E-20	1E-20	2.61E-01
1263	1E-20	1E-20	1E-20	2.61E-01
1264	1E-20	1E-20	1E-20	2.61E-01
1265	1E-20	1E-20	1E-20	2.61E-01
1266	1E-20	1E-20	1E-20	2.61E-01
1267	1E-20	1E-20	1E-20	2.61E-01
1268	1E-20	1E-20	1E-20	2.61E-01
1269	1E-20	1E-20	1E-20	2.61E-01
1270	1E-20	1E-20	1E-20	2.61E-01
1271	1E-20	1E-20	1E-20	2.61E-01
1272	1E-20	1E-20	1E-20	2.61E-01
1273	1E-20	1E-20	1E-20	2.61E-01
1274	1E-20	1E-20	1E-20	2.61E-01
1275	1E-20	1E-20	1E-20	2.61E-01
1276	1E-20	1E-20	1E-20	2.61E-01
1277	1E-20	1E-20	1E-20	2.61E-01
1278	1E-20	1E-20	1E-20	2.61E-01
1279	1E-20	1E-20	1E-20	2.61E-01
1280	1E-20	1E-20	1E-20	2.61E-01
1281	1E-20	1E-20	1E-20	2.61E-01
1282	1E-20	1E-20	1E-20	2.61E-01
1283	1E-20	1E-20	1E-20	2.61E-01
1284	1E-20	1E-20	1E-20	2.61E-01
1285	1E-20	1E-20	1E-20	2.61E-01
1286	1E-20	1E-20	1E-20	2.61E-01
1287	1E-20	1E-20	1E-20	2.61E-01
1288	1E-20	1E-20	1E-20	2.61E-01
1289	1E-20	1E-20	1E-20	2.61E-01
1290	1E-20	1E-20	1E-20	2.61E-01
1291	1E-20	1E-20	1E-20	2.61E-01
1292	1E-20	1E-20	1E-20	2.61E-01
1293	1E-20	1E-20	1E-20	2.61E-01
1294	1E-20	1E-20	1E-20	2.61E-01
1295	1E-20	1E-20	1E-20	2.61E-01
1296	1E-20	1E-20	1E-20	2.61E-01
1297	1E-20	1E-20	1E-20	2.61E-01
1298	1E-20	1E-20	1E-20	2.61E-01
1299	1E-20	1E-20	1E-20	2.61E-01
1300	1E-20	1E-20	1E-20	2.61E-01
1301	1E-20	1E-20	1E-20	2.61E-01
1302	1E-20	1E-20	1E-20	2.61E-01
1303	1E-20	1E-20	1E-20	2.61E-01
1304	1E-20	1E-20	1E-20	2.61E-01
1305	1E-20	1E-20	1E-20	2.61E-01
1306	1E-20	1E-20	1E-20	2.61E-01
1307	1E-20	1E-20	1E-20	2.61E-01
1308	1E-20	1E-20	1E-20	2.61E-01
1309	1E-20	1E-20	1E-20	2.61E-01
1310	1E-20	1E-20	1E-20	2.61E-01
1311	1E-20	1E-20	1E-20	2.61E-01
1312	1E-20	1E-20	1E-20	2.61E-01
1313	1E-20	1E-20	1E-20	2.61E-01
1314	1E-20	1E-20	1E-20	2.61E-01
1315	1E-20	1E-20	1E-20	2.61E-01
1316	1E-20	1E-20	1E-20	2.61E-01
1317	1E-20	1E-20	1E-20	2.61E-01
1318	1E-20	1E-20	1E-20	2.61E-01
1319	1E-20	1E-20	1E-20	2.61E-01
1320	1E-20	1E-20	1E-20	2.61E-01
1321	1E-20	1E-20	1E-20	2.61E-01
1322	1E-20	1E-20	1E-20	2.61E-01
1323	1E-20	1E-20	1E-20	2.61E-01
1324	1E-20	1E-20	1E-20	2.61E-01
1325	1E-20	1E-20	1E-20	2.61E-01
1326	1E-20	1E-20	1E-20	2.61E-01
1327	1E-20	1E-20	1E-20	2.61E-01
1328	1E-20	1E-20	1E-20	2.61E-01
1329	1E-20	1E-20	1E-20	2.62E-01
1330	1E-20	1E-20	1E-20	2.62E-01
1331	1E-20	1E-20	1E-20	2.62E-01
1332	1E-20	1E-20	1E-20	2.62E-01
1333	1E-20	1E-20	1E-20	2.62E-01
1334	1E-20	1E-20	1E-20	2.62E-01
1335	1E-20	1E-20	1E-20	2.62E-01
1336	1E-20	1E-20	1E-20	2.62E-01
1337	1E-20	1E-20	1E-20	2.62E-01
1338	1E-20	1E-20	1E-20	2.62E-01
1339	1E-20	1E-20	1E-20	2.62E-01
1340	1E-20	1E-20	1E-20	2.62E-01
1341	1E-20	1E-20	1E-20	2.62E-01
1342	1E-20	1E-20	1E-20	2.62E-01
1343	1E-20	1E-20	1E-20	2.62E-01
1344	1E-20	1E-20	1E-20	2.62E-01
1345	1E-20	1E-20	1E-20	2.62E-01
1346	1E-20	1E-20	1E-20	2.62E-01
1347	1E-20	1E-20	1E-20	2.62E-01
1348	1E-20	1E-20	1E-20	2.62E-01
1349	1E-20	1E-20	1E-20	2.62E-01
1350	1E-20	1E-20	1E-20	2.62E-01
1351	1E-20	1E-20	1E-20	2.62E-01
1352	1E-20	1E-20	1E-20	2.62E-01
1353	1E-20	1E-20	1E-20	2.62E-01
1354	1E-20	1E-20	1E-20	2.62E-01
1355	1E-20	1E-20	1E-20	2.62E-01
1356	1E-20	1E-20	1E-20	2.62E-01
1357	1E-20	1E-20	1E-20	2.62E-01
1358	1E-20	1E-20	1E-20	2.62E-01
1359	1E-20	1E-20	1E-20	2.62E-01
1360	1E-20	1E-20	1E-20	2.62E-01
1361	1E-20	1E-20	1E-20	2.62E-01
1362	1E-20	1E-20	1E-20	2.62E-01
1363	1E-20	1E-20	1E-20	2.62E-01
1364	1E-20	1E-20	1E-20	2.62E-01
1365	1E-20	1E-20	1E-20	2.62E-01
1366	1E-20	1E-20	1E-20	2.62E-01
1367	1E-20	1E-20	1E-20	2.62E-01
1368	1E-20	1E-20	1E-20	2.62E-01
1369	1E-20	1E-20	1E-20	2.62E-01
1370	1E-20	1E-20	1E-20	2.62E-01
1371	1E-20	1E-20	1E-20	2.62E-01
1372	1E-20	1E-20	1E-20	2.62E-01
1373	1E-20	1E-20	1E-20	2.62E-01
1374	1E-20	1E-20	1E-20	2.62E-01
1375	1E-20	1E-20	1E-20	2.62E-01
1376	1E-20	1E-20	1E-20	2.62E-01
1377	1E-20	1E-20	1E-20	2.62E-01
1378	1E-20	1E-20	1E-20	2.62E-01
1379	1E-20	1E-20	1E-20	2.62E-01
1380	1E-20	1E-20	1E-20	2.62E-01
1381	1E-20	1E-20	1E-20	2.62E-01
1382	1E-20	1E-20	1E-20	2.62E-01
1383	1E-20	1E-20	1E-20	2.62E-01
1384	1E-20	1E-20	1E-20	2.62E-01
1385	1E-20	1E-20	1E-20	2.62E-01
1386	1E-20	1E-20	1E-20	2.62E-01
1387	1E-20	1E-20	1E-20	2.62E-01
1388	1E-20	1E-20	1E-20	2.62E-01
1389	1E-20	1E-20	1E-20	2.62E-01
1390	1E-20	1E-20	1E-20	2.62E-01
1391	1E-20	1E-20	1E-20	2.62E-01
1392	1E-20	1E-20	1E-20	2.62E-01
1393	1E-20	1E-20	1E-20	2.62E-01
1394	1E-20	1E-20	1E-20	2.62E-01
1395	1E-20	1E-20	1E-20	2.62E-01
1396	1E-20	1E-20	1E-20	2.62E-01
1397	1E-20	1E-20	1E-20	2.62E-01
1398	1E-20	1E-20	1E-20	2.62E-01
1399	1E-20	1E-20	1E-20	2.62E-01
1400	1E-20	1E-20	1E-20	2.62E-01
1401	1E-20	1E-20	1E-20	2.62E-01
1402	1E-20	1E-20	1E-20	2.62E-01
1403	1E-20	1E-20	1E-20	2.62E-01
1404	1E-20	1E-20	1E-20	2.62E-01
1405	1E-20	1E-20	1E-20	2.62E-01
1406	1E-20	1E-20	1E-20	2.62E-01
1407	1E-20	1E-20	1E-20	2.62E-01
1408	1E-20	1E-20	1E-20	2.62E-01
1409	1E-20	1E-20	1E-20	2.62E-01
1410	1E-20	1E-20	1E-20	2.62E-01
1411	1E-20	1E-20	1E-20	2.62E-01
1412	1E-20	1E-20	1E-20	2.62E-01
1413	1E-20	1E-20	1E-20	2.62E-01
1414	1E-20	1E-20	1E-20	2.62E-01
1415	1E-20	1E-20	1E-20	2.62E-01
1416	1E-20	1E-20	1E-20	2.62E-01
1417	1E-20	1E-20	1E-20	2.62E-01
1418	1E-20	1E-20	1E-20	2.62E-01
1419	1E-20	1E-20	1E-20	2.62E-01
1420	1E-20	1E-20	1E-20	2.62E-01
1421	1E-20	1E-20	1E-20	2.62E-01
1422	1E-20	1E-20	1E-20	2.62E-01
1423	1E-20	1E-20	1E-20	2.62E-01
1424	1E-20	1E-20	1E-20	2.62E-01
1425	1E-20	1E-20	1E-20	2.62E-01
1426	1E-20	1E-20	1E-20	2.62E-01
1427	1E-20	1E-20	1E-20	2.62E-01
1428	1E-20	1E-20	1E-20	2.62E-01
1429	1E-20	1E-20	1E-20	2.62E-01
1430	1E-20	1E-20	1E-20	2.62E-01
1431	1E-20	1E-20	1E-20	2.62E-01
1432	1E-20	1E-20	1E-20	2.62E-01
1433	1E-20	1E-20	1E-20	2.62E-01
1434	1E-20	1E-20	1E-20	2.62E-01
1435	1E-20	1E-20	1E-20	2.62E-01
1436	1E-20	1E-20	1E-20	2.62E-01
1437	1E-20	1E-20	1E-20	2.62E-01
1438	1E-20	1E-20	1E-20	2.62E-01
1439	1E-20	1E-20	1E-20	2.62E-01
1440	1E-20	1E-20	1E-20	2.62E-01
1441	1E-20	1E-20	1E-20	2.62E-01
1442	1E-20	1E-20	1E-20	2.62E-01
1443	1E-20	1E-20	1E-20	2.62E-01
1444	1E-20	1E-20	1E-20	2.62E-01
1445	1E-20	1E-20	1E-20	2.62E-01
1446	1E-20	1E-20	1E-20	2.62E-01
1447	1E-20	1E-20	1E-20	2.62E-01
1448	1E-20	1E-20	1E-20	2.62E-01
1449	1E-20	1E-20	1E-20	2.62E-01
1450	1E-20	1E-20	1E-20	2.62E-01
1451	1E-20	1E-20	1E-20	2.62E-01
1452	1E-20	1E-20	1E-20	2.62E-01
1453	1E-20	1E-20	1E-20	2.62E-01
1454	1E-20	1E-20	1E-20	2.62E-01
1455	1E-20	1E-20	1E-20	2.62E-01
1456	1E-20	1E-20	1E-20	2.62E-01
1457	1E-20	1E-20	1E-20	2.62E-01
1458	1E-20	1E-20	1E-20	2.62E-01
1459	1E-20	1E-20	1E-20	2.62E-01
1460	1E-20	1E-20	1E-20	2.62E-01
1461	1E-20	1E-20	1E-20	2.62E-01
1462	1E-20	1E-20	1E-20	2.62E-01
1463	1E-20	1E-20	1E-20	2.62E-01
1464	1E-20	1E-20	1E-20	2.62E-01
1465	1E-20	1E-20	1E-20	2.62E-01
1466	1E-20	1E-20	1E-20	2.62E-01
1467	1E-20	1E-20	1E-20	2.62E-01
1468	1E-20	1E-20	1E-20	2.62E-01
1469	1E-20	1E-20	1E-20	2.62E-01
1470	1E-20	1E-20	1E-20	2.62E-01
1471	1E-20	1E-20	1E-20	2.62E-01
1472	1E-20	1E-20	1E-20	2.62E-01
1473	1E-20	1E-20	1E-20	2.62E-01
1474	1E-20	1E-20	1E-20	2.62E-01
1475	1E-20	1E-20	1E-20	2.62E-01
1476	1E-20	1E-20	1E-20	2.62E-01
1477	1E-20	1E-20	1E-20	2.62E-01
1478	1E-20	1E-20	1E-20	2.62E-01
1479	1E-20	1E-20	1E-20	2.62E-01
1480	1E-20	1E-20	1E-20	2.62E-01
1481	1E-20	1E-20	1E-20	2.62E-01
1482	1E-20	1E-20	1E-20	2.62E-01
1483	1E-20	1E-20	1E-20	2.62E-01
1484	1E-20	1E-20	1E-20	2.62E-01
1485	1E-20	1E-20	1E-20	2.62E-01
1486	1E-20	1E-20	1E-20	2.62E-01
1487	1E-20	1E-20	1E-20	2.62E-01
1488	1E-20	1E-20	1E-20	2.62E-01
1489	1E-20	1E-20	1E-20	2.62E-01
1490	1E-20	1E-20	1E-20	2.62E-01
1491	1E-20	1E-20	1E-20	2.62E-01
1492	1E-20	1E-20	1E-20	2.62E-01
1493	1E-20	1E-20	1E-20	2.62E-01
1494	1E-20	1E-20	1E-20	2.62E-01
1495	1E-20	1E-20	1E-20	2.62E-01
1496	1E-20	1E-20	1E-20	2.62E-01
1497	1E-20	1E-20	1E-20	2.62E-01
1498	1E-20	1E-20	1E-20	2.62E-01
1499	1E-20	1E-20	1E-20	2.62E-01

