0	0.00E+00	0.00E+00
1	0.00E+00	0.00E+00
2	3.01E+00	1.24E-01
3	3.01E+00	2.07E-02
4	2.40E+00	2.07E-02
5	1.92E+00	2.07E-02
6	1.87E+00	2.07E-02
7	4.50E-01	2.07E-02
8	4.72E-01	2.26E-02
9	9.81E-01	9.53E-05
10	8.63E-01	9.53E-05
11	8.31E-01	8.07E-05
12	3.32E-01	9.53E-05
13	3.32E-01	7.40E-05
14	3.19E-01	1.58E-05
15	1.21E-01	1.47E-05
16	1.13E-01	1.47E-05
17	1.13E-01	1.47E-05
18	1.13E-01	1.47E-05
19	1.13E-01	1.47E-05
20	1.12E-01	1.19E-05
21	1.12E-01	1.17E-05
22	4.87E-02	1.17E-05
23	4.87E-02	1.17E-05
24	4.78E-02	1.17E-05
25	4.82E-02	1.14E-05
26	3.71E-02	1.15E-05
27	1.99E-02	1.14E-05
28	1.97E-02	1.13E-05
29	1.99E-02	1.13E-05
30	1.28E-02	1.13E-05
31	3.58E-03	1.03E-05
32	4.04E-03	3.21E-06
33	3.26E-03	3.21E-06
34	6.15E-04	3.23E-06
35	5.81E-04	3.23E-06
36	5.20E-03	3.23E-06
37	4.38E-03	3.23E-06
38	4.38E-03	4.35E-06
39	2.47E-04	3.77E-06
40	3.86E-04	3.77E-06
41	3.88E-05	3.67E-06
42	3.88E-05	3.69E-06
43	6.35E-05	3.69E-06
44	6.35E-05	3.54E-06
45	2.77E-05	3.54E-06
46	3.98E-05	3.54E-06
47	9.71E-06	3.43E-06
48	9.71E-06	3.43E-06
49	9.71E-06	3.43E-06
50	9.71E-06	3.43E-06
51	9.43E-06	3.15E-06
52	9.43E-06	3.15E-06
53	1.09E-05	3.15E-06
54	1.09E-05	3.15E-06
55	1.03E-05	3.15E-06
56	1.03E-05	3.15E-06
57	1.03E-05	3.11E-06
58	6.61E-06	3.11E-06
59	6.20E-06	3.11E-06
60	5.79E-06	3.11E-06
61	1.03E-05	3.11E-06
62	1.03E-05	3.11E-06
63	1.03E-05	3.11E-06
64	1.03E-05	3.11E-06
65	1.03E-05	3.11E-06
66	6.14E-06	3.11E-06
67	6.14E-06	3.11E-06
68	6.14E-06	3.11E-06
69	1.03E-05	3.11E-06
70	9.79E-07	3.11E-06
71	9.79E-07	3.11E-06
72	8.79E-07	3.19E-06
73	8.79E-07	3.19E-06
74	7.64E-09	3.19E-06
75	5.10E-09	3.19E-06
76	5.10E-09	3.19E-06
77	6.17E-09	3.19E-06
78	7.59E-07	1.53E-06
79	5.18E-09	1.53E-06
80	5.18E-09	1.53E-06
81	2.99E-09	1.33E-06
82	2.99E-09	1.33E-06
83	2.99E-09	1.33E-06
84	2.99E-09	1.33E-06
85	2.99E-09	1.33E-06
86	2.36E-02	1.33E-06
87	2.50E-02	1.32E-06
88	3.36E-04	1.22E-06
89	4.54E-04	1.22E-06
90	4.01E-10	1.22E-06
91	4.01E-10	1.22E-06
92	4.01E-10	1.22E-06
93	4.01E-10	1.22E-06
94	4.01E-10	1.22E-06
95	4.01E-10	1.22E-06
96	4.01E-10	1.39E-06
97	4.01E-10	1.39E-06
98	4.01E-10	1.22E-06
99	4.01E-10	1.39E-06
100	4.01E-10	1.39E-06
101	4.01E-10	1.39E-06
102	4.01E-10	1.39E-06
103	4.01E-10	1.39E-06
104	4.01E-10	1.39E-06
105	4.01E-10	1.23E-06
106	4.01E-10	1.23E-06
107	4.01E-10	7.34E-07
108	4.01E-10	7.34E-07
109	4.01E-10	7.34E-07
110	4.01E-10	7.34E-07
111	3.98E-10	7.31E-07
112	3.98E-10	7.31E-07
113	3.98E-10	7.31E-07
114	3.98E-10	7.31E-07
115	3.98E-10	7.31E-07
116	3.98E-10	7.32E-07
117	3.98E-10	7.32E-07
118	3.98E-10	7.31E-07
119	3.98E-10	7.32E-07
120	3.98E-10	7.32E-07
121	3.98E-10	7.34E-07
122	3.98E-10	7.31E-07
123	3.98E-10	7.31E-07
124	3.98E-10	7.34E-07
125	3.98E-10	7.34E-07
126	3.98E-10	8.20E-07
127	3.98E-10	8.20E-07
128	3.98E-10	8.09E-07
129	5.42E-11	5.67E-07
130	5.42E-11	5.67E-07
131	5.42E-11	5.67E-07
132	5.42E-11	5.67E-07
133	5.42E-11	5.62E-07
134	5.42E-11	6.66E-07
135	5.42E-11	5.62E-07
136	5.42E-11	5.62E-07
137	5.42E-11	5.62E-07
138	5.42E-11	5.62E-07
139	5.42E-11	5.62E-07
140	5.42E-11	5.83E-07
141	5.42E-11	5.83E-07
142	5.42E-11	5.83E-07
143	5.42E-11	5.83E-07
144	5.42E-11	5.83E-07
145	5.39E-11	5.83E-07
146	5.42E-11	5.82E-07
147	5.42E-11	5.82E-07
148	5.42E-11	5.82E-07
149	5.42E-11	5.82E-07
150	5.42E-11	5.82E-07
151	5.42E-11	5.82E-07
152	5.42E-11	5.82E-07
153	5.42E-11	6.85E-07
154	5.39E-11	5.66E-07
155	5.37E-11	7.27E-07
156	5.39E-11	7.27E-07
157	5.39E-11	7.27E-07
158	5.39E-11	5.66E-07
159	5.39E-11	7.27E-07
160	3.19E-11	7.27E-07
161	3.19E-11	7.27E-07
162	3.19E-11	7.27E-07
163	3.19E-11	7.27E-07
164	3.19E-11	7.24E-08
165	3.19E-11	7.24E-08
166	3.19E-11	7.47E-08
167	3.19E-11	7.44E-08
168	3.19E-11	6.04E-08
169	3.19E-11	6.04E-08
170	3.19E-11	7.44E-08
171	3.19E-11	6.04E-08
172	3.19E-11	6.04E-08
173	3.19E-11	2.09E-08
174	3.19E-11	2.09E-08
175	3.19E-11	2.09E-08
176	3.19E-11	2.09E-08
177	3.19E-11	2.09E-08
178	3.19E-11	2.09E-08
179	3.19E-11	2.09E-08
180	3.19E-11	2.09E-08
181	3.19E-11	2.09E-08
182	3.19E-11	2.07E-08
183	3.19E-11	2.07E-08
184	3.19E-11	2.07E-08
185	3.19E-11	2.07E-08
186	3.19E-11	2.07E-08
187	3.19E-11	1.59E-08
188	3.19E-11	1.59E-08
189	3.19E-11	1.54E-08
190	3.19E-11	1.54E-08
191	3.19E-11	1.54E-08
192	3.19E-11	1.55E-08
193	3.19E-11	1.55E-08
194	3.19E-11	1.55E-08
195	3.19E-11	1.54E-08
196	1.10E-11	1.54E-08
197	1.10E-11	1.55E-08
198	1.10E-11	1.55E-08
199	1.10E-11	1.55E-08
200	1.10E-11	1.55E-08
201	1.10E-11	1.54E-08
202	1.10E-11	1.55E-08
203	1.10E-11	2.04E-08
204	1.10E-11	1.55E-08
205	1.10E-11	1.55E-08
206	1.10E-11	1.55E-08
207	1.10E-11	1.54E-08
208	1.09E-11	1.60E-08
209	1.09E-11	1.60E-08
210	1.09E-11	1.54E-08
211	1.34E-11	1.54E-08
212	1.34E-11	1.54E-08
213	1.34E-11	1.81E-08
214	1.05E-11	1.53E-08
215	1.34E-11	1.81E-08
216	1.34E-11	1.53E-08
217	1.34E-11	1.81E-08
218	1.34E-11	2.09E-08
219	1.34E-11	2.09E-08
220	1.34E-11	2.44E-08
221	1.34E-11	2.44E-08
222	1.34E-11	2.44E-08
223	1.34E-11	2.22E-08
224	1.34E-11	2.22E-08
225	1.05E-11	2.22E-08
226	1.05E-11	2.14E-08
227	1.04E-11	2.14E-08
228	1.05E-11	2.14E-08
229	1.05E-11	2.22E-08
230	1.05E-11	2.22E-08
231	1.05E-11	2.22E-08
232	1.05E-11	2.21E-08
233	1.05E-11	2.21E-08
234	1.05E-11	2.21E-08
235	1.05E-11	2.21E-08
236	1.05E-11	2.21E-08
237	1.22E-11	2.21E-08
238	1.22E-11	2.21E-08
239	1.22E-11	2.38E-08
240	1.22E-11	2.21E-08
241	1.28E-11	2.15E-08
242	1.22E-11	2.21E-08
243	1.28E-11	2.21E-08
244	1.28E-11	2.22E-08
245	1.28E-11	2.22E-08
246	1.28E-11	2.21E-08
247	1.28E-11	2.21E-08
248	1.22E-11	2.22E-08
249	1.28E-11	2.21E-08
250	1.28E-11	2.21E-08
251	1.28E-11	2.21E-08
252	1.28E-11	2.21E-08
253	1.29E-11	2.21E-08
254	1.29E-11	2.21E-08
255	1.29E-11	2.17E-08
256	1.28E-11	2.17E-08
257	1.29E-11	2.17E-08
258	1.29E-11	2.17E-08
259	1.29E-11	2.17E-08
260	1.29E-11	2.17E-08
261	1.29E-11	2.17E-08
262	1.29E-11	2.17E-08
263	1.29E-11	2.17E-08
264	1.29E-11	2.17E-08
265	1.30E-11	2.17E-08
266	1.30E-11	1.98E-08
267	1.29E-11	1.98E-08
268	1.30E-11	2.60E-08
269	1.30E-11	2.60E-08
270	1.27E-11	2.65E-08
271	1.27E-11	2.62E-08
272	1.29E-11	2.62E-08
273	1.29E-11	2.65E-08
274	1.29E-11	2.65E-08
275	1.29E-11	2.62E-08
276	1.29E-11	2.65E-08
277	5.90E-12	2.65E-08
278	5.90E-12	2.65E-08
279	5.90E-12	2.66E-08
280	5.90E-12	2.66E-08
281	5.90E-12	2.59E-08
282	5.90E-12	2.32E-08
283	5.90E-12	1.61E-08
284	5.90E-12	1.81E-08
285	5.90E-12	1.61E-08
286	5.90E-12	1.61E-08
287	5.90E-12	1.61E-08
288	5.90E-12	1.62E-08
289	5.90E-12	1.62E-08
290	5.90E-12	1.62E-08
291	5.90E-12	1.62E-08
292	5.91E-12	2.00E-08
293	5.91E-12	2.00E-08
294	6.60E-12	1.49E-08
295	6.60E-12	1.49E-08
296	1.34E-12	1.49E-08
297	1.34E-12	1.49E-08
298	1.34E-12	1.49E-08
299	1.34E-12	1.49E-08
300	1.34E-12	1.49E-08
301	1.34E-12	1.49E-08
302	1.34E-12	1.49E-08
303	1.34E-12	1.74E-08
304	1.34E-12	1.74E-08
305	1.34E-12	1.74E-08
306	1.51E-12	7.09E-10
307	1.51E-12	7.09E-10
308	1.34E-12	7.03E-10
309	1.34E-12	7.03E-10
310	1.67E-12	7.13E-10
311	1.67E-12	7.13E-10
312	1.67E-12	7.13E-10
313	1.34E-12	6.99E-10
314	1.52E-12	6.99E-10
315	1.52E-12	6.63E-10
316	1.34E-12	4.78E-10
317	1.52E-12	4.87E-10
318	1.34E-12	4.77E-10
319	1.52E-12	4.77E-10
320	1.34E-12	4.77E-10
321	1.34E-12	4.77E-10
322	1.34E-12	4.87E-10
323	1.34E-12	5.26E-10
324	1.34E-12	4.81E-10
325	1.34E-12	4.81E-10
326	1.34E-12	4.81E-10
327	1.34E-12	4.83E-10
328	1.34E-12	4.83E-10
329	1.33E-12	4.83E-10
330	1.20E-12	4.83E-10
331	1.20E-12	5.56E-10
332	1.20E-12	5.56E-10
333	1.20E-12	5.56E-10
334	1.20E-12	5.52E-10
335	1.20E-12	5.52E-10
336	1.20E-12	5.52E-10
337	1.32E-12	5.52E-10
338	1.32E-12	5.52E-10
339	1.32E-12	6.63E-10
340	1.32E-12	6.63E-10
341	1.32E-12	6.63E-10
342	1.32E-12	7.51E-10
343	1.32E-12	6.63E-10
344	1.32E-12	7.51E-10
345	1.32E-12	7.42E-10
346	1.32E-12	7.51E-10
347	1.32E-12	7.42E-10
348	1.32E-12	7.51E-10
349	1.33E-12	7.51E-10
350	1.68E-12	7.51E-10
351	1.68E-12	7.51E-10
352	1.68E-12	7.51E-10
353	1.39E-12	7.51E-10
354	1.68E-12	7.51E-10
355	1.39E-12	7.51E-10
356	1.67E-12	7.51E-10
357	1.39E-12	6.38E-10
358	1.39E-12	6.38E-10
359	1.39E-12	6.38E-10
360	1.39E-12	6.36E-10
361	1.39E-12	6.38E-10
362	3.78E-14	6.38E-10
363	3.78E-14	6.38E-10
364	3.78E-14	6.38E-10
365	3.78E-14	6.38E-10
366	3.78E-14	6.38E-10
367	3.82E-14	6.38E-10
368	3.82E-14	6.38E-10
369	3.82E-14	7.06E-10
370	3.82E-14	7.06E-10
371	3.82E-14	7.03E-10
372	3.82E-14	6.98E-10
373	3.82E-14	6.59E-10
374	3.82E-14	6.59E-10
375	3.82E-14	6.59E-10
376	3.77E-14	6.59E-10
377	3.77E-14	6.59E-10
378	3.78E-14	6.59E-10
379	3.78E-14	5.17E-10
380	3.78E-14	5.21E-10
381	3.78E-14	5.53E-10
382	3.78E-14	5.53E-10
383	3.78E-14	5.53E-10
384	3.78E-14	5.53E-10
385	3.77E-14	5.53E-10
386	3.05E-14	5.53E-10
387	3.76E-14	5.53E-10
388	3.05E-14	5.53E-10
389	3.05E-14	5.53E-10
390	3.76E-14	5.53E-10
391	3.05E-14	5.53E-10
392	3.05E-14	5.53E-10
393	3.05E-14	5.53E-10
394	3.75E-14	5.53E-10
395	3.05E-14	5.40E-10
396	3.05E-14	6.35E-10
397	3.05E-14	6.35E-10
398	3.05E-14	5.79E-10
399	3.05E-14	6.35E-10
400	3.05E-14	5.79E-10
401	3.05E-14	7.92E-10
402	3.05E-14	5.79E-10
403	3.05E-14	7.90E-10
404	3.05E-14	7.90E-10
405	3.05E-14	7.90E-10
406	3.05E-14	7.90E-10
407	3.05E-14	7.91E-10
408	3.05E-14	7.91E-10
409	3.05E-14	7.91E-10
410	3.05E-14	4.21E-10
411	3.05E-14	4.21E-10
412	3.05E-14	4.21E-10
413	3.05E-14	4.01E-10
414	3.05E-14	4.01E-10
415	3.05E-14	4.17E-10
416	3.05E-14	4.01E-10
417	3.05E-14	3.97E-10
418	3.05E-14	1.22E-10
419	3.05E-14	1.22E-10
420	3.29E-14	1.22E-10
421	3.29E-14	1.22E-10
422	3.29E-14	1.22E-10
423	3.05E-14	1.22E-10
424	9.25E-15	1.22E-10
425	9.25E-15	1.22E-10
426	9.25E-15	1.22E-10
427	9.25E-15	1.22E-10
428	9.25E-15	1.22E-10
429	9.25E-15	1.22E-10
430	9.25E-15	1.21E-10
431	9.25E-15	1.21E-10
432	9.25E-15	7.91E-11
433	9.25E-15	6.64E-11
434	9.25E-15	6.64E-11
435	9.23E-15	7.00E-11
436	9.25E-15	7.00E-11
437	9.25E-15	7.00E-11
438	9.25E-15	7.00E-11
439	9.25E-15	7.00E-11
440	1.09E-14	6.64E-11
441	9.25E-15	6.64E-11
442	1.09E-14	6.64E-11
443	9.25E-15	6.64E-11
444	1.02E-14	6.64E-11
445	9.34E-15	6.64E-11
446	1.02E-14	6.64E-11
447	1.02E-14	6.64E-11
448	9.98E-15	6.64E-11
449	1.02E-14	6.64E-11
450	1.00E-14	7.25E-11
451	1.00E-14	7.25E-11
452	5.14E-15	7.25E-11
453	5.14E-15	7.25E-11
454	5.14E-15	6.64E-11
455	5.14E-15	7.25E-11
456	5.14E-15	6.41E-11
457	5.14E-15	6.41E-11
458	5.14E-15	6.41E-11
459	5.14E-15	6.41E-11
460	5.14E-15	6.41E-11
461	5.14E-15	6.64E-11
462	5.14E-15	6.41E-11
463	5.14E-15	6.41E-11
464	5.14E-15	6.41E-11
465	5.14E-15	6.41E-11
466	5.14E-15	6.41E-11
467	5.14E-15	6.41E-11
468	5.14E-15	6.42E-11
469	5.14E-15	6.41E-11
470	5.14E-15	6.41E-11
471	5.14E-15	6.42E-11
472	5.14E-15	6.41E-11
473	5.14E-15	6.41E-11
474	5.14E-15	6.41E-11
475	5.14E-15	6.41E-11
476	5.41E-15	6.41E-11
477	5.41E-15	6.41E-11
478	5.41E-15	6.41E-11
479	4.98E-15	6.69E-11
480	4.98E-15	6.41E-11
481	3.49E-15	6.41E-11
482	3.49E-15	6.69E-11
483	3.49E-15	6.69E-11
484	3.49E-15	6.69E-11
485	3.18E-15	6.70E-11
486	3.18E-15	6.70E-11
487	3.18E-15	6.73E-11
488	3.18E-15	6.73E-11
489	3.18E-15	6.73E-11
490	3.19E-15	6.70E-11
491	3.19E-15	6.73E-11
492	3.19E-15	6.73E-11
493	3.19E-15	6.73E-11
494	3.19E-15	6.73E-11
495	3.19E-15	1.95E-11
496	3.19E-15	1.95E-11
497	3.19E-15	1.95E-11
498	3.59E-15	2.03E-11
499	3.59E-15	1.95E-11
500		1.95E-11
501		2.02E-11
502		1.85E-11
503		5.46E-12
504		5.46E-12
505		3.89E-12
506		3.89E-12
507		3.89E-12
508		3.89E-12
509		3.89E-12
510		3.89E-12
511		3.89E-12
512		4.19E-12
513		4.19E-12
514		3.89E-12
515		4.69E-12
516		4.69E-12
517		4.69E-12
518		4.69E-12
519		3.89E-12
520		4.68E-12
521		4.68E-12
522		4.68E-12
523		4.68E-12
524		4.61E-12
525		1.98E-12
526		1.98E-12
527		1.98E-12
528		1.98E-12
529		1.98E-12
530		2.50E-12
531		1.98E-12
532		1.98E-12
533		1.98E-12
534		1.98E-12
535		1.98E-12
536		2.50E-12
537		2.01E-12
538		2.01E-12
539		2.01E-12
540		2.07E-12
541		2.01E-12
542		2.01E-12
543		2.01E-12
544		2.01E-12
545		2.01E-12
546		2.01E-12
547		2.01E-12
548		2.01E-12
549		2.01E-12
550		2.01E-12
551		2.01E-12
552		1.66E-12
553		1.66E-12
554		1.99E-12
555		1.71E-12
556		1.99E-12
557		1.68E-12
558		1.71E-12
559		1.71E-12
560		1.68E-12
561		1.71E-12
562		1.84E-12
563		1.84E-12
564		1.84E-12
565		1.84E-12
566		1.84E-12
567		1.84E-12
568		1.84E-12
569		1.84E-12
570		1.84E-12
571		1.84E-12
572		1.84E-12
573		2.29E-12
574		1.84E-12
575		1.95E-12
576		1.95E-12
577		1.95E-12
578		1.95E-12
579		1.83E-12
580		1.83E-12
581		1.85E-12
582		1.83E-12
583		1.85E-12
584		1.85E-12
585		2.26E-12
586		2.26E-12
587		2.26E-12
588		2.26E-12
589		2.26E-12
590		2.26E-12
591		2.26E-12
592		2.26E-12
593		2.26E-12
594		2.26E-12
595		2.26E-12
596		2.26E-12
597		2.26E-12
598		2.26E-12
599		2.26E-12

