0	0.00E+00	0.00E+00	0.00E+00	0.00E+00
1	0.00E+00	0.00E+00	0.00E+00	0.00E+00
2	2.45E+02	1.78E+02	1.63E+01	1.05E+00
3	2.45E+02	1.44E+02	1.63E+01	9.82E-01
4	2.45E+02	1.44E+02	1.55E+01	9.48E-01
5	7.69E+01	1.02E+02	9.92E+00	8.69E-01
6	7.48E+01	8.51E+01	9.91E+00	8.07E-01
7	7.48E+01	8.51E+01	7.98E+00	7.24E-01
8	7.48E+01	7.18E+01	6.33E+00	6.70E-01
9	6.52E+01	7.18E+01	6.24E+00	6.41E-01
10	5.45E+01	7.18E+01	6.24E+00	6.32E-01
11	5.45E+01	7.17E+01	6.23E+00	5.92E-01
12	5.45E+01	7.17E+01	4.05E+00	5.59E-01
13	5.45E+01	6.66E+01	3.16E+00	5.23E-01
14	5.45E+01	6.66E+01	2.91E+00	5.10E-01
15	5.45E+01	4.59E+01	2.91E+00	4.84E-01
16	5.45E+01	4.59E+01	2.81E+00	4.57E-01
17	5.45E+01	4.59E+01	2.15E+00	4.33E-01
18	5.45E+01	4.59E+01	2.15E+00	4.14E-01
19	5.45E+01	4.59E+01	2.15E+00	4.14E-01
20	2.40E+01	4.59E+01	2.14E+00	4.14E-01
21	2.40E+01	3.88E+01	2.11E+00	3.98E-01
22	2.40E+01	3.88E+01	2.10E+00	3.84E-01
23	2.40E+01	3.85E+01	2.10E+00	3.77E-01
24	2.40E+01	3.85E+01	2.10E+00	3.65E-01
25	2.40E+01	3.17E+01	2.09E+00	3.64E-01
26	2.40E+01	3.17E+01	2.06E+00	3.62E-01
27	2.40E+01	2.92E+01	2.06E+00	3.59E-01
28	2.40E+01	2.92E+01	2.06E+00	3.54E-01
29	2.40E+01	2.79E+01	1.81E+00	3.48E-01
30	2.40E+01	2.79E+01	1.72E+00	3.40E-01
31	2.40E+01	2.79E+01	1.72E+00	3.39E-01
32	2.33E+01	2.79E+01	1.68E+00	3.30E-01
33	2.33E+01	2.69E+01	1.58E+00	3.24E-01
34	2.33E+01	2.55E+01	1.53E+00	3.10E-01
35	2.15E+01	2.49E+01	1.53E+00	2.99E-01
36	2.10E+01	2.49E+01	1.52E+00	2.96E-01
37	2.10E+01	2.49E+01	1.50E+00	2.90E-01
38	2.10E+01	2.42E+01	1.46E+00	2.82E-01
39	1.97E+01	2.09E+01	1.40E+00	2.75E-01
40	1.97E+01	2.09E+01	1.38E+00	2.67E-01
41	1.97E+01	2.03E+01	1.37E+00	2.59E-01
42	1.95E+01	1.96E+01	1.33E+00	2.52E-01
43	1.95E+01	1.95E+01	1.31E+00	2.44E-01
44	1.95E+01	1.92E+01	1.29E+00	2.40E-01
45	1.89E+01	1.85E+01	1.28E+00	2.34E-01
46	1.89E+01	1.69E+01	1.27E+00	2.29E-01
47	1.84E+01	1.63E+01	1.26E+00	2.21E-01
48	1.84E+01	1.63E+01	1.25E+00	2.13E-01
49	1.84E+01	1.63E+01	1.23E+00	2.09E-01
50	1.77E+01	1.47E+01	1.22E+00	2.03E-01
51	1.70E+01	1.47E+01	1.22E+00	1.97E-01
52	1.62E+01	1.47E+01	1.21E+00	1.95E-01
53	1.57E+01	1.46E+01	1.21E+00	1.91E-01
54	1.57E+01	1.43E+01	1.20E+00	1.87E-01
55	1.40E+01	1.42E+01	1.19E+00	1.86E-01
56	1.40E+01	1.42E+01	1.18E+00	1.83E-01
57	1.40E+01	1.42E+01	1.17E+00	1.82E-01
58	1.32E+01	1.33E+01	1.07E+00	1.80E-01
59	1.30E+01	1.23E+01	9.63E-01	1.76E-01
60	1.15E+01	1.23E+01	9.37E-01	1.74E-01
61	8.30E+00	1.21E+01	9.37E-01	1.70E-01
62	8.30E+00	1.10E+01	8.97E-01	1.69E-01
63	8.30E+00	1.10E+01	8.68E-01	1.67E-01
64	8.30E+00	8.57E+00	8.43E-01	1.62E-01
65	8.30E+00	8.57E+00	7.90E-01	1.58E-01
66	8.30E+00	8.57E+00	7.19E-01	1.54E-01
67	8.30E+00	8.57E+00	6.69E-01	1.52E-01
68	8.30E+00	8.57E+00	5.94E-01	1.48E-01
69	8.30E+00	8.57E+00	5.64E-01	1.47E-01
70	7.14E+00	8.57E+00	5.30E-01	1.45E-01
71	7.14E+00	8.57E+00	5.04E-01	1.41E-01
72	7.14E+00	8.26E+00	4.91E-01	1.39E-01
73	6.81E+00	7.92E+00	4.82E-01	1.37E-01
74	6.81E+00	6.97E+00	4.65E-01	1.35E-01
75	6.81E+00	6.91E+00	4.35E-01	1.32E-01
76	6.79E+00	6.91E+00	4.09E-01	1.30E-01
77	6.79E+00	5.62E+00	3.79E-01	1.26E-01
78	6.73E+00	5.62E+00	3.79E-01	1.24E-01
79	5.26E+00	5.62E+00	3.76E-01	1.22E-01
80	4.28E+00	5.62E+00	3.68E-01	1.19E-01
81	4.28E+00	5.62E+00	3.58E-01	1.17E-01
82	4.20E+00	5.62E+00	3.42E-01	1.16E-01
83	4.20E+00	5.60E+00	3.31E-01	1.14E-01
84	4.20E+00	5.15E+00	3.19E-01	1.12E-01
85	4.20E+00	4.84E+00	3.06E-01	1.10E-01
86	4.20E+00	4.84E+00	3.01E-01	1.09E-01
87	4.17E+00	4.60E+00	2.95E-01	1.07E-01
88	4.14E+00	4.60E+00	2.85E-01	1.05E-01
89	4.14E+00	4.60E+00	2.76E-01	1.03E-01
90	3.79E+00	4.60E+00	2.76E-01	1.01E-01
91	3.76E+00	4.60E+00	2.76E-01	9.92E-02
92	3.76E+00	4.60E+00	2.70E-01	9.81E-02
93	3.76E+00	4.60E+00	2.62E-01	9.69E-02
94	3.76E+00	4.60E+00	2.54E-01	9.50E-02
95	3.67E+00	4.50E+00	2.49E-01	9.27E-02
96	3.61E+00	4.32E+00	2.41E-01	9.08E-02
97	3.12E+00	4.31E+00	2.39E-01	8.88E-02
98	3.07E+00	4.21E+00	2.38E-01	8.75E-02
99	3.07E+00	4.09E+00	2.33E-01	8.64E-02
100	2.96E+00	3.58E+00	2.30E-01	8.54E-02
101	2.95E+00	3.58E+00	2.26E-01	8.43E-02
102	2.95E+00	3.52E+00	2.22E-01	8.34E-02
103	2.95E+00	3.45E+00	2.16E-01	8.15E-02
104	2.95E+00	3.45E+00	2.14E-01	7.96E-02
105	2.94E+00	3.41E+00	2.09E-01	7.83E-02
106	2.90E+00	3.21E+00	2.06E-01	7.72E-02
107	2.89E+00	3.06E+00	2.00E-01	7.62E-02
108	2.72E+00	2.85E+00	1.95E-01	7.51E-02
109	2.71E+00	2.77E+00	1.91E-01	7.37E-02
110	2.71E+00	2.61E+00	1.90E-01	7.28E-02
111	2.69E+00	2.61E+00	1.88E-01	7.13E-02
112	2.65E+00	2.61E+00	1.85E-01	7.08E-02
113	2.62E+00	2.61E+00	1.85E-01	7.02E-02
114	2.62E+00	2.57E+00	1.82E-01	6.95E-02
115	2.62E+00	2.52E+00	1.77E-01	6.86E-02
116	2.61E+00	2.52E+00	1.75E-01	6.76E-02
117	2.61E+00	2.52E+00	1.73E-01	6.65E-02
118	2.57E+00	2.44E+00	1.69E-01	6.57E-02
119	2.56E+00	2.41E+00	1.67E-01	6.51E-02
120	2.55E+00	2.38E+00	1.64E-01	6.44E-02
121	2.55E+00	2.36E+00	1.63E-01	6.29E-02
122	2.51E+00	2.36E+00	1.61E-01	6.22E-02
123	2.48E+00	2.32E+00	1.59E-01	6.12E-02
124	2.30E+00	2.32E+00	1.56E-01	6.02E-02
125	2.28E+00	2.29E+00	1.56E-01	5.93E-02
126	2.24E+00	2.28E+00	1.49E-01	5.84E-02
127	2.24E+00	2.26E+00	1.45E-01	5.77E-02
128	2.24E+00	2.25E+00	1.43E-01	5.70E-02
129	2.23E+00	2.21E+00	1.41E-01	5.66E-02
130	2.23E+00	1.87E+00	1.40E-01	5.62E-02
131	2.23E+00	1.64E+00	1.38E-01	5.52E-02
132	2.21E+00	1.54E+00	1.36E-01	5.50E-02
133	2.11E+00	1.51E+00	1.34E-01	5.43E-02
134	2.11E+00	1.41E+00	1.31E-01	5.39E-02
135	1.93E+00	1.40E+00	1.28E-01	5.32E-02
136	1.93E+00	1.40E+00	1.27E-01	5.23E-02
137	1.84E+00	1.40E+00	1.25E-01	5.20E-02
138	1.78E+00	1.40E+00	1.24E-01	5.16E-02
139	1.78E+00	1.40E+00	1.22E-01	5.10E-02
140	1.53E+00	1.34E+00	1.20E-01	5.05E-02
141	1.53E+00	9.62E-01	1.18E-01	5.04E-02
142	1.53E+00	9.21E-01	1.18E-01	5.01E-02
143	1.53E+00	9.12E-01	1.17E-01	4.91E-02
144	1.48E+00	9.08E-01	1.17E-01	4.86E-02
145	1.47E+00	9.05E-01	1.16E-01	4.83E-02
146	1.47E+00	9.04E-01	1.14E-01	4.80E-02
147	9.96E-01	9.04E-01	1.13E-01	4.76E-02
148	8.84E-01	8.94E-01	1.12E-01	4.72E-02
149	8.84E-01	7.37E-01	1.09E-01	4.68E-02
150	8.82E-01	6.24E-01	1.08E-01	4.62E-02
151	7.69E-01	5.94E-01	1.06E-01	4.57E-02
152	7.62E-01	5.50E-01	1.05E-01	4.55E-02
153	7.53E-01	5.12E-01	1.04E-01	4.48E-02
154	7.53E-01	4.97E-01	1.03E-01	4.44E-02
155	6.31E-01	4.71E-01	1.02E-01	4.40E-02
156	5.86E-01	4.30E-01	1.02E-01	4.38E-02
157	5.86E-01	3.98E-01	1.01E-01	4.33E-02
158	5.67E-01	3.80E-01	9.94E-02	4.27E-02
159	5.64E-01	3.70E-01	9.85E-02	4.25E-02
160	5.38E-01	3.55E-01	9.59E-02	4.19E-02
161	5.38E-01	3.28E-01	9.52E-02	4.16E-02
162	5.07E-01	2.99E-01	9.28E-02	4.11E-02
163	4.50E-01	2.86E-01	9.18E-02	4.07E-02
164	4.49E-01	2.64E-01	9.15E-02	4.01E-02
165	4.35E-01	2.49E-01	8.98E-02	3.99E-02
166	4.27E-01	2.40E-01	8.83E-02	3.95E-02
167	4.20E-01	2.40E-01	8.71E-02	3.92E-02
168	3.79E-01	2.40E-01	8.59E-02	3.89E-02
169	3.76E-01	2.40E-01	8.56E-02	3.85E-02
170	3.70E-01	2.37E-01	8.44E-02	3.81E-02
171	3.59E-01	2.37E-01	8.27E-02	3.79E-02
172	3.45E-01	2.37E-01	8.14E-02	3.74E-02
173	3.45E-01	2.37E-01	8.02E-02	3.70E-02
174	3.38E-01	2.37E-01	7.98E-02	3.69E-02
175	3.35E-01	2.33E-01	7.96E-02	3.66E-02
176	3.24E-01	2.30E-01	7.78E-02	3.64E-02
177	3.21E-01	2.25E-01	7.77E-02	3.63E-02
178	3.17E-01	2.24E-01	7.67E-02	3.58E-02
179	3.07E-01	2.24E-01	7.56E-02	3.56E-02
180	3.04E-01	2.24E-01	7.53E-02	3.53E-02
181	3.01E-01	2.21E-01	7.37E-02	3.51E-02
182	2.97E-01	2.15E-01	7.32E-02	3.45E-02
183	2.93E-01	2.11E-01	7.26E-02	3.41E-02
184	2.91E-01	2.09E-01	7.22E-02	3.38E-02
185	2.82E-01	2.09E-01	7.16E-02	3.36E-02
186	2.69E-01	2.05E-01	7.11E-02	3.34E-02
187	2.69E-01	2.05E-01	7.03E-02	3.31E-02
188	2.68E-01	2.05E-01	6.95E-02	3.28E-02
189	2.68E-01	2.04E-01	6.86E-02	3.26E-02
190	2.68E-01	2.03E-01	6.79E-02	3.23E-02
191	2.68E-01	2.03E-01	6.75E-02	3.21E-02
192	2.63E-01	2.03E-01	6.69E-02	3.19E-02
193	2.56E-01	2.03E-01	6.58E-02	3.18E-02
194	2.56E-01	2.03E-01	6.47E-02	3.16E-02
195	2.49E-01	2.03E-01	6.38E-02	3.15E-02
196	2.40E-01	2.00E-01	6.27E-02	3.14E-02
197	2.39E-01	2.00E-01	6.22E-02	3.12E-02
198	2.39E-01	1.99E-01	6.20E-02	3.10E-02
199	2.31E-01	1.98E-01	6.17E-02	3.08E-02
200	2.29E-01	1.98E-01	6.11E-02	3.07E-02
201	2.28E-01	1.98E-01	6.08E-02	3.03E-02
202	2.28E-01	1.97E-01	5.89E-02	3.01E-02
203	2.25E-01	1.97E-01	5.86E-02	3.00E-02
204	2.22E-01	1.97E-01	5.83E-02	2.96E-02
205	2.12E-01	1.96E-01	5.82E-02	2.95E-02
206	2.10E-01	1.96E-01	5.79E-02	2.92E-02
207	1.98E-01	1.96E-01	5.78E-02	2.92E-02
208	1.98E-01	1.96E-01	5.76E-02	2.91E-02
209	1.98E-01	1.96E-01	5.71E-02	2.90E-02
210	1.92E-01	1.96E-01	5.58E-02	2.87E-02
211	1.91E-01	1.96E-01	5.53E-02	2.86E-02
212	1.76E-01	1.96E-01	5.46E-02	2.85E-02
213	1.70E-01	1.96E-01	5.39E-02	2.84E-02
214	1.69E-01	1.96E-01	5.35E-02	2.83E-02
215	1.61E-01	1.96E-01	5.30E-02	2.79E-02
216	1.61E-01	1.96E-01	5.25E-02	2.76E-02
217	1.60E-01	1.96E-01	5.23E-02	2.74E-02
218	1.56E-01	1.96E-01	5.23E-02	2.73E-02
219	1.55E-01	1.96E-01	5.20E-02	2.72E-02
220	1.50E-01	1.96E-01	5.15E-02	2.70E-02
221	1.48E-01	1.96E-01	5.13E-02	2.68E-02
222	1.41E-01	1.96E-01	5.08E-02	2.66E-02
223	1.30E-01	1.96E-01	5.05E-02	2.66E-02
224	1.27E-01	1.96E-01	5.01E-02	2.65E-02
225	1.25E-01	1.96E-01	4.97E-02	2.63E-02
226	1.25E-01	1.96E-01	4.96E-02	2.62E-02
227	1.25E-01	1.96E-01	4.95E-02	2.60E-02
228	1.22E-01	1.96E-01	4.94E-02	2.60E-02
229	1.19E-01	1.96E-01	4.91E-02	2.58E-02
230	1.18E-01	1.96E-01	4.91E-02	2.57E-02
231	1.18E-01	1.96E-01	4.85E-02	2.55E-02
232	1.09E-01	1.96E-01	4.77E-02	2.54E-02
233	1.09E-01	1.96E-01	4.73E-02	2.54E-02
234	1.08E-01	1.96E-01	4.71E-02	2.53E-02
235	1.06E-01	1.96E-01	4.65E-02	2.50E-02
236	1.02E-01	1.96E-01	4.65E-02	2.49E-02
237	9.76E-02	1.96E-01	4.65E-02	2.46E-02
238	9.64E-02	1.96E-01	4.65E-02	2.44E-02
239	9.06E-02	1.96E-01	4.65E-02	2.42E-02
240	8.97E-02	1.96E-01	4.65E-02	2.41E-02
241	8.86E-02	1.96E-01	4.65E-02	2.41E-02
242	8.81E-02	1.96E-01	4.65E-02	2.41E-02
243	8.65E-02	1.96E-01	4.64E-02	2.39E-02
244	8.58E-02	1.96E-01	4.62E-02	2.38E-02
245	8.58E-02	1.96E-01	4.61E-02	2.36E-02
246	8.58E-02	1.96E-01	4.58E-02	2.35E-02
247	8.41E-02	1.96E-01	4.57E-02	2.34E-02
248	8.41E-02	1.96E-01	4.54E-02	2.32E-02
249	8.41E-02	1.96E-01	4.53E-02	2.32E-02
250	8.16E-02	1.93E-01	4.50E-02	2.29E-02
251	8.09E-02	1.92E-01	4.31E-02	2.28E-02
252	7.98E-02	1.92E-01	4.27E-02	2.27E-02
253	7.98E-02	1.92E-01	4.25E-02	2.25E-02
254	7.98E-02	1.91E-01	4.22E-02	2.24E-02
255	7.89E-02	1.91E-01	4.16E-02	2.24E-02
256	7.88E-02	1.90E-01	4.13E-02	2.23E-02
257	7.83E-02	1.90E-01	4.11E-02	2.20E-02
258	7.83E-02	1.90E-01	4.09E-02	2.19E-02
259	7.79E-02	1.90E-01	4.07E-02	2.18E-02
260	7.79E-02	1.89E-01	4.07E-02	2.17E-02
261	7.79E-02	1.87E-01	4.07E-02	2.17E-02
262	7.63E-02	1.84E-01	4.05E-02	2.16E-02
263	7.46E-02	1.80E-01	4.04E-02	2.16E-02
264	7.43E-02	1.78E-01	4.02E-02	2.14E-02
265	7.41E-02	1.77E-01	4.02E-02	2.13E-02
266	7.34E-02	1.77E-01	3.98E-02	2.11E-02
267	7.29E-02	1.77E-01	3.98E-02	2.11E-02
268	7.27E-02	1.77E-01	3.97E-02	2.08E-02
269	7.27E-02	1.77E-01	3.95E-02	2.07E-02
270	7.16E-02	1.77E-01	3.90E-02	2.06E-02
271	7.13E-02	1.77E-01	3.90E-02	2.05E-02
272	7.13E-02	1.77E-01	3.90E-02	2.04E-02
273	7.13E-02	1.77E-01	3.87E-02	2.03E-02
274	7.11E-02	1.77E-01	3.85E-02	2.02E-02
275	7.04E-02	1.77E-01	3.82E-02	2.01E-02
276	6.93E-02	1.77E-01	3.82E-02	2.01E-02
277	6.85E-02	1.77E-01	3.73E-02	2.00E-02
278	6.80E-02	1.77E-01	3.72E-02	1.99E-02
279	6.80E-02	1.77E-01	3.68E-02	1.98E-02
280	6.80E-02	1.77E-01	3.67E-02	1.97E-02
281	6.80E-02	1.77E-01	3.64E-02	1.96E-02
282	6.80E-02	1.77E-01	3.64E-02	1.95E-02
283	6.56E-02	1.77E-01	3.61E-02	1.95E-02
284	6.39E-02	1.77E-01	3.60E-02	1.94E-02
285	6.31E-02	1.77E-01	3.60E-02	1.94E-02
286	6.10E-02	1.75E-01	3.57E-02	1.93E-02
287	6.02E-02	1.73E-01	3.54E-02	1.92E-02
288	5.81E-02	1.70E-01	3.53E-02	1.90E-02
289	5.56E-02	1.68E-01	3.51E-02	1.89E-02
290	5.54E-02	1.68E-01	3.48E-02	1.89E-02
291	5.41E-02	1.66E-01	3.45E-02	1.88E-02
292	5.19E-02	1.65E-01	3.39E-02	1.87E-02
293	5.13E-02	1.65E-01	3.39E-02	1.86E-02
294	5.06E-02	1.63E-01	3.39E-02	1.86E-02
295	4.91E-02	1.63E-01	3.39E-02	1.84E-02
296	4.86E-02	1.63E-01	3.39E-02	1.83E-02
297	4.63E-02	1.63E-01	3.38E-02	1.82E-02
298	4.36E-02	1.63E-01	3.37E-02	1.81E-02
299	4.22E-02	1.63E-01	3.35E-02	1.81E-02
300	4.15E-02	1.63E-01	3.33E-02	1.79E-02
301	4.04E-02	1.63E-01	3.33E-02	1.79E-02
302	3.88E-02	1.63E-01	3.30E-02	1.78E-02
303	3.83E-02	1.63E-01	3.29E-02	1.78E-02
304	3.63E-02	1.63E-01	3.24E-02	1.77E-02
305	3.63E-02	1.63E-01	3.22E-02	1.77E-02
306	3.60E-02	1.63E-01	3.21E-02	1.76E-02
307	3.60E-02	1.63E-01	3.19E-02	1.76E-02
308	3.56E-02	1.62E-01	3.15E-02	1.75E-02
309	3.51E-02	1.62E-01	3.14E-02	1.74E-02
310	3.49E-02	1.62E-01	3.13E-02	1.74E-02
311	3.42E-02	1.62E-01	3.09E-02	1.73E-02
312	3.34E-02	1.62E-01	3.07E-02	1.73E-02
313	3.20E-02	1.61E-01	3.06E-02	1.70E-02
314	3.14E-02	1.60E-01	3.06E-02	1.70E-02
315	3.11E-02	1.60E-01	3.05E-02	1.69E-02
316	3.05E-02	1.60E-01	3.03E-02	1.69E-02
317	2.97E-02	1.59E-01	3.03E-02	1.68E-02
318	2.96E-02	1.59E-01	3.03E-02	1.68E-02
319	2.93E-02	1.58E-01	3.01E-02	1.67E-02
320	2.89E-02	1.57E-01	2.98E-02	1.67E-02
321	2.86E-02	1.57E-01	2.98E-02	1.65E-02
322	2.82E-02	1.57E-01	2.96E-02	1.63E-02
323	2.74E-02	1.57E-01	2.94E-02	1.63E-02
324	2.72E-02	1.57E-01	2.93E-02	1.62E-02
325	2.70E-02	1.55E-01	2.93E-02	1.62E-02
326	2.66E-02	1.55E-01	2.92E-02	1.61E-02
327	2.63E-02	1.54E-01	2.92E-02	1.61E-02
328	2.63E-02	1.53E-01	2.92E-02	1.61E-02
329	2.59E-02	1.50E-01	2.92E-02	1.60E-02
330	2.59E-02	1.47E-01	2.92E-02	1.59E-02
331	2.59E-02	1.40E-01	2.92E-02	1.58E-02
332	2.59E-02	1.32E-01	2.92E-02	1.57E-02
333	2.59E-02	1.26E-01	2.81E-02	1.57E-02
334	2.59E-02	1.21E-01	2.77E-02	1.56E-02
335	2.59E-02	1.14E-01	2.77E-02	1.56E-02
336	2.59E-02	1.11E-01	2.76E-02	1.56E-02
337	2.59E-02	1.09E-01	2.74E-02	1.55E-02
338	2.59E-02	1.05E-01	2.73E-02	1.55E-02
339	2.59E-02	1.03E-01	2.72E-02	1.55E-02
340	2.59E-02	1.01E-01	2.71E-02	1.54E-02
341	2.59E-02	9.68E-02	2.70E-02	1.53E-02
342	2.59E-02	9.36E-02	2.69E-02	1.53E-02
343	2.59E-02	9.00E-02	2.68E-02	1.53E-02
344	2.59E-02	8.61E-02	2.68E-02	1.52E-02
345	2.59E-02	8.36E-02	2.68E-02	1.52E-02
346	2.59E-02	8.12E-02	2.67E-02	1.52E-02
347	2.59E-02	7.94E-02	2.66E-02	1.51E-02
348	2.59E-02	7.86E-02	2.65E-02	1.50E-02
349	2.59E-02	7.66E-02	2.63E-02	1.48E-02
350	2.59E-02	7.57E-02	2.62E-02	1.47E-02
351	2.59E-02	7.54E-02	2.62E-02	1.47E-02
352	2.59E-02	7.49E-02	2.61E-02	1.47E-02
353	2.59E-02	7.27E-02	2.59E-02	1.46E-02
354	2.59E-02	7.18E-02	2.59E-02	1.46E-02
355	2.59E-02	7.13E-02	2.58E-02	1.46E-02
356	2.59E-02	7.07E-02	2.56E-02	1.45E-02
357	2.59E-02	6.97E-02	2.56E-02	1.44E-02
358	2.59E-02	6.80E-02	2.55E-02	1.44E-02
359	2.59E-02	6.66E-02	2.55E-02	1.42E-02
360	2.59E-02	6.48E-02	2.55E-02	1.42E-02
361	2.59E-02	6.46E-02	2.55E-02	1.41E-02
362	2.59E-02	6.38E-02	2.55E-02	1.41E-02
363	2.59E-02	6.34E-02	2.55E-02	1.41E-02
364	2.59E-02	6.30E-02	2.54E-02	1.40E-02
365	2.59E-02	6.16E-02	2.54E-02	1.40E-02
366	2.59E-02	6.11E-02	2.52E-02	1.38E-02
367	2.59E-02	6.03E-02	2.51E-02	1.38E-02
368	2.59E-02	6.03E-02	2.50E-02	1.37E-02
369	2.59E-02	5.98E-02	2.48E-02	1.37E-02
370	2.59E-02	5.93E-02	2.48E-02	1.37E-02
371	2.59E-02	5.88E-02	2.46E-02	1.36E-02
372	2.59E-02	5.85E-02	2.43E-02	1.36E-02
373	2.59E-02	5.77E-02	2.43E-02	1.35E-02
374	2.59E-02	5.76E-02	2.42E-02	1.35E-02
375	2.59E-02	5.68E-02	2.42E-02	1.35E-02
376	2.59E-02	5.61E-02	2.41E-02	1.35E-02
377	2.59E-02	5.56E-02	2.41E-02	1.34E-02
378	2.59E-02	5.52E-02	2.38E-02	1.34E-02
379	2.59E-02	5.47E-02	2.38E-02	1.34E-02
380	2.59E-02	5.47E-02	2.38E-02	1.33E-02
381	2.59E-02	5.38E-02	2.37E-02	1.32E-02
382	2.59E-02	5.35E-02	2.36E-02	1.32E-02
383	2.53E-02	5.30E-02	2.35E-02	1.32E-02
384	2.50E-02	5.30E-02	2.32E-02	1.31E-02
385	2.47E-02	5.30E-02	2.32E-02	1.30E-02
386	2.36E-02	5.30E-02	2.31E-02	1.30E-02
387	2.34E-02	5.28E-02	2.30E-02	1.30E-02
388	2.27E-02	5.20E-02	2.30E-02	1.30E-02
389	2.25E-02	5.17E-02	2.29E-02	1.30E-02
390	2.20E-02	5.11E-02	2.28E-02	1.30E-02
391	2.19E-02	5.11E-02	2.28E-02	1.29E-02
392	2.17E-02	5.09E-02	2.28E-02	1.27E-02
393	2.14E-02	5.02E-02	2.27E-02	1.27E-02
394	2.08E-02	5.02E-02	2.27E-02	1.27E-02
395	2.06E-02	5.02E-02	2.27E-02	1.27E-02
396	2.05E-02	5.00E-02	2.27E-02	1.26E-02
397	2.01E-02	4.93E-02	2.26E-02	1.26E-02
398	1.99E-02	4.90E-02	2.25E-02	1.26E-02
399	1.96E-02	4.81E-02	2.25E-02	1.25E-02
400	1.94E-02	4.79E-02	2.23E-02	1.25E-02
401	1.92E-02	4.79E-02	2.23E-02	1.24E-02
402	1.92E-02	4.79E-02	2.21E-02	1.24E-02
403	1.89E-02	4.79E-02	2.21E-02	1.23E-02
404	1.88E-02	4.76E-02	2.20E-02	1.22E-02
405	1.87E-02	4.70E-02	2.20E-02	1.22E-02
406	1.86E-02	4.68E-02	2.20E-02	1.22E-02
407	1.84E-02	4.64E-02	2.17E-02	1.21E-02
408	1.81E-02	4.53E-02	2.17E-02	1.20E-02
409	1.79E-02	4.48E-02	2.15E-02	1.19E-02
410	1.77E-02	4.47E-02	2.15E-02	1.19E-02
411	1.77E-02	4.44E-02	2.15E-02	1.18E-02
412	1.73E-02	4.44E-02	2.14E-02	1.18E-02
413	1.72E-02	4.40E-02	2.14E-02	1.17E-02
414	1.72E-02	4.35E-02	2.14E-02	1.17E-02
415	1.69E-02	4.33E-02	2.14E-02	1.17E-02
416	1.65E-02	4.33E-02	2.13E-02	1.16E-02
417	1.65E-02	4.30E-02	2.13E-02	1.16E-02
418	1.64E-02	4.28E-02	2.12E-02	1.16E-02
419	1.63E-02	4.15E-02	2.12E-02	1.16E-02
420	1.63E-02	4.07E-02	2.12E-02	1.15E-02
421	1.63E-02	4.04E-02	2.12E-02	1.15E-02
422	1.63E-02	3.91E-02	2.12E-02	1.15E-02
423	1.63E-02	3.87E-02	2.12E-02	1.14E-02
424	1.62E-02	3.83E-02	2.12E-02	1.14E-02
425	1.61E-02	3.78E-02	2.12E-02	1.14E-02
426	1.61E-02	3.72E-02	2.12E-02	1.13E-02
427	1.60E-02	3.62E-02	2.11E-02	1.13E-02
428	1.59E-02	3.55E-02	2.11E-02	1.13E-02
429	1.59E-02	3.52E-02	2.10E-02	1.12E-02
430	1.59E-02	3.48E-02	2.09E-02	1.12E-02
431	1.51E-02	3.45E-02	2.08E-02	1.12E-02
432	1.47E-02	3.40E-02	2.07E-02	1.12E-02
433	1.47E-02	3.35E-02	2.07E-02	1.12E-02
434	1.45E-02	3.29E-02	2.07E-02	1.12E-02
435	1.44E-02	3.25E-02	2.07E-02	1.12E-02
436	1.43E-02	3.18E-02	2.07E-02	1.11E-02
437	1.42E-02	3.10E-02	2.07E-02	1.11E-02
438	1.41E-02	3.07E-02	2.07E-02	1.11E-02
439	1.36E-02	3.00E-02	2.07E-02	1.11E-02
440	1.36E-02	2.95E-02	2.06E-02	1.10E-02
441	1.34E-02	2.92E-02	2.05E-02	1.10E-02
442	1.34E-02	2.89E-02	2.05E-02	1.10E-02
443	1.34E-02	2.81E-02	2.05E-02	1.10E-02
444	1.31E-02	2.78E-02	2.04E-02	1.09E-02
445	1.31E-02	2.73E-02	2.04E-02	1.09E-02
446	1.30E-02	2.70E-02	2.04E-02	1.08E-02
447	1.29E-02	2.69E-02	2.03E-02	1.08E-02
448	1.29E-02	2.64E-02	2.03E-02	1.08E-02
449	1.28E-02	2.62E-02	2.03E-02	1.08E-02
450	1.28E-02	2.55E-02	2.03E-02	1.07E-02
451	1.27E-02	2.51E-02	2.02E-02	1.07E-02
452	1.26E-02	2.50E-02	1.99E-02	1.07E-02
453	1.26E-02	2.47E-02	1.99E-02	1.07E-02
454	1.24E-02	2.45E-02	1.99E-02	1.07E-02
455	1.24E-02	2.41E-02	1.97E-02	1.07E-02
456	1.24E-02	2.40E-02	1.96E-02	1.06E-02
457	1.23E-02	2.38E-02	1.96E-02	1.06E-02
458	1.23E-02	2.37E-02	1.95E-02	1.05E-02
459	1.22E-02	2.35E-02	1.95E-02	1.04E-02
460	1.22E-02	2.30E-02	1.93E-02	1.04E-02
461	1.21E-02	2.29E-02	1.93E-02	1.04E-02
462	1.21E-02	2.23E-02	1.93E-02	1.03E-02
463	1.21E-02	2.21E-02	1.93E-02	1.03E-02
464	1.20E-02	2.19E-02	1.93E-02	1.02E-02
465	1.20E-02	2.15E-02	1.93E-02	1.02E-02
466	1.20E-02	2.15E-02	1.93E-02	1.01E-02
467	1.20E-02	2.12E-02	1.93E-02	1.01E-02
468	1.20E-02	2.10E-02	1.93E-02	1.01E-02
469	1.20E-02	2.08E-02	1.89E-02	1.00E-02
470	1.19E-02	2.07E-02	1.88E-02	1.00E-02
471	1.17E-02	2.05E-02	1.87E-02	1.00E-02
472	1.17E-02	1.99E-02	1.86E-02	1.00E-02
473	1.17E-02	1.98E-02	1.85E-02	9.99E-03
474	1.17E-02	1.97E-02	1.84E-02	9.98E-03
475	1.16E-02	1.93E-02	1.81E-02	9.95E-03
476	1.16E-02	1.92E-02	1.78E-02	9.89E-03
477	1.15E-02	1.92E-02	1.78E-02	9.85E-03
478	1.14E-02	1.90E-02	1.77E-02	9.85E-03
479	1.14E-02	1.89E-02	1.77E-02	9.84E-03
480	1.13E-02	1.88E-02	1.76E-02	9.84E-03
481	1.13E-02	1.85E-02	1.75E-02	9.83E-03
482	1.13E-02	1.82E-02	1.75E-02	9.82E-03
483	1.13E-02	1.81E-02	1.74E-02	9.79E-03
484	1.13E-02	1.76E-02	1.74E-02	9.76E-03
485	1.13E-02	1.71E-02	1.74E-02	9.75E-03
486	1.12E-02	1.70E-02	1.73E-02	9.73E-03
487	1.12E-02	1.69E-02	1.73E-02	9.68E-03
488	1.12E-02	1.66E-02	1.73E-02	9.66E-03
489	1.12E-02	1.64E-02	1.72E-02	9.66E-03
490	1.12E-02	1.64E-02	1.72E-02	9.65E-03
491	1.12E-02	1.62E-02	1.72E-02	9.61E-03
492	1.11E-02	1.60E-02	1.72E-02	9.60E-03
493	1.10E-02	1.59E-02	1.72E-02	9.59E-03
494	1.10E-02	1.58E-02	1.72E-02	9.52E-03
495	1.10E-02	1.56E-02	1.72E-02	9.52E-03
496	1.10E-02	1.55E-02	1.72E-02	9.49E-03
497	1.10E-02	1.53E-02	1.72E-02	9.48E-03
498	1.10E-02	1.51E-02	1.72E-02	9.48E-03
499	1.10E-02	1.49E-02	1.72E-02	9.48E-03
500	1.10E-02	1.48E-02	1.72E-02	9.48E-03
501	1.10E-02	1.48E-02	1.71E-02	9.46E-03
502	1.09E-02	1.42E-02	1.70E-02	9.46E-03
503	1.09E-02	1.41E-02	1.70E-02	9.45E-03
504	1.09E-02	1.40E-02	1.70E-02	9.44E-03
505	1.09E-02	1.39E-02	1.70E-02	9.43E-03
506	1.09E-02	1.38E-02	1.70E-02	9.38E-03
507	1.08E-02	1.37E-02	1.70E-02	9.37E-03
508	1.08E-02	1.36E-02	1.69E-02	9.37E-03
509	1.08E-02	1.35E-02	1.68E-02	9.37E-03
510	1.08E-02	1.34E-02	1.68E-02	9.37E-03
511	1.08E-02	1.32E-02	1.67E-02	9.35E-03
512	1.08E-02	1.31E-02	1.67E-02	9.29E-03
513	1.08E-02	1.30E-02	1.66E-02	9.28E-03
514	1.08E-02	1.29E-02	1.66E-02	9.26E-03
515	1.07E-02	1.29E-02	1.65E-02	9.23E-03
516	1.07E-02	1.29E-02	1.64E-02	9.21E-03
517	1.06E-02	1.24E-02	1.63E-02	9.20E-03
518	1.06E-02	1.20E-02	1.63E-02	9.20E-03
519	1.06E-02	1.20E-02	1.63E-02	9.04E-03
520	1.06E-02	1.19E-02	1.62E-02	9.01E-03
521	1.06E-02	1.18E-02	1.62E-02	9.00E-03
522	1.06E-02	1.17E-02	1.61E-02	8.98E-03
523	1.06E-02	1.16E-02	1.61E-02	8.98E-03
524	1.05E-02	1.15E-02	1.58E-02	8.95E-03
525	1.05E-02	1.15E-02	1.58E-02	8.91E-03
526	1.05E-02	1.14E-02	1.58E-02	8.87E-03
527	1.05E-02	1.13E-02	1.57E-02	8.84E-03
528	1.05E-02	1.12E-02	1.57E-02	8.77E-03
529	1.05E-02	1.11E-02	1.57E-02	8.73E-03
530	1.05E-02	1.09E-02	1.56E-02	8.72E-03
531	1.05E-02	1.08E-02	1.56E-02	8.69E-03
532	1.05E-02	1.07E-02	1.56E-02	8.66E-03
533	1.05E-02	1.05E-02	1.55E-02	8.65E-03
534	1.04E-02	1.05E-02	1.55E-02	8.63E-03
535	1.04E-02	1.04E-02	1.55E-02	8.63E-03
536	1.04E-02	1.03E-02	1.55E-02	8.60E-03
537	1.04E-02	1.03E-02	1.54E-02	8.59E-03
538	1.04E-02	1.03E-02	1.54E-02	8.58E-03
539	1.04E-02	1.02E-02	1.54E-02	8.58E-03
540	1.04E-02	1.01E-02	1.54E-02	8.55E-03
541	1.04E-02	9.93E-03	1.54E-02	8.52E-03
542	1.03E-02	9.88E-03	1.54E-02	8.48E-03
543	1.03E-02	9.84E-03	1.53E-02	8.43E-03
544	1.03E-02	9.70E-03	1.52E-02	8.43E-03
545	1.03E-02	9.60E-03	1.52E-02	8.39E-03
546	1.03E-02	9.56E-03	1.52E-02	8.38E-03
547	1.03E-02	9.47E-03	1.52E-02	8.38E-03
548	1.03E-02	9.46E-03	1.51E-02	8.29E-03
549	1.03E-02	9.46E-03	1.51E-02	8.28E-03
550	1.03E-02	9.46E-03	1.49E-02	8.27E-03
551	1.03E-02	9.46E-03	1.48E-02	8.26E-03
552	1.03E-02	9.46E-03	1.48E-02	8.24E-03
553	1.03E-02	9.46E-03	1.48E-02	8.24E-03
554	1.03E-02	9.46E-03	1.46E-02	8.24E-03
555	1.03E-02	9.46E-03	1.46E-02	8.24E-03
556	1.03E-02	9.46E-03	1.46E-02	8.14E-03
557	1.03E-02	9.46E-03	1.45E-02	8.13E-03
558	1.02E-02	9.46E-03	1.45E-02	8.13E-03
559	1.02E-02	9.44E-03	1.45E-02	8.13E-03
560	1.02E-02	9.42E-03	1.45E-02	8.12E-03
561	1.02E-02	9.38E-03	1.45E-02	8.09E-03
562	1.02E-02	9.35E-03	1.44E-02	8.06E-03
563	1.02E-02	9.30E-03	1.42E-02	8.04E-03
564	1.02E-02	9.27E-03	1.42E-02	7.88E-03
565	1.02E-02	9.01E-03	1.41E-02	7.88E-03
566	1.02E-02	8.99E-03	1.41E-02	7.87E-03
567	1.02E-02	8.93E-03	1.40E-02	7.83E-03
568	1.02E-02	8.90E-03	1.40E-02	7.72E-03
569	1.02E-02	8.86E-03	1.40E-02	7.72E-03
570	1.02E-02	8.75E-03	1.40E-02	7.69E-03
571	1.02E-02	8.39E-03	1.39E-02	7.68E-03
572	1.02E-02	8.32E-03	1.39E-02	7.65E-03
573	1.02E-02	8.27E-03	1.38E-02	7.64E-03
574	1.02E-02	8.23E-03	1.38E-02	7.64E-03
575	1.02E-02	8.15E-03	1.38E-02	7.61E-03
576	1.01E-02	8.12E-03	1.36E-02	7.61E-03
577	1.01E-02	8.05E-03	1.36E-02	7.58E-03
578	1.01E-02	8.04E-03	1.36E-02	7.57E-03
579	1.01E-02	7.98E-03	1.36E-02	7.55E-03
580	1.01E-02	7.96E-03	1.35E-02	7.55E-03
581	1.01E-02	7.92E-03	1.34E-02	7.54E-03
582	1.01E-02	7.84E-03	1.34E-02	7.54E-03
583	1.01E-02	7.82E-03	1.34E-02	7.49E-03
584	1.00E-02	7.80E-03	1.34E-02	7.46E-03
585	1.00E-02	7.75E-03	1.34E-02	7.42E-03
586	1.00E-02	7.70E-03	1.34E-02	7.22E-03
587	9.99E-03	7.65E-03	1.33E-02	7.22E-03
588	9.98E-03	7.52E-03	1.33E-02	7.22E-03
589	9.91E-03	7.51E-03	1.33E-02	7.22E-03
590	9.90E-03	7.47E-03	1.32E-02	7.21E-03
591	9.90E-03	6.75E-03	1.32E-02	7.19E-03
592	9.90E-03	6.69E-03	1.32E-02	7.19E-03
593	9.85E-03	6.59E-03	1.32E-02	7.19E-03
594	9.83E-03	6.40E-03	1.32E-02	7.18E-03
595	9.81E-03	6.37E-03	1.32E-02	7.15E-03
596	9.73E-03	6.28E-03	1.32E-02	7.13E-03
597	9.72E-03	6.23E-03	1.31E-02	7.10E-03
598	9.72E-03	6.20E-03	1.31E-02	7.09E-03
599	9.72E-03	6.20E-03	1.30E-02	7.09E-03
600	9.62E-03	6.14E-03	1.30E-02	7.07E-03
601	9.57E-03	6.09E-03	1.30E-02	7.03E-03
602	9.56E-03	6.05E-03	1.29E-02	7.03E-03
603	9.56E-03	5.97E-03	1.29E-02	7.00E-03
604	9.54E-03	5.96E-03	1.29E-02	6.96E-03
605	9.53E-03	5.85E-03	1.28E-02	6.96E-03
606	9.45E-03	5.83E-03	1.28E-02	6.94E-03
607	9.42E-03	5.81E-03	1.28E-02	6.93E-03
608	9.42E-03	5.75E-03	1.28E-02	6.93E-03
609	9.35E-03	5.74E-03	1.27E-02	6.92E-03
610	9.34E-03	5.67E-03	1.26E-02	6.92E-03
611	9.28E-03	5.60E-03	1.26E-02	6.91E-03
612	9.24E-03	5.51E-03	1.26E-02	6.90E-03
613	9.21E-03	5.45E-03	1.25E-02	6.89E-03
614	9.16E-03	5.39E-03	1.25E-02	6.85E-03
615	9.16E-03	5.26E-03	1.24E-02	6.85E-03
616	9.13E-03	5.23E-03	1.24E-02	6.79E-03
617	9.13E-03	5.18E-03	1.22E-02	6.78E-03
618	9.11E-03	5.14E-03	1.22E-02	6.77E-03
619	9.04E-03	5.09E-03	1.21E-02	6.76E-03
620	9.02E-03	5.06E-03	1.21E-02	6.75E-03
621	9.02E-03	5.02E-03	1.21E-02	6.74E-03
622	8.97E-03	4.99E-03	1.21E-02	6.74E-03
623	8.97E-03	4.94E-03	1.20E-02	6.68E-03
624	8.95E-03	4.92E-03	1.19E-02	6.68E-03
625	8.95E-03	4.89E-03	1.19E-02	6.67E-03
626	8.93E-03	4.86E-03	1.19E-02	6.66E-03
627	8.91E-03	4.82E-03	1.19E-02	6.65E-03
628	8.87E-03	4.77E-03	1.18E-02	6.62E-03
629	8.84E-03	4.73E-03	1.18E-02	6.61E-03
630	8.79E-03	4.73E-03	1.18E-02	6.54E-03
631	8.76E-03	4.71E-03	1.18E-02	6.51E-03
632	8.76E-03	4.65E-03	1.17E-02	6.51E-03
633	8.75E-03	4.63E-03	1.17E-02	6.51E-03
634	8.73E-03	4.63E-03	1.17E-02	6.50E-03
635	8.70E-03	4.63E-03	1.17E-02	6.49E-03
636	8.69E-03	4.57E-03	1.17E-02	6.48E-03
637	8.68E-03	4.54E-03	1.17E-02	6.47E-03
638	8.68E-03	4.36E-03	1.17E-02	6.46E-03
639	8.62E-03	4.30E-03	1.17E-02	6.45E-03
640	8.60E-03	4.24E-03	1.17E-02	6.44E-03
641	8.56E-03	4.19E-03	1.16E-02	6.44E-03
642	8.56E-03	4.17E-03	1.16E-02	6.43E-03
643	8.54E-03	4.12E-03	1.16E-02	6.43E-03
644	8.51E-03	4.10E-03	1.15E-02	6.42E-03
645	8.49E-03	4.05E-03	1.15E-02	6.42E-03
646	8.47E-03	4.04E-03	1.15E-02	6.38E-03
647	8.45E-03	4.02E-03	1.15E-02	6.38E-03
648	8.44E-03	4.00E-03	1.15E-02	6.34E-03
649	8.44E-03	3.93E-03	1.15E-02	6.33E-03
650	8.41E-03	3.88E-03	1.15E-02	6.33E-03
651	8.41E-03	3.87E-03	1.15E-02	6.33E-03
652	8.40E-03	3.83E-03	1.14E-02	6.28E-03
653	8.40E-03	3.81E-03	1.14E-02	6.24E-03
654	8.36E-03	3.75E-03	1.12E-02	6.19E-03
655	8.36E-03	3.74E-03	1.11E-02	6.16E-03
656	8.33E-03	3.71E-03	1.10E-02	6.15E-03
657	8.33E-03	3.67E-03	1.10E-02	6.15E-03
658	8.32E-03	3.66E-03	1.10E-02	6.15E-03
659	8.32E-03	3.65E-03	1.10E-02	6.14E-03
660	8.32E-03	3.61E-03	1.10E-02	6.14E-03
661	8.31E-03	3.58E-03	1.09E-02	6.13E-03
662	8.24E-03	3.56E-03	1.09E-02	6.12E-03
663	8.24E-03	3.55E-03	1.09E-02	6.12E-03
664	8.24E-03	3.47E-03	1.09E-02	6.03E-03
665	8.22E-03	3.45E-03	1.08E-02	6.02E-03
666	8.19E-03	3.42E-03	1.08E-02	5.96E-03
667	8.16E-03	3.37E-03	1.08E-02	5.95E-03
668	8.15E-03	3.37E-03	1.08E-02	5.95E-03
669	8.11E-03	3.36E-03	1.08E-02	5.94E-03
670	8.06E-03	3.34E-03	1.08E-02	5.93E-03
671	8.06E-03	3.33E-03	1.08E-02	5.91E-03
672	8.06E-03	3.32E-03	1.08E-02	5.89E-03
673	8.05E-03	3.31E-03	1.08E-02	5.88E-03
674	8.05E-03	3.29E-03	1.07E-02	5.88E-03
675	8.04E-03	3.28E-03	1.07E-02	5.88E-03
676	8.04E-03	3.23E-03	1.07E-02	5.84E-03
677	8.04E-03	3.22E-03	1.07E-02	5.81E-03
678	8.04E-03	3.21E-03	1.07E-02	5.81E-03
679	8.03E-03	3.21E-03	1.07E-02	5.78E-03
680	8.01E-03	3.19E-03	1.07E-02	5.78E-03
681	7.99E-03	3.18E-03	1.06E-02	5.72E-03
682	7.98E-03	3.17E-03	1.06E-02	5.72E-03
683	7.98E-03	3.16E-03	1.06E-02	5.71E-03
684	7.97E-03	3.15E-03	1.06E-02	5.71E-03
685	7.95E-03	3.14E-03	1.05E-02	5.70E-03
686	7.94E-03	3.14E-03	1.05E-02	5.64E-03
687	7.93E-03	3.10E-03	1.05E-02	5.64E-03
688	7.87E-03	3.09E-03	1.02E-02	5.63E-03
689	7.87E-03	3.07E-03	1.02E-02	5.63E-03
690	7.86E-03	3.06E-03	1.02E-02	5.63E-03
691	7.85E-03	3.06E-03	1.02E-02	5.59E-03
692	7.84E-03	3.02E-03	1.02E-02	5.59E-03
693	7.84E-03	3.00E-03	1.02E-02	5.59E-03
694	7.81E-03	2.97E-03	1.02E-02	5.59E-03
695	7.81E-03	2.97E-03	1.01E-02	5.59E-03
696	7.81E-03	2.96E-03	1.01E-02	5.59E-03
697	7.80E-03	2.95E-03	1.01E-02	5.58E-03
698	7.80E-03	2.92E-03	1.01E-02	5.58E-03
699	7.80E-03	2.89E-03	1.01E-02	5.58E-03
700	7.79E-03	2.87E-03	1.01E-02	5.58E-03
701	7.79E-03	2.85E-03	1.00E-02	5.57E-03
702	7.79E-03	2.85E-03	1.00E-02	5.57E-03
703	7.79E-03	2.82E-03	1.00E-02	5.57E-03
704	7.78E-03	2.80E-03	9.99E-03	5.56E-03
705	7.78E-03	2.79E-03	9.98E-03	5.55E-03
706	7.78E-03	2.79E-03	9.97E-03	5.55E-03
707	7.78E-03	2.75E-03	9.95E-03	5.55E-03
708	7.78E-03	2.72E-03	9.92E-03	5.55E-03
709	7.78E-03	2.68E-03	9.91E-03	5.55E-03
710	7.77E-03	2.67E-03	9.86E-03	5.55E-03
711	7.77E-03	2.66E-03	9.86E-03	5.55E-03
712	7.77E-03	2.66E-03	9.86E-03	5.55E-03
713	7.77E-03	2.65E-03	9.85E-03	5.55E-03
714	7.77E-03	2.62E-03	9.82E-03	5.53E-03
715	7.75E-03	2.61E-03	9.79E-03	5.51E-03
716	7.75E-03	2.58E-03	9.78E-03	5.49E-03
717	7.75E-03	2.58E-03	9.77E-03	5.44E-03
718	7.75E-03	2.57E-03	9.77E-03	5.42E-03
719	7.75E-03	2.57E-03	9.77E-03	5.41E-03
720	7.75E-03	2.55E-03	9.72E-03	5.39E-03
721	7.75E-03	2.50E-03	9.64E-03	5.39E-03
722	7.74E-03	2.48E-03	9.62E-03	5.36E-03
723	7.74E-03	2.45E-03	9.61E-03	5.36E-03
724	7.72E-03	2.44E-03	9.61E-03	5.33E-03
725	7.72E-03	2.41E-03	9.61E-03	5.33E-03
726	7.72E-03	2.41E-03	9.61E-03	5.32E-03
727	7.71E-03	2.41E-03	9.59E-03	5.31E-03
728	7.70E-03	2.39E-03	9.58E-03	5.31E-03
729	7.70E-03	2.38E-03	9.55E-03	5.30E-03
730	7.70E-03	2.37E-03	9.54E-03	5.30E-03
731	7.70E-03	2.33E-03	9.54E-03	5.30E-03
732	7.70E-03	2.33E-03	9.52E-03	5.30E-03
733	7.69E-03	2.31E-03	9.50E-03	5.28E-03
734	7.69E-03	2.30E-03	9.50E-03	5.27E-03
735	7.69E-03	2.26E-03	9.49E-03	5.25E-03
736	7.69E-03	2.24E-03	9.48E-03	5.24E-03
737	7.69E-03	2.24E-03	9.46E-03	5.24E-03
738	7.69E-03	2.24E-03	9.44E-03	5.22E-03
739	7.69E-03	2.21E-03	9.44E-03	5.22E-03
740	7.69E-03	2.21E-03	9.44E-03	5.21E-03
741	7.69E-03	2.20E-03	9.44E-03	5.20E-03
742	7.69E-03	2.17E-03	9.44E-03	5.20E-03
743	7.69E-03	2.16E-03	9.44E-03	5.20E-03
744	7.69E-03	2.16E-03	9.44E-03	5.19E-03
745	7.69E-03	2.15E-03	9.33E-03	5.19E-03
746	7.69E-03	2.14E-03	9.32E-03	5.19E-03
747	7.69E-03	2.13E-03	9.29E-03	5.19E-03
748	7.68E-03	2.12E-03	9.29E-03	5.16E-03
749	7.68E-03	2.07E-03	9.25E-03	5.16E-03
750	7.67E-03	2.07E-03	9.21E-03	5.16E-03
751	7.67E-03	2.07E-03	9.18E-03	5.13E-03
752	7.67E-03	2.07E-03	9.17E-03	5.13E-03
753	7.66E-03	2.06E-03	9.14E-03	5.08E-03
754	7.66E-03	2.04E-03	9.14E-03	5.06E-03
755	7.66E-03	2.04E-03	9.13E-03	5.06E-03
756	7.66E-03	2.03E-03	9.12E-03	5.05E-03
757	7.66E-03	2.03E-03	9.11E-03	5.04E-03
758	7.65E-03	2.01E-03	9.10E-03	5.04E-03
759	7.65E-03	2.00E-03	9.09E-03	5.04E-03
760	7.64E-03	1.99E-03	9.03E-03	5.03E-03
761	7.64E-03	1.98E-03	9.02E-03	5.03E-03
762	7.64E-03	1.98E-03	9.01E-03	5.03E-03
763	7.64E-03	1.98E-03	9.01E-03	5.01E-03
764	7.64E-03	1.98E-03	9.00E-03	5.01E-03
765	7.64E-03	1.98E-03	8.99E-03	4.96E-03
766	7.64E-03	1.98E-03	8.96E-03	4.94E-03
767	7.64E-03	1.98E-03	8.94E-03	4.94E-03
768	7.64E-03	1.98E-03	8.93E-03	4.93E-03
769	7.64E-03	1.98E-03	8.92E-03	4.93E-03
770	7.64E-03	1.98E-03	8.91E-03	4.90E-03
771	7.64E-03	1.98E-03	8.91E-03	4.90E-03
772	7.64E-03	1.98E-03	8.89E-03	4.90E-03
773	7.64E-03	1.98E-03	8.89E-03	4.90E-03
774	7.63E-03	1.98E-03	8.89E-03	4.90E-03
775	7.63E-03	1.98E-03	8.89E-03	4.90E-03
776	7.63E-03	1.98E-03	8.89E-03	4.87E-03
777	7.63E-03	1.98E-03	8.88E-03	4.87E-03
778	7.63E-03	1.98E-03	8.88E-03	4.84E-03
779	7.63E-03	1.98E-03	8.86E-03	4.83E-03
780	7.63E-03	1.98E-03	8.83E-03	4.82E-03
781	7.63E-03	1.98E-03	8.81E-03	4.82E-03
782	7.63E-03	1.98E-03	8.78E-03	4.79E-03
783	7.63E-03	1.80E-03	8.78E-03	4.78E-03
784	7.63E-03	1.80E-03	8.77E-03	4.78E-03
785	7.62E-03	1.79E-03	8.77E-03	4.77E-03
786	7.62E-03	1.79E-03	8.76E-03	4.77E-03
787	7.62E-03	1.79E-03	8.73E-03	4.76E-03
788	7.62E-03	1.76E-03	8.72E-03	4.76E-03
789	7.62E-03	1.76E-03	8.71E-03	4.76E-03
790	7.62E-03	1.75E-03	8.70E-03	4.74E-03
791	7.62E-03	1.73E-03	8.67E-03	4.68E-03
792	7.62E-03	1.72E-03	8.67E-03	4.66E-03
793	7.62E-03	1.71E-03	8.65E-03	4.64E-03
794	7.62E-03	1.71E-03	8.64E-03	4.62E-03
795	7.62E-03	1.69E-03	8.57E-03	4.60E-03
796	7.61E-03	1.68E-03	8.55E-03	4.59E-03
797	7.61E-03	1.66E-03	8.53E-03	4.59E-03
798	7.61E-03	1.66E-03	8.53E-03	4.59E-03
799	7.61E-03	1.66E-03	8.46E-03	4.59E-03
800	7.61E-03	1.65E-03	8.44E-03	4.55E-03
801	7.61E-03	1.65E-03	8.43E-03	4.55E-03
802	7.61E-03	1.64E-03	8.43E-03	4.54E-03
803	7.61E-03	1.62E-03	8.39E-03	4.52E-03
804	7.61E-03	1.62E-03	8.30E-03	4.52E-03
805	7.61E-03	1.62E-03	8.30E-03	4.52E-03
806	7.61E-03	1.61E-03	8.30E-03	4.51E-03
807	7.61E-03	1.61E-03	8.27E-03	4.51E-03
808	7.57E-03	1.60E-03	8.26E-03	4.51E-03
809	7.57E-03	1.59E-03	8.24E-03	4.51E-03
810	7.56E-03	1.59E-03	8.23E-03	4.50E-03
811	7.56E-03	1.59E-03	8.23E-03	4.49E-03
812	7.56E-03	1.58E-03	8.23E-03	4.49E-03
813	7.56E-03	1.56E-03	8.21E-03	4.46E-03
814	7.56E-03	1.54E-03	8.21E-03	4.41E-03
815	7.56E-03	1.54E-03	8.17E-03	4.41E-03
816	7.56E-03	1.53E-03	8.16E-03	4.41E-03
817	7.56E-03	1.53E-03	7.99E-03	4.40E-03
818	7.56E-03	1.52E-03	7.99E-03	4.39E-03
819	7.56E-03	1.51E-03	7.94E-03	4.39E-03
820	7.56E-03	1.51E-03	7.94E-03	4.38E-03
821	7.56E-03	1.51E-03	7.94E-03	4.37E-03
822	7.56E-03	1.50E-03	7.94E-03	4.34E-03
823	7.56E-03	1.49E-03	7.94E-03	4.34E-03
824	7.56E-03	1.48E-03	7.94E-03	4.34E-03
825	7.56E-03	1.43E-03	7.94E-03	4.34E-03
826	7.56E-03	1.42E-03	7.91E-03	4.33E-03
827	7.56E-03	1.42E-03	7.89E-03	4.33E-03
828	7.56E-03	1.42E-03	7.89E-03	4.33E-03
829	7.55E-03	1.42E-03	7.88E-03	4.32E-03
830	7.55E-03	1.42E-03	7.88E-03	4.32E-03
831	7.55E-03	1.42E-03	7.87E-03	4.32E-03
832	7.55E-03	1.42E-03	7.87E-03	4.29E-03
833	7.55E-03	1.41E-03	7.87E-03	4.27E-03
834	7.55E-03	1.41E-03	7.87E-03	4.27E-03
835	7.55E-03	1.39E-03	7.87E-03	4.26E-03
836	7.55E-03	1.39E-03	7.87E-03	4.26E-03
837	7.55E-03	1.39E-03	7.87E-03	4.26E-03
838	7.55E-03	1.39E-03	7.86E-03	4.26E-03
839	7.55E-03	1.37E-03	7.85E-03	4.24E-03
840	7.55E-03	1.37E-03	7.84E-03	4.24E-03
841	7.55E-03	1.37E-03	7.82E-03	4.23E-03
842	7.55E-03	1.37E-03	7.82E-03	4.22E-03
843	7.55E-03	1.37E-03	7.82E-03	4.20E-03
844	7.55E-03	1.36E-03	7.82E-03	4.20E-03
845	7.54E-03	1.35E-03	7.82E-03	4.20E-03
846	7.54E-03	1.34E-03	7.82E-03	4.15E-03
847	7.54E-03	1.33E-03	7.82E-03	4.15E-03
848	7.54E-03	1.33E-03	7.82E-03	4.15E-03
849	7.54E-03	1.30E-03	7.81E-03	4.15E-03
850	7.54E-03	1.29E-03	7.79E-03	4.09E-03
851	7.54E-03	1.29E-03	7.78E-03	4.09E-03
852	7.54E-03	1.28E-03	7.78E-03	4.09E-03
853	7.54E-03	1.28E-03	7.76E-03	4.08E-03
854	7.54E-03	1.28E-03	7.74E-03	4.08E-03
855	7.54E-03	1.28E-03	7.72E-03	4.08E-03
856	7.54E-03	1.27E-03	7.72E-03	4.08E-03
857	7.54E-03	1.26E-03	7.72E-03	4.07E-03
858	7.54E-03	1.26E-03	7.72E-03	4.06E-03
859	7.54E-03	1.26E-03	7.71E-03	4.01E-03
860	7.54E-03	1.25E-03	7.71E-03	4.01E-03
861	7.54E-03	1.24E-03	7.69E-03	4.01E-03
862	7.54E-03	1.24E-03	7.69E-03	3.98E-03
863	7.54E-03	1.22E-03	7.68E-03	3.98E-03
864	7.54E-03	1.21E-03	7.68E-03	3.98E-03
865	7.54E-03	1.21E-03	7.68E-03	3.98E-03
866	7.49E-03	1.21E-03	7.65E-03	3.98E-03
867	7.49E-03	1.21E-03	7.65E-03	3.97E-03
868	7.49E-03	1.21E-03	7.63E-03	3.97E-03
869	7.49E-03	1.20E-03	7.63E-03	3.97E-03
870	7.49E-03	1.20E-03	7.60E-03	3.96E-03
871	7.49E-03	1.20E-03	7.60E-03	3.95E-03
872	7.49E-03	1.19E-03	7.60E-03	3.95E-03
873	7.49E-03	1.19E-03	7.60E-03	3.95E-03
874	7.49E-03	1.19E-03	7.60E-03	3.95E-03
875	7.49E-03	1.18E-03	7.59E-03	3.94E-03
876	7.44E-03	1.16E-03	7.58E-03	3.94E-03
877	7.44E-03	1.15E-03	7.56E-03	3.94E-03
878	7.44E-03	1.15E-03	7.55E-03	3.94E-03
879	7.44E-03	1.15E-03	7.55E-03	3.93E-03
880	7.44E-03	1.14E-03	7.52E-03	3.93E-03
881	7.44E-03	1.12E-03	7.52E-03	3.91E-03
882	7.44E-03	1.12E-03	7.48E-03	3.90E-03
883	7.39E-03	1.12E-03	7.47E-03	3.89E-03
884	7.39E-03	1.12E-03	7.47E-03	3.89E-03
885	7.39E-03	1.12E-03	7.47E-03	3.89E-03
886	7.39E-03	1.12E-03	7.45E-03	3.89E-03
887	7.39E-03	1.11E-03	7.44E-03	3.88E-03
888	7.39E-03	1.11E-03	7.43E-03	3.88E-03
889	7.39E-03	1.06E-03	7.39E-03	3.88E-03
890	7.39E-03	1.06E-03	7.39E-03	3.88E-03
891	7.39E-03	1.06E-03	7.37E-03	3.87E-03
892	7.39E-03	1.05E-03	7.37E-03	3.86E-03
893	7.39E-03	1.05E-03	7.36E-03	3.85E-03
894	7.39E-03	1.05E-03	7.36E-03	3.85E-03
895	7.39E-03	1.04E-03	7.34E-03	3.83E-03
896	7.39E-03	1.04E-03	7.34E-03	3.83E-03
897	7.39E-03	1.03E-03	7.34E-03	3.82E-03
898	7.39E-03	1.03E-03	7.33E-03	3.82E-03
899	7.39E-03	1.03E-03	7.33E-03	3.82E-03
900	7.39E-03	1.03E-03	7.32E-03	3.82E-03
901	7.39E-03	9.99E-04	7.32E-03	3.80E-03
902	7.39E-03	9.98E-04	7.30E-03	3.80E-03
903	7.39E-03	9.98E-04	7.30E-03	3.80E-03
904	7.39E-03	9.95E-04	7.30E-03	3.80E-03
905	7.37E-03	9.90E-04	7.30E-03	3.80E-03
906	7.37E-03	9.89E-04	7.30E-03	3.77E-03
907	7.32E-03	9.86E-04	7.29E-03	3.75E-03
908	7.27E-03	9.82E-04	7.29E-03	3.75E-03
909	7.23E-03	9.74E-04	7.29E-03	3.74E-03
910	7.23E-03	9.74E-04	7.29E-03	3.74E-03
911	7.22E-03	9.74E-04	7.29E-03	3.74E-03
912	7.22E-03	9.73E-04	7.29E-03	3.72E-03
913	7.22E-03	9.71E-04	7.28E-03	3.71E-03
914	7.13E-03	9.57E-04	7.28E-03	3.71E-03
915	7.09E-03	9.55E-04	7.24E-03	3.71E-03
916	6.97E-03	9.51E-04	7.23E-03	3.71E-03
917	6.96E-03	9.51E-04	7.22E-03	3.69E-03
918	6.96E-03	9.48E-04	7.20E-03	3.69E-03
919	6.96E-03	9.45E-04	7.20E-03	3.68E-03
920	6.96E-03	9.33E-04	7.20E-03	3.67E-03
921	6.86E-03	9.32E-04	7.19E-03	3.67E-03
922	6.81E-03	9.28E-04	7.19E-03	3.66E-03
923	6.79E-03	9.28E-04	7.18E-03	3.66E-03
924	6.79E-03	9.23E-04	7.18E-03	3.65E-03
925	6.72E-03	9.23E-04	7.18E-03	3.63E-03
926	6.66E-03	9.17E-04	7.18E-03	3.63E-03
927	6.60E-03	9.17E-04	7.18E-03	3.61E-03
928	6.60E-03	9.15E-04	7.14E-03	3.61E-03
929	6.50E-03	9.04E-04	7.11E-03	3.57E-03
930	6.50E-03	9.02E-04	7.10E-03	3.57E-03
931	6.48E-03	8.95E-04	7.09E-03	3.57E-03
932	6.48E-03	8.84E-04	7.05E-03	3.57E-03
933	6.39E-03	8.83E-04	7.05E-03	3.56E-03
934	6.30E-03	8.80E-04	6.98E-03	3.56E-03
935	6.19E-03	8.79E-04	6.97E-03	3.55E-03
936	6.19E-03	8.77E-04	6.97E-03	3.53E-03
937	6.19E-03	8.77E-04	6.97E-03	3.52E-03
938	6.19E-03	8.76E-04	6.97E-03	3.52E-03
939	6.19E-03	8.76E-04	6.96E-03	3.52E-03
940	6.19E-03	8.73E-04	6.94E-03	3.52E-03
941	6.19E-03	8.73E-04	6.93E-03	3.52E-03
942	6.19E-03	8.73E-04	6.93E-03	3.50E-03
943	6.19E-03	8.72E-04	6.90E-03	3.49E-03
944	6.08E-03	8.71E-04	6.90E-03	3.49E-03
945	6.04E-03	8.70E-04	6.90E-03	3.48E-03
946	5.98E-03	8.55E-04	6.89E-03	3.44E-03
947	5.95E-03	8.55E-04	6.89E-03	3.44E-03
948	5.95E-03	8.55E-04	6.89E-03	3.44E-03
949	5.59E-03	8.54E-04	6.88E-03	3.43E-03
950	5.58E-03	8.49E-04	6.87E-03	3.43E-03
951	5.55E-03	8.46E-04	6.87E-03	3.43E-03
952	5.54E-03	8.45E-04	6.87E-03	3.43E-03
953	5.34E-03	8.45E-04	6.87E-03	3.43E-03
954	5.34E-03	8.44E-04	6.87E-03	3.43E-03
955	5.29E-03	8.44E-04	6.85E-03	3.43E-03
956	5.29E-03	8.44E-04	6.84E-03	3.40E-03
957	5.29E-03	8.36E-04	6.83E-03	3.38E-03
958	5.29E-03	8.35E-04	6.81E-03	3.37E-03
959	5.19E-03	8.35E-04	6.81E-03	3.36E-03
960	5.19E-03	8.34E-04	6.81E-03	3.35E-03
961	5.19E-03	8.29E-04	6.81E-03	3.35E-03
962	5.19E-03	8.29E-04	6.81E-03	3.35E-03
963	5.19E-03	8.28E-04	6.81E-03	3.34E-03
964	5.19E-03	8.28E-04	6.81E-03	3.34E-03
965	5.19E-03	8.23E-04	6.81E-03	3.33E-03
966	5.19E-03	8.09E-04	6.80E-03	3.33E-03
967	5.19E-03	8.09E-04	6.80E-03	3.32E-03
968	5.19E-03	8.08E-04	6.79E-03	3.32E-03
969	5.19E-03	8.07E-04	6.77E-03	3.32E-03
970	5.19E-03	8.07E-04	6.77E-03	3.31E-03
971	4.99E-03	8.07E-04	6.77E-03	3.31E-03
972	4.99E-03	8.07E-04	6.76E-03	3.30E-03
973	4.99E-03	8.07E-04	6.75E-03	3.28E-03
974	4.99E-03	8.07E-04	6.74E-03	3.28E-03
975	4.99E-03	8.07E-04	6.73E-03	3.28E-03
976	4.99E-03	8.07E-04	6.73E-03	3.27E-03
977	4.99E-03	8.07E-04	6.68E-03	3.27E-03
978	4.99E-03	8.07E-04	6.67E-03	3.26E-03
979	4.99E-03	8.07E-04	6.66E-03	3.26E-03
980	4.99E-03	7.85E-04	6.64E-03	3.26E-03
981	4.99E-03	7.85E-04	6.63E-03	3.25E-03
982	4.99E-03	7.83E-04	6.63E-03	3.23E-03
983	4.99E-03	7.77E-04	6.63E-03	3.23E-03
984	4.95E-03	7.72E-04	6.63E-03	3.23E-03
985	4.83E-03	7.72E-04	6.63E-03	3.21E-03
986	4.83E-03	7.68E-04	6.63E-03	3.21E-03
987	4.78E-03	7.67E-04	6.63E-03	3.21E-03
988	4.68E-03	7.58E-04	6.63E-03	3.21E-03
989	4.64E-03	7.58E-04	6.62E-03	3.21E-03
990	4.60E-03	7.57E-04	6.62E-03	3.21E-03
991	4.59E-03	7.56E-04	6.62E-03	3.21E-03
992	4.59E-03	7.56E-04	6.62E-03	3.20E-03
993	4.54E-03	7.55E-04	6.61E-03	3.20E-03
994	4.46E-03	7.54E-04	6.61E-03	3.20E-03
995	4.36E-03	7.53E-04	6.61E-03	3.20E-03
996	4.36E-03	7.48E-04	6.61E-03	3.20E-03
997	4.25E-03	7.48E-04	6.61E-03	3.19E-03
998	4.24E-03	7.47E-04	6.59E-03	3.19E-03
999	4.24E-03	7.46E-04	6.56E-03	3.19E-03
1000	1E-20	1E-20	1E-20	3.19E-03
1001	1E-20	1E-20	1E-20	3.18E-03
1002	1E-20	1E-20	1E-20	3.18E-03
1003	1E-20	1E-20	1E-20	3.17E-03
1004	1E-20	1E-20	1E-20	3.17E-03
1005	1E-20	1E-20	1E-20	3.17E-03
1006	1E-20	1E-20	1E-20	3.17E-03
1007	1E-20	1E-20	1E-20	3.17E-03
1008	1E-20	1E-20	1E-20	3.16E-03
1009	1E-20	1E-20	1E-20	3.16E-03
1010	1E-20	1E-20	1E-20	3.16E-03
1011	1E-20	1E-20	1E-20	3.16E-03
1012	1E-20	1E-20	1E-20	3.16E-03
1013	1E-20	1E-20	1E-20	3.16E-03
1014	1E-20	1E-20	1E-20	3.16E-03
1015	1E-20	1E-20	1E-20	3.16E-03
1016	1E-20	1E-20	1E-20	3.16E-03
1017	1E-20	1E-20	1E-20	3.15E-03
1018	1E-20	1E-20	1E-20	3.15E-03
1019	1E-20	1E-20	1E-20	3.14E-03
1020	1E-20	1E-20	1E-20	3.14E-03
1021	1E-20	1E-20	1E-20	3.13E-03
1022	1E-20	1E-20	1E-20	3.12E-03
1023	1E-20	1E-20	1E-20	3.12E-03
1024	1E-20	1E-20	1E-20	3.12E-03
1025	1E-20	1E-20	1E-20	3.12E-03
1026	1E-20	1E-20	1E-20	3.11E-03
1027	1E-20	1E-20	1E-20	3.11E-03
1028	1E-20	1E-20	1E-20	3.11E-03
1029	1E-20	1E-20	1E-20	3.11E-03
1030	1E-20	1E-20	1E-20	3.08E-03
1031	1E-20	1E-20	1E-20	3.08E-03
1032	1E-20	1E-20	1E-20	3.07E-03
1033	1E-20	1E-20	1E-20	3.07E-03
1034	1E-20	1E-20	1E-20	3.06E-03
1035	1E-20	1E-20	1E-20	3.06E-03
1036	1E-20	1E-20	1E-20	3.06E-03
1037	1E-20	1E-20	1E-20	3.06E-03
1038	1E-20	1E-20	1E-20	3.06E-03
1039	1E-20	1E-20	1E-20	3.06E-03
1040	1E-20	1E-20	1E-20	3.06E-03
1041	1E-20	1E-20	1E-20	3.06E-03
1042	1E-20	1E-20	1E-20	3.06E-03
1043	1E-20	1E-20	1E-20	3.06E-03
1044	1E-20	1E-20	1E-20	3.06E-03
1045	1E-20	1E-20	1E-20	3.06E-03
1046	1E-20	1E-20	1E-20	3.05E-03
1047	1E-20	1E-20	1E-20	3.05E-03
1048	1E-20	1E-20	1E-20	3.05E-03
1049	1E-20	1E-20	1E-20	3.05E-03
1050	1E-20	1E-20	1E-20	3.05E-03
1051	1E-20	1E-20	1E-20	3.05E-03
1052	1E-20	1E-20	1E-20	3.05E-03
1053	1E-20	1E-20	1E-20	3.05E-03
1054	1E-20	1E-20	1E-20	3.04E-03
1055	1E-20	1E-20	1E-20	3.03E-03
1056	1E-20	1E-20	1E-20	2.98E-03
1057	1E-20	1E-20	1E-20	2.98E-03
1058	1E-20	1E-20	1E-20	2.97E-03
1059	1E-20	1E-20	1E-20	2.97E-03
1060	1E-20	1E-20	1E-20	2.97E-03
1061	1E-20	1E-20	1E-20	2.97E-03
1062	1E-20	1E-20	1E-20	2.93E-03
1063	1E-20	1E-20	1E-20	2.93E-03
1064	1E-20	1E-20	1E-20	2.93E-03
1065	1E-20	1E-20	1E-20	2.92E-03
1066	1E-20	1E-20	1E-20	2.92E-03
1067	1E-20	1E-20	1E-20	2.92E-03
1068	1E-20	1E-20	1E-20	2.92E-03
1069	1E-20	1E-20	1E-20	2.91E-03
1070	1E-20	1E-20	1E-20	2.90E-03
1071	1E-20	1E-20	1E-20	2.90E-03
1072	1E-20	1E-20	1E-20	2.90E-03
1073	1E-20	1E-20	1E-20	2.90E-03
1074	1E-20	1E-20	1E-20	2.90E-03
1075	1E-20	1E-20	1E-20	2.90E-03
1076	1E-20	1E-20	1E-20	2.89E-03
1077	1E-20	1E-20	1E-20	2.89E-03
1078	1E-20	1E-20	1E-20	2.89E-03
1079	1E-20	1E-20	1E-20	2.89E-03
1080	1E-20	1E-20	1E-20	2.89E-03
1081	1E-20	1E-20	1E-20	2.88E-03
1082	1E-20	1E-20	1E-20	2.88E-03
1083	1E-20	1E-20	1E-20	2.88E-03
1084	1E-20	1E-20	1E-20	2.88E-03
1085	1E-20	1E-20	1E-20	2.88E-03
1086	1E-20	1E-20	1E-20	2.88E-03
1087	1E-20	1E-20	1E-20	2.87E-03
1088	1E-20	1E-20	1E-20	2.87E-03
1089	1E-20	1E-20	1E-20	2.85E-03
1090	1E-20	1E-20	1E-20	2.84E-03
1091	1E-20	1E-20	1E-20	2.84E-03
1092	1E-20	1E-20	1E-20	2.84E-03
1093	1E-20	1E-20	1E-20	2.84E-03
1094	1E-20	1E-20	1E-20	2.84E-03
1095	1E-20	1E-20	1E-20	2.84E-03
1096	1E-20	1E-20	1E-20	2.83E-03
1097	1E-20	1E-20	1E-20	2.83E-03
1098	1E-20	1E-20	1E-20	2.83E-03
1099	1E-20	1E-20	1E-20	2.83E-03
1100	1E-20	1E-20	1E-20	2.83E-03
1101	1E-20	1E-20	1E-20	2.83E-03
1102	1E-20	1E-20	1E-20	2.83E-03
1103	1E-20	1E-20	1E-20	2.82E-03
1104	1E-20	1E-20	1E-20	2.82E-03
1105	1E-20	1E-20	1E-20	2.82E-03
1106	1E-20	1E-20	1E-20	2.82E-03
1107	1E-20	1E-20	1E-20	2.81E-03
1108	1E-20	1E-20	1E-20	2.81E-03
1109	1E-20	1E-20	1E-20	2.81E-03
1110	1E-20	1E-20	1E-20	2.81E-03
1111	1E-20	1E-20	1E-20	2.81E-03
1112	1E-20	1E-20	1E-20	2.81E-03
1113	1E-20	1E-20	1E-20	2.81E-03
1114	1E-20	1E-20	1E-20	2.79E-03
1115	1E-20	1E-20	1E-20	2.79E-03
1116	1E-20	1E-20	1E-20	2.77E-03
1117	1E-20	1E-20	1E-20	2.77E-03
1118	1E-20	1E-20	1E-20	2.77E-03
1119	1E-20	1E-20	1E-20	2.77E-03
1120	1E-20	1E-20	1E-20	2.76E-03
1121	1E-20	1E-20	1E-20	2.76E-03
1122	1E-20	1E-20	1E-20	2.76E-03
1123	1E-20	1E-20	1E-20	2.74E-03
1124	1E-20	1E-20	1E-20	2.71E-03
1125	1E-20	1E-20	1E-20	2.71E-03
1126	1E-20	1E-20	1E-20	2.71E-03
1127	1E-20	1E-20	1E-20	2.71E-03
1128	1E-20	1E-20	1E-20	2.71E-03
1129	1E-20	1E-20	1E-20	2.70E-03
1130	1E-20	1E-20	1E-20	2.70E-03
1131	1E-20	1E-20	1E-20	2.69E-03
1132	1E-20	1E-20	1E-20	2.69E-03
1133	1E-20	1E-20	1E-20	2.68E-03
1134	1E-20	1E-20	1E-20	2.68E-03
1135	1E-20	1E-20	1E-20	2.67E-03
1136	1E-20	1E-20	1E-20	2.66E-03
1137	1E-20	1E-20	1E-20	2.66E-03
1138	1E-20	1E-20	1E-20	2.66E-03
1139	1E-20	1E-20	1E-20	2.65E-03
1140	1E-20	1E-20	1E-20	2.64E-03
1141	1E-20	1E-20	1E-20	2.64E-03
1142	1E-20	1E-20	1E-20	2.64E-03
1143	1E-20	1E-20	1E-20	2.61E-03
1144	1E-20	1E-20	1E-20	2.60E-03
1145	1E-20	1E-20	1E-20	2.60E-03
1146	1E-20	1E-20	1E-20	2.60E-03
1147	1E-20	1E-20	1E-20	2.60E-03
1148	1E-20	1E-20	1E-20	2.60E-03
1149	1E-20	1E-20	1E-20	2.60E-03
1150	1E-20	1E-20	1E-20	2.60E-03
1151	1E-20	1E-20	1E-20	2.59E-03
1152	1E-20	1E-20	1E-20	2.59E-03
1153	1E-20	1E-20	1E-20	2.59E-03
1154	1E-20	1E-20	1E-20	2.59E-03
1155	1E-20	1E-20	1E-20	2.59E-03
1156	1E-20	1E-20	1E-20	2.58E-03
1157	1E-20	1E-20	1E-20	2.58E-03
1158	1E-20	1E-20	1E-20	2.58E-03
1159	1E-20	1E-20	1E-20	2.58E-03
1160	1E-20	1E-20	1E-20	2.57E-03
1161	1E-20	1E-20	1E-20	2.57E-03
1162	1E-20	1E-20	1E-20	2.57E-03
1163	1E-20	1E-20	1E-20	2.57E-03
1164	1E-20	1E-20	1E-20	2.55E-03
1165	1E-20	1E-20	1E-20	2.55E-03
1166	1E-20	1E-20	1E-20	2.55E-03
1167	1E-20	1E-20	1E-20	2.52E-03
1168	1E-20	1E-20	1E-20	2.52E-03
1169	1E-20	1E-20	1E-20	2.52E-03
1170	1E-20	1E-20	1E-20	2.52E-03
1171	1E-20	1E-20	1E-20	2.51E-03
1172	1E-20	1E-20	1E-20	2.51E-03
1173	1E-20	1E-20	1E-20	2.50E-03
1174	1E-20	1E-20	1E-20	2.50E-03
1175	1E-20	1E-20	1E-20	2.50E-03
1176	1E-20	1E-20	1E-20	2.50E-03
1177	1E-20	1E-20	1E-20	2.49E-03
1178	1E-20	1E-20	1E-20	2.49E-03
1179	1E-20	1E-20	1E-20	2.49E-03
1180	1E-20	1E-20	1E-20	2.48E-03
1181	1E-20	1E-20	1E-20	2.48E-03
1182	1E-20	1E-20	1E-20	2.48E-03
1183	1E-20	1E-20	1E-20	2.48E-03
1184	1E-20	1E-20	1E-20	2.48E-03
1185	1E-20	1E-20	1E-20	2.48E-03
1186	1E-20	1E-20	1E-20	2.48E-03
1187	1E-20	1E-20	1E-20	2.48E-03
1188	1E-20	1E-20	1E-20	2.47E-03
1189	1E-20	1E-20	1E-20	2.47E-03
1190	1E-20	1E-20	1E-20	2.47E-03
1191	1E-20	1E-20	1E-20	2.47E-03
1192	1E-20	1E-20	1E-20	2.46E-03
1193	1E-20	1E-20	1E-20	2.45E-03
1194	1E-20	1E-20	1E-20	2.44E-03
1195	1E-20	1E-20	1E-20	2.44E-03
1196	1E-20	1E-20	1E-20	2.43E-03
1197	1E-20	1E-20	1E-20	2.43E-03
1198	1E-20	1E-20	1E-20	2.43E-03
1199	1E-20	1E-20	1E-20	2.42E-03
1200	1E-20	1E-20	1E-20	2.42E-03
1201	1E-20	1E-20	1E-20	2.42E-03
1202	1E-20	1E-20	1E-20	2.41E-03
1203	1E-20	1E-20	1E-20	2.39E-03
1204	1E-20	1E-20	1E-20	2.38E-03
1205	1E-20	1E-20	1E-20	2.38E-03
1206	1E-20	1E-20	1E-20	2.37E-03
1207	1E-20	1E-20	1E-20	2.37E-03
1208	1E-20	1E-20	1E-20	2.37E-03
1209	1E-20	1E-20	1E-20	2.35E-03
1210	1E-20	1E-20	1E-20	2.35E-03
1211	1E-20	1E-20	1E-20	2.35E-03
1212	1E-20	1E-20	1E-20	2.35E-03
1213	1E-20	1E-20	1E-20	2.35E-03
1214	1E-20	1E-20	1E-20	2.35E-03
1215	1E-20	1E-20	1E-20	2.34E-03
1216	1E-20	1E-20	1E-20	2.34E-03
1217	1E-20	1E-20	1E-20	2.34E-03
1218	1E-20	1E-20	1E-20	2.34E-03
1219	1E-20	1E-20	1E-20	2.34E-03
1220	1E-20	1E-20	1E-20	2.34E-03
1221	1E-20	1E-20	1E-20	2.34E-03
1222	1E-20	1E-20	1E-20	2.34E-03
1223	1E-20	1E-20	1E-20	2.34E-03
1224	1E-20	1E-20	1E-20	2.34E-03
1225	1E-20	1E-20	1E-20	2.34E-03
1226	1E-20	1E-20	1E-20	2.33E-03
1227	1E-20	1E-20	1E-20	2.33E-03
1228	1E-20	1E-20	1E-20	2.33E-03
1229	1E-20	1E-20	1E-20	2.33E-03
1230	1E-20	1E-20	1E-20	2.33E-03
1231	1E-20	1E-20	1E-20	2.33E-03
1232	1E-20	1E-20	1E-20	2.32E-03
1233	1E-20	1E-20	1E-20	2.32E-03
1234	1E-20	1E-20	1E-20	2.32E-03
1235	1E-20	1E-20	1E-20	2.32E-03
1236	1E-20	1E-20	1E-20	2.31E-03
1237	1E-20	1E-20	1E-20	2.31E-03
1238	1E-20	1E-20	1E-20	2.31E-03
1239	1E-20	1E-20	1E-20	2.31E-03
1240	1E-20	1E-20	1E-20	2.31E-03
1241	1E-20	1E-20	1E-20	2.31E-03
1242	1E-20	1E-20	1E-20	2.30E-03
1243	1E-20	1E-20	1E-20	2.30E-03
1244	1E-20	1E-20	1E-20	2.30E-03
1245	1E-20	1E-20	1E-20	2.29E-03
1246	1E-20	1E-20	1E-20	2.29E-03
1247	1E-20	1E-20	1E-20	2.29E-03
1248	1E-20	1E-20	1E-20	2.29E-03
1249	1E-20	1E-20	1E-20	2.29E-03
1250	1E-20	1E-20	1E-20	2.29E-03
1251	1E-20	1E-20	1E-20	2.27E-03
1252	1E-20	1E-20	1E-20	2.27E-03
1253	1E-20	1E-20	1E-20	2.27E-03
1254	1E-20	1E-20	1E-20	2.27E-03
1255	1E-20	1E-20	1E-20	2.27E-03
1256	1E-20	1E-20	1E-20	2.27E-03
1257	1E-20	1E-20	1E-20	2.27E-03
1258	1E-20	1E-20	1E-20	2.27E-03
1259	1E-20	1E-20	1E-20	2.27E-03
1260	1E-20	1E-20	1E-20	2.27E-03
1261	1E-20	1E-20	1E-20	2.23E-03
1262	1E-20	1E-20	1E-20	2.23E-03
1263	1E-20	1E-20	1E-20	2.22E-03
1264	1E-20	1E-20	1E-20	2.22E-03
1265	1E-20	1E-20	1E-20	2.22E-03
1266	1E-20	1E-20	1E-20	2.22E-03
1267	1E-20	1E-20	1E-20	2.22E-03
1268	1E-20	1E-20	1E-20	2.20E-03
1269	1E-20	1E-20	1E-20	2.20E-03
1270	1E-20	1E-20	1E-20	2.20E-03
1271	1E-20	1E-20	1E-20	2.15E-03
1272	1E-20	1E-20	1E-20	2.15E-03
1273	1E-20	1E-20	1E-20	2.15E-03
1274	1E-20	1E-20	1E-20	2.15E-03
1275	1E-20	1E-20	1E-20	2.15E-03
1276	1E-20	1E-20	1E-20	2.15E-03
1277	1E-20	1E-20	1E-20	2.15E-03
1278	1E-20	1E-20	1E-20	2.15E-03
1279	1E-20	1E-20	1E-20	2.15E-03
1280	1E-20	1E-20	1E-20	2.15E-03
1281	1E-20	1E-20	1E-20	2.15E-03
1282	1E-20	1E-20	1E-20	2.15E-03
1283	1E-20	1E-20	1E-20	2.15E-03
1284	1E-20	1E-20	1E-20	2.14E-03
1285	1E-20	1E-20	1E-20	2.14E-03
1286	1E-20	1E-20	1E-20	2.14E-03
1287	1E-20	1E-20	1E-20	2.14E-03
1288	1E-20	1E-20	1E-20	2.13E-03
1289	1E-20	1E-20	1E-20	2.12E-03
1290	1E-20	1E-20	1E-20	2.12E-03
1291	1E-20	1E-20	1E-20	2.12E-03
1292	1E-20	1E-20	1E-20	2.11E-03
1293	1E-20	1E-20	1E-20	2.10E-03
1294	1E-20	1E-20	1E-20	2.10E-03
1295	1E-20	1E-20	1E-20	2.10E-03
1296	1E-20	1E-20	1E-20	2.10E-03
1297	1E-20	1E-20	1E-20	2.10E-03
1298	1E-20	1E-20	1E-20	2.07E-03
1299	1E-20	1E-20	1E-20	2.07E-03
1300	1E-20	1E-20	1E-20	2.07E-03
1301	1E-20	1E-20	1E-20	2.07E-03
1302	1E-20	1E-20	1E-20	2.07E-03
1303	1E-20	1E-20	1E-20	2.06E-03
1304	1E-20	1E-20	1E-20	2.05E-03
1305	1E-20	1E-20	1E-20	2.05E-03
1306	1E-20	1E-20	1E-20	2.05E-03
1307	1E-20	1E-20	1E-20	2.05E-03
1308	1E-20	1E-20	1E-20	2.04E-03
1309	1E-20	1E-20	1E-20	2.03E-03
1310	1E-20	1E-20	1E-20	2.03E-03
1311	1E-20	1E-20	1E-20	2.03E-03
1312	1E-20	1E-20	1E-20	2.03E-03
1313	1E-20	1E-20	1E-20	2.03E-03
1314	1E-20	1E-20	1E-20	2.03E-03
1315	1E-20	1E-20	1E-20	2.02E-03
1316	1E-20	1E-20	1E-20	2.02E-03
1317	1E-20	1E-20	1E-20	2.02E-03
1318	1E-20	1E-20	1E-20	2.02E-03
1319	1E-20	1E-20	1E-20	2.02E-03
1320	1E-20	1E-20	1E-20	2.01E-03
1321	1E-20	1E-20	1E-20	2.01E-03
1322	1E-20	1E-20	1E-20	2.01E-03
1323	1E-20	1E-20	1E-20	2.01E-03
1324	1E-20	1E-20	1E-20	1.97E-03
1325	1E-20	1E-20	1E-20	1.97E-03
1326	1E-20	1E-20	1E-20	1.97E-03
1327	1E-20	1E-20	1E-20	1.97E-03
1328	1E-20	1E-20	1E-20	1.97E-03
1329	1E-20	1E-20	1E-20	1.96E-03
1330	1E-20	1E-20	1E-20	1.96E-03
1331	1E-20	1E-20	1E-20	1.96E-03
1332	1E-20	1E-20	1E-20	1.96E-03
1333	1E-20	1E-20	1E-20	1.96E-03
1334	1E-20	1E-20	1E-20	1.96E-03
1335	1E-20	1E-20	1E-20	1.96E-03
1336	1E-20	1E-20	1E-20	1.96E-03
1337	1E-20	1E-20	1E-20	1.95E-03
1338	1E-20	1E-20	1E-20	1.95E-03
1339	1E-20	1E-20	1E-20	1.95E-03
1340	1E-20	1E-20	1E-20	1.95E-03
1341	1E-20	1E-20	1E-20	1.95E-03
1342	1E-20	1E-20	1E-20	1.95E-03
1343	1E-20	1E-20	1E-20	1.95E-03
1344	1E-20	1E-20	1E-20	1.94E-03
1345	1E-20	1E-20	1E-20	1.94E-03
1346	1E-20	1E-20	1E-20	1.94E-03
1347	1E-20	1E-20	1E-20	1.94E-03
1348	1E-20	1E-20	1E-20	1.94E-03
1349	1E-20	1E-20	1E-20	1.94E-03
1350	1E-20	1E-20	1E-20	1.94E-03
1351	1E-20	1E-20	1E-20	1.93E-03
1352	1E-20	1E-20	1E-20	1.93E-03
1353	1E-20	1E-20	1E-20	1.91E-03
1354	1E-20	1E-20	1E-20	1.90E-03
1355	1E-20	1E-20	1E-20	1.90E-03
1356	1E-20	1E-20	1E-20	1.90E-03
1357	1E-20	1E-20	1E-20	1.90E-03
1358	1E-20	1E-20	1E-20	1.90E-03
1359	1E-20	1E-20	1E-20	1.90E-03
1360	1E-20	1E-20	1E-20	1.89E-03
1361	1E-20	1E-20	1E-20	1.89E-03
1362	1E-20	1E-20	1E-20	1.89E-03
1363	1E-20	1E-20	1E-20	1.89E-03
1364	1E-20	1E-20	1E-20	1.89E-03
1365	1E-20	1E-20	1E-20	1.88E-03
1366	1E-20	1E-20	1E-20	1.88E-03
1367	1E-20	1E-20	1E-20	1.88E-03
1368	1E-20	1E-20	1E-20	1.88E-03
1369	1E-20	1E-20	1E-20	1.88E-03
1370	1E-20	1E-20	1E-20	1.88E-03
1371	1E-20	1E-20	1E-20	1.88E-03
1372	1E-20	1E-20	1E-20	1.87E-03
1373	1E-20	1E-20	1E-20	1.87E-03
1374	1E-20	1E-20	1E-20	1.87E-03
1375	1E-20	1E-20	1E-20	1.86E-03
1376	1E-20	1E-20	1E-20	1.86E-03
1377	1E-20	1E-20	1E-20	1.86E-03
1378	1E-20	1E-20	1E-20	1.86E-03
1379	1E-20	1E-20	1E-20	1.86E-03
1380	1E-20	1E-20	1E-20	1.85E-03
1381	1E-20	1E-20	1E-20	1.85E-03
1382	1E-20	1E-20	1E-20	1.85E-03
1383	1E-20	1E-20	1E-20	1.85E-03
1384	1E-20	1E-20	1E-20	1.84E-03
1385	1E-20	1E-20	1E-20	1.84E-03
1386	1E-20	1E-20	1E-20	1.84E-03
1387	1E-20	1E-20	1E-20	1.83E-03
1388	1E-20	1E-20	1E-20	1.83E-03
1389	1E-20	1E-20	1E-20	1.83E-03
1390	1E-20	1E-20	1E-20	1.83E-03
1391	1E-20	1E-20	1E-20	1.83E-03
1392	1E-20	1E-20	1E-20	1.83E-03
1393	1E-20	1E-20	1E-20	1.83E-03
1394	1E-20	1E-20	1E-20	1.83E-03
1395	1E-20	1E-20	1E-20	1.83E-03
1396	1E-20	1E-20	1E-20	1.82E-03
1397	1E-20	1E-20	1E-20	1.82E-03
1398	1E-20	1E-20	1E-20	1.82E-03
1399	1E-20	1E-20	1E-20	1.82E-03
1400	1E-20	1E-20	1E-20	1.82E-03
1401	1E-20	1E-20	1E-20	1.81E-03
1402	1E-20	1E-20	1E-20	1.81E-03
1403	1E-20	1E-20	1E-20	1.81E-03
1404	1E-20	1E-20	1E-20	1.81E-03
1405	1E-20	1E-20	1E-20	1.81E-03
1406	1E-20	1E-20	1E-20	1.80E-03
1407	1E-20	1E-20	1E-20	1.79E-03
1408	1E-20	1E-20	1E-20	1.79E-03
1409	1E-20	1E-20	1E-20	1.79E-03
1410	1E-20	1E-20	1E-20	1.79E-03
1411	1E-20	1E-20	1E-20	1.79E-03
1412	1E-20	1E-20	1E-20	1.79E-03
1413	1E-20	1E-20	1E-20	1.78E-03
1414	1E-20	1E-20	1E-20	1.78E-03
1415	1E-20	1E-20	1E-20	1.77E-03
1416	1E-20	1E-20	1E-20	1.77E-03
1417	1E-20	1E-20	1E-20	1.77E-03
1418	1E-20	1E-20	1E-20	1.76E-03
1419	1E-20	1E-20	1E-20	1.76E-03
1420	1E-20	1E-20	1E-20	1.76E-03
1421	1E-20	1E-20	1E-20	1.76E-03
1422	1E-20	1E-20	1E-20	1.76E-03
1423	1E-20	1E-20	1E-20	1.76E-03
1424	1E-20	1E-20	1E-20	1.76E-03
1425	1E-20	1E-20	1E-20	1.76E-03
1426	1E-20	1E-20	1E-20	1.76E-03
1427	1E-20	1E-20	1E-20	1.76E-03
1428	1E-20	1E-20	1E-20	1.75E-03
1429	1E-20	1E-20	1E-20	1.75E-03
1430	1E-20	1E-20	1E-20	1.75E-03
1431	1E-20	1E-20	1E-20	1.74E-03
1432	1E-20	1E-20	1E-20	1.74E-03
1433	1E-20	1E-20	1E-20	1.74E-03
1434	1E-20	1E-20	1E-20	1.74E-03
1435	1E-20	1E-20	1E-20	1.74E-03
1436	1E-20	1E-20	1E-20	1.74E-03
1437	1E-20	1E-20	1E-20	1.74E-03
1438	1E-20	1E-20	1E-20	1.74E-03
1439	1E-20	1E-20	1E-20	1.74E-03
1440	1E-20	1E-20	1E-20	1.74E-03
1441	1E-20	1E-20	1E-20	1.74E-03
1442	1E-20	1E-20	1E-20	1.74E-03
1443	1E-20	1E-20	1E-20	1.74E-03
1444	1E-20	1E-20	1E-20	1.74E-03
1445	1E-20	1E-20	1E-20	1.74E-03
1446	1E-20	1E-20	1E-20	1.73E-03
1447	1E-20	1E-20	1E-20	1.73E-03
1448	1E-20	1E-20	1E-20	1.73E-03
1449	1E-20	1E-20	1E-20	1.73E-03
1450	1E-20	1E-20	1E-20	1.73E-03
1451	1E-20	1E-20	1E-20	1.72E-03
1452	1E-20	1E-20	1E-20	1.72E-03
1453	1E-20	1E-20	1E-20	1.72E-03
1454	1E-20	1E-20	1E-20	1.72E-03
1455	1E-20	1E-20	1E-20	1.72E-03
1456	1E-20	1E-20	1E-20	1.72E-03
1457	1E-20	1E-20	1E-20	1.72E-03
1458	1E-20	1E-20	1E-20	1.72E-03
1459	1E-20	1E-20	1E-20	1.72E-03
1460	1E-20	1E-20	1E-20	1.72E-03
1461	1E-20	1E-20	1E-20	1.72E-03
1462	1E-20	1E-20	1E-20	1.71E-03
1463	1E-20	1E-20	1E-20	1.71E-03
1464	1E-20	1E-20	1E-20	1.71E-03
1465	1E-20	1E-20	1E-20	1.70E-03
1466	1E-20	1E-20	1E-20	1.70E-03
1467	1E-20	1E-20	1E-20	1.70E-03
1468	1E-20	1E-20	1E-20	1.70E-03
1469	1E-20	1E-20	1E-20	1.70E-03
1470	1E-20	1E-20	1E-20	1.69E-03
1471	1E-20	1E-20	1E-20	1.69E-03
1472	1E-20	1E-20	1E-20	1.69E-03
1473	1E-20	1E-20	1E-20	1.69E-03
1474	1E-20	1E-20	1E-20	1.69E-03
1475	1E-20	1E-20	1E-20	1.68E-03
1476	1E-20	1E-20	1E-20	1.68E-03
1477	1E-20	1E-20	1E-20	1.68E-03
1478	1E-20	1E-20	1E-20	1.68E-03
1479	1E-20	1E-20	1E-20	1.67E-03
1480	1E-20	1E-20	1E-20	1.67E-03
1481	1E-20	1E-20	1E-20	1.67E-03
1482	1E-20	1E-20	1E-20	1.67E-03
1483	1E-20	1E-20	1E-20	1.67E-03
1484	1E-20	1E-20	1E-20	1.66E-03
1485	1E-20	1E-20	1E-20	1.66E-03
1486	1E-20	1E-20	1E-20	1.66E-03
1487	1E-20	1E-20	1E-20	1.66E-03
1488	1E-20	1E-20	1E-20	1.66E-03
1489	1E-20	1E-20	1E-20	1.66E-03
1490	1E-20	1E-20	1E-20	1.66E-03
1491	1E-20	1E-20	1E-20	1.66E-03
1492	1E-20	1E-20	1E-20	1.66E-03
1493	1E-20	1E-20	1E-20	1.65E-03
1494	1E-20	1E-20	1E-20	1.64E-03
1495	1E-20	1E-20	1E-20	1.64E-03
1496	1E-20	1E-20	1E-20	1.64E-03
1497	1E-20	1E-20	1E-20	1.64E-03
1498	1E-20	1E-20	1E-20	1.64E-03
1499	1E-20	1E-20	1E-20	1.63E-03
