0	0.00E+00	0.00E+00
1	0.00E+00	0.00E+00
2	1.82E+01	5.70E-01
3	1.82E+01	5.32E-01
4	1.43E+01	5.18E-01
5	1.43E+01	5.07E-01
6	1.16E+01	4.84E-01
7	5.32E+00	4.65E-01
8	1.67E+00	4.56E-01
9	1.67E+00	4.47E-01
10	1.67E+00	4.24E-01
11	1.56E+00	4.24E-01
12	1.56E+00	4.24E-01
13	1.56E+00	4.22E-01
14	1.53E+00	4.12E-01
15	1.42E+00	4.01E-01
16	1.35E+00	4.01E-01
17	7.82E-01	4.01E-01
18	6.33E-01	3.90E-01
19	6.12E-01	3.90E-01
20	5.95E-01	3.90E-01
21	5.95E-01	3.87E-01
22	5.95E-01	3.87E-01
23	5.78E-01	3.87E-01
24	5.65E-01	3.87E-01
25	5.64E-01	3.87E-01
26	5.10E-01	3.87E-01
27	5.09E-01	3.87E-01
28	4.92E-01	3.87E-01
29	4.88E-01	3.87E-01
30	4.87E-01	3.87E-01
31	4.87E-01	3.87E-01
32	3.90E-01	3.87E-01
33	3.90E-01	3.87E-01
34	3.85E-01	3.87E-01
35	3.70E-01	3.87E-01
36	3.64E-01	3.83E-01
37	3.63E-01	3.83E-01
38	3.62E-01	3.83E-01
39	3.38E-01	3.83E-01
40	3.36E-01	3.83E-01
41	3.29E-01	3.83E-01
42	3.29E-01	3.83E-01
43	3.29E-01	3.83E-01
44	3.29E-01	3.83E-01
45	3.29E-01	3.83E-01
46	3.29E-01	3.83E-01
47	3.29E-01	3.83E-01
48	3.29E-01	3.83E-01
49	3.29E-01	3.83E-01
50	3.29E-01	3.83E-01
51	3.29E-01	3.83E-01
52	3.29E-01	3.83E-01
53	3.29E-01	3.83E-01
54	3.29E-01	3.83E-01
55	3.29E-01	3.83E-01
56	3.29E-01	3.83E-01
57	3.29E-01	3.83E-01
58	3.29E-01	3.83E-01
59	3.29E-01	3.83E-01
60	2.72E-01	3.83E-01
61	2.72E-01	3.83E-01
62	2.72E-01	3.83E-01
63	2.72E-01	3.83E-01
64	2.72E-01	3.80E-01
65	2.72E-01	3.80E-01
66	2.72E-01	3.80E-01
67	2.72E-01	3.79E-01
68	2.72E-01	3.79E-01
69	2.72E-01	3.79E-01
70	2.72E-01	3.79E-01
71	2.72E-01	3.79E-01
72	2.72E-01	3.79E-01
73	2.72E-01	3.79E-01
74	2.72E-01	3.79E-01
75	2.72E-01	3.79E-01
76	2.72E-01	3.79E-01
77	2.72E-01	3.79E-01
78	2.72E-01	3.79E-01
79	2.72E-01	3.79E-01
80	2.72E-01	3.79E-01
81	2.72E-01	3.79E-01
82	2.72E-01	3.79E-01
83	2.72E-01	3.79E-01
84	2.72E-01	3.79E-01
85	2.72E-01	3.79E-01
86	2.72E-01	3.79E-01
87	2.72E-01	3.79E-01
88	2.72E-01	3.79E-01
89	2.72E-01	3.79E-01
90	2.72E-01	3.79E-01
91	2.72E-01	3.79E-01
92	2.72E-01	3.79E-01
93	2.72E-01	3.79E-01
94	2.72E-01	3.79E-01
95	2.72E-01	3.79E-01
96	2.72E-01	3.79E-01
97	2.72E-01	3.79E-01
98	2.72E-01	3.79E-01
99	2.72E-01	3.79E-01
100	2.72E-01	3.79E-01
101	2.72E-01	3.79E-01
102	2.72E-01	3.79E-01
103	2.72E-01	3.79E-01
104	2.72E-01	3.79E-01
105	2.72E-01	3.79E-01
106	2.72E-01	3.79E-01
107	2.72E-01	3.79E-01
108	2.72E-01	3.79E-01
109	2.72E-01	3.79E-01
110	2.72E-01	3.79E-01
111	2.72E-01	3.79E-01
112	2.72E-01	3.79E-01
113	2.72E-01	3.79E-01
114	2.72E-01	3.79E-01
115	2.72E-01	3.79E-01
116	2.72E-01	3.79E-01
117	2.72E-01	3.79E-01
118	2.72E-01	3.79E-01
119	2.72E-01	3.79E-01
120	2.72E-01	3.79E-01
121	2.72E-01	3.79E-01
122	2.72E-01	3.79E-01
123	2.72E-01	3.79E-01
124	2.72E-01	3.79E-01
125	2.72E-01	3.79E-01
126	2.72E-01	3.79E-01
127	2.72E-01	3.79E-01
128	2.72E-01	3.79E-01
129	2.72E-01	3.79E-01
130	2.72E-01	3.79E-01
131	2.72E-01	3.79E-01
132	2.72E-01	3.79E-01
133	2.72E-01	3.79E-01
134	2.72E-01	3.79E-01
135	2.72E-01	3.79E-01
136	2.72E-01	3.79E-01
137	2.72E-01	3.79E-01
138	2.72E-01	3.79E-01
139	2.72E-01	3.79E-01
140	2.72E-01	3.79E-01
141	2.72E-01	3.79E-01
142	2.72E-01	3.79E-01
143	2.72E-01	3.79E-01
144	2.72E-01	3.79E-01
145	2.72E-01	3.79E-01
146	2.72E-01	3.79E-01
147	2.72E-01	3.79E-01
148	2.72E-01	3.79E-01
149	2.72E-01	3.79E-01
150	2.72E-01	3.79E-01
151	2.72E-01	3.79E-01
152	2.72E-01	3.79E-01
153	2.72E-01	3.79E-01
154	2.72E-01	3.79E-01
155	2.72E-01	3.79E-01
156	2.72E-01	3.79E-01
157	2.72E-01	3.79E-01
158	2.72E-01	3.79E-01
159	2.72E-01	3.79E-01
160	2.72E-01	3.79E-01
161	2.72E-01	3.79E-01
162	2.72E-01	3.79E-01
163	2.72E-01	3.79E-01
164	2.72E-01	3.79E-01
165	2.72E-01	3.79E-01
166	2.72E-01	3.79E-01
167	2.72E-01	3.79E-01
168	2.72E-01	3.79E-01
169	2.72E-01	3.79E-01
170	2.72E-01	3.79E-01
171	2.72E-01	3.79E-01
172	2.72E-01	3.79E-01
173	2.72E-01	3.79E-01
174	2.72E-01	3.79E-01
175	2.72E-01	3.79E-01
176	2.72E-01	3.79E-01
177	2.72E-01	3.79E-01
178	2.72E-01	3.79E-01
179	2.72E-01	3.79E-01
180	2.72E-01	3.79E-01
181	2.72E-01	3.79E-01
182	2.72E-01	3.79E-01
183	2.72E-01	3.79E-01
184	2.72E-01	3.79E-01
185	2.72E-01	3.79E-01
186	2.72E-01	3.79E-01
187	2.72E-01	3.79E-01
188	2.72E-01	3.79E-01
189	2.72E-01	3.79E-01
190	2.72E-01	3.79E-01
191	2.72E-01	3.79E-01
192	2.72E-01	3.79E-01
193	2.72E-01	3.79E-01
194	2.72E-01	3.79E-01
195	2.72E-01	3.79E-01
196	2.72E-01	3.79E-01
197	2.72E-01	3.79E-01
198	2.72E-01	3.79E-01
199	2.72E-01	3.79E-01
200	2.72E-01	3.79E-01
201	2.72E-01	3.79E-01
202	2.72E-01	3.79E-01
203	2.72E-01	3.79E-01
204	2.72E-01	3.79E-01
205	2.72E-01	3.79E-01
206	2.72E-01	3.79E-01
207	2.72E-01	3.79E-01
208	2.72E-01	3.79E-01
209	2.72E-01	3.79E-01
210	2.72E-01	3.79E-01
211	2.72E-01	3.79E-01
212	2.72E-01	3.79E-01
213	2.72E-01	3.79E-01
214	2.72E-01	3.79E-01
215	2.72E-01	3.79E-01
216	2.72E-01	3.79E-01
217	2.72E-01	3.79E-01
218	2.72E-01	3.79E-01
219	2.72E-01	3.79E-01
220	2.72E-01	3.79E-01
221	2.72E-01	3.79E-01
222	2.72E-01	3.79E-01
223	2.72E-01	3.79E-01
224	2.72E-01	3.79E-01
225	2.72E-01	3.79E-01
226	2.72E-01	3.79E-01
227	2.72E-01	3.79E-01
228	2.72E-01	3.79E-01
229	2.72E-01	3.79E-01
230	2.72E-01	3.79E-01
231	2.72E-01	3.79E-01
232	2.72E-01	3.79E-01
233	2.72E-01	3.79E-01
234	2.72E-01	3.79E-01
235	2.72E-01	3.79E-01
236	2.72E-01	3.79E-01
237	2.72E-01	3.79E-01
238	2.72E-01	3.79E-01
239	2.72E-01	3.79E-01
240	2.72E-01	3.79E-01
241	2.72E-01	3.79E-01
242	2.72E-01	3.79E-01
243	2.72E-01	3.79E-01
244	2.72E-01	3.79E-01
245	2.72E-01	3.79E-01
246	2.72E-01	3.79E-01
247	2.72E-01	3.79E-01
248	2.72E-01	3.79E-01
249	2.72E-01	3.79E-01
250	2.72E-01	3.79E-01
251	2.72E-01	3.79E-01
252	2.72E-01	3.79E-01
253	2.72E-01	3.79E-01
254	2.72E-01	3.79E-01
255	2.72E-01	3.79E-01
256	2.72E-01	3.79E-01
257	2.72E-01	3.79E-01
258	2.72E-01	3.79E-01
259	2.72E-01	3.79E-01
260	2.72E-01	3.79E-01
261	2.72E-01	3.79E-01
262	2.72E-01	3.79E-01
263	2.72E-01	3.79E-01
264	2.72E-01	3.79E-01
265	2.72E-01	3.79E-01
266	2.72E-01	3.79E-01
267	2.72E-01	3.79E-01
268	2.72E-01	3.79E-01
269	2.72E-01	3.79E-01
270	2.72E-01	3.79E-01
271	2.72E-01	3.79E-01
272	2.72E-01	3.79E-01
273	2.72E-01	3.79E-01
274	2.72E-01	3.79E-01
275	2.72E-01	3.79E-01
276	2.72E-01	3.79E-01
277	2.72E-01	3.79E-01
278	2.72E-01	3.79E-01
279	2.72E-01	3.79E-01
280	2.72E-01	3.79E-01
281	2.72E-01	3.79E-01
282	2.72E-01	3.79E-01
283	2.72E-01	3.79E-01
284	2.72E-01	3.79E-01
285	2.72E-01	3.79E-01
286	2.72E-01	3.79E-01
287	2.72E-01	3.79E-01
288	2.72E-01	3.79E-01
289	2.72E-01	3.79E-01
290	2.72E-01	3.79E-01
291	2.72E-01	3.79E-01
292	2.72E-01	3.79E-01
293	2.72E-01	3.79E-01
294	2.72E-01	3.79E-01
295	2.72E-01	3.79E-01
296	2.72E-01	3.79E-01
297	2.72E-01	3.79E-01
298	2.72E-01	3.79E-01
299	2.72E-01	3.79E-01
300	2.72E-01	3.79E-01
301	2.72E-01	3.79E-01
302	2.72E-01	3.79E-01
303	2.72E-01	3.79E-01
304	2.72E-01	3.79E-01
305	2.72E-01	3.79E-01
306	2.72E-01	3.79E-01
307	2.72E-01	3.79E-01
308	2.72E-01	3.79E-01
309	2.72E-01	3.79E-01
310	2.72E-01	3.79E-01
311	2.72E-01	3.79E-01
312	2.72E-01	3.79E-01
313	2.72E-01	3.79E-01
314	2.72E-01	3.79E-01
315	2.72E-01	3.79E-01
316	2.72E-01	3.79E-01
317	2.72E-01	3.79E-01
318	2.72E-01	3.79E-01
319	2.72E-01	3.79E-01
320	2.72E-01	3.79E-01
321	2.72E-01	3.79E-01
322	2.72E-01	3.79E-01
323	2.72E-01	3.79E-01
324	2.72E-01	3.79E-01
325	2.72E-01	3.79E-01
326	2.72E-01	3.79E-01
327	2.72E-01	3.79E-01
328	2.72E-01	3.79E-01
329	2.72E-01	3.79E-01
330	2.72E-01	3.79E-01
331	2.72E-01	3.79E-01
332	2.72E-01	3.79E-01
333	2.72E-01	3.79E-01
334	2.72E-01	3.79E-01
335	2.72E-01	3.79E-01
336	2.72E-01	3.79E-01
337	2.72E-01	3.79E-01
338	2.72E-01	3.79E-01
339	2.72E-01	3.79E-01
340	2.72E-01	3.79E-01
341	2.72E-01	3.79E-01
342	2.72E-01	3.79E-01
343	2.72E-01	3.79E-01
344	2.72E-01	3.79E-01
345	2.72E-01	3.79E-01
346	2.72E-01	3.79E-01
347	2.72E-01	3.79E-01
348	2.72E-01	3.79E-01
349	2.72E-01	3.79E-01
350	2.72E-01	3.79E-01
351	2.72E-01	3.79E-01
352	2.72E-01	3.79E-01
353	2.72E-01	3.79E-01
354	2.72E-01	3.79E-01
355	2.72E-01	3.79E-01
356	2.72E-01	3.79E-01
357	2.72E-01	3.79E-01
358	2.72E-01	3.79E-01
359	2.72E-01	3.79E-01
360	2.72E-01	3.79E-01
361	2.72E-01	3.79E-01
362	2.72E-01	3.79E-01
363	2.72E-01	3.79E-01
364	2.72E-01	3.79E-01
365	2.72E-01	3.79E-01
366	2.72E-01	3.79E-01
367	2.72E-01	3.79E-01
368	2.72E-01	3.79E-01
369	2.72E-01	3.79E-01
370	2.72E-01	3.79E-01
371	2.72E-01	3.79E-01
372	2.72E-01	3.79E-01
373	2.72E-01	3.79E-01
374	2.72E-01	3.79E-01
375	2.72E-01	3.79E-01
376	2.72E-01	3.79E-01
377	2.72E-01	3.79E-01
378	2.72E-01	3.79E-01
379	2.72E-01	3.79E-01
380	2.72E-01	3.79E-01
381	2.72E-01	3.79E-01
382	2.72E-01	3.79E-01
383	2.72E-01	3.79E-01
384	2.72E-01	3.79E-01
385	2.72E-01	3.79E-01
386	2.72E-01	3.79E-01
387	2.72E-01	3.79E-01
388	2.72E-01	3.79E-01
389	2.72E-01	3.79E-01
390	2.72E-01	3.79E-01
391	2.72E-01	3.79E-01
392	2.72E-01	3.79E-01
393	2.72E-01	3.79E-01
394	2.72E-01	3.79E-01
395	2.72E-01	3.79E-01
396	2.72E-01	3.79E-01
397	2.72E-01	3.79E-01
398	2.72E-01	3.79E-01
399	2.72E-01	3.79E-01
400		3.79E-01
401		3.79E-01
402		3.79E-01
403		3.79E-01
404		3.79E-01
405		3.79E-01
406		3.79E-01
407		3.79E-01
408		3.79E-01
409		3.79E-01
410		3.79E-01
411		3.79E-01
412		3.79E-01
413		3.79E-01
414		3.79E-01
415		3.79E-01
416		3.79E-01
417		3.79E-01
418		3.79E-01
419		3.79E-01
420		3.79E-01
421		3.79E-01
422		3.79E-01
423		3.79E-01
424		3.79E-01
425		3.79E-01
426		3.79E-01
427		3.79E-01
428		3.79E-01
429		3.79E-01
430		3.79E-01
431		3.79E-01
432		3.79E-01
433		3.79E-01
434		3.79E-01
435		3.79E-01
436		3.79E-01
437		3.79E-01
438		3.79E-01
439		3.79E-01
440		3.79E-01
441		3.79E-01
442		3.79E-01
443		3.79E-01
444		3.79E-01
445		3.79E-01
446		3.79E-01
447		3.79E-01
448		3.79E-01
449		3.79E-01
450		3.79E-01
451		3.79E-01
452		3.79E-01
453		3.79E-01
454		3.79E-01
455		3.79E-01
456		3.79E-01
457		3.79E-01
458		3.79E-01
459		3.79E-01
460		3.79E-01
461		3.79E-01
462		3.79E-01
463		3.79E-01
464		3.79E-01
465		3.79E-01
466		3.79E-01
467		3.79E-01
468		3.79E-01
469		3.79E-01
470		3.79E-01
471		3.79E-01
472		3.79E-01
473		3.79E-01
474		3.79E-01
475		3.79E-01
476		3.79E-01
477		3.79E-01
478		3.79E-01
479		3.79E-01
480		3.79E-01
481		3.79E-01
482		3.79E-01
483		3.79E-01
484		3.79E-01
485		3.79E-01
486		3.79E-01
487		3.79E-01
488		3.79E-01
489		3.79E-01
490		3.79E-01
491		3.79E-01
492		3.79E-01
493		3.79E-01
494		3.79E-01
495		3.79E-01
496		3.79E-01
497		3.79E-01
498		3.79E-01
499		3.79E-01
500		3.79E-01
501		3.79E-01
502		3.79E-01
503		3.79E-01
504		3.79E-01
505		3.79E-01
506		3.79E-01
507		3.79E-01
508		3.79E-01
509		3.79E-01
510		3.79E-01
511		3.79E-01
512		3.79E-01
513		3.79E-01
514		3.79E-01
515		3.79E-01
516		3.79E-01
517		3.79E-01
518		3.79E-01
519		3.79E-01
520		3.79E-01
521		3.79E-01
522		3.79E-01
523		3.79E-01
524		3.79E-01
525		3.79E-01
526		3.79E-01
527		3.79E-01
528		3.79E-01
529		3.79E-01
530		3.79E-01
531		3.79E-01
532		3.79E-01
533		3.79E-01
534		3.79E-01
535		3.79E-01
536		3.79E-01
537		3.79E-01
538		3.79E-01
539		3.79E-01
540		3.79E-01
541		3.79E-01
542		3.79E-01
543		3.79E-01
544		3.79E-01
545		3.79E-01
546		3.79E-01
547		3.79E-01
548		3.79E-01
549		3.79E-01
550		3.79E-01
551		3.79E-01
552		3.79E-01
553		3.79E-01
554		3.79E-01
555		3.79E-01
556		3.79E-01
557		3.79E-01
558		3.79E-01
559		3.79E-01
560		3.79E-01
561		3.79E-01
562		3.79E-01
563		3.79E-01
564		3.79E-01
565		3.79E-01
566		3.79E-01
567		3.79E-01
568		3.79E-01
569		3.79E-01
570		3.79E-01
571		3.79E-01
572		3.79E-01
573		3.79E-01
574		3.79E-01
575		3.79E-01
576		3.79E-01
577		3.79E-01
578		3.79E-01
579		3.79E-01
580		3.79E-01
581		3.79E-01
582		3.79E-01
583		3.79E-01
584		3.79E-01
585		3.79E-01
586		3.79E-01
587		3.79E-01
588		3.79E-01
589		3.79E-01
590		3.79E-01
591		3.79E-01
592		3.79E-01
593		3.79E-01
594		3.79E-01
595		3.79E-01
596		3.79E-01
597		3.79E-01
598		3.79E-01
599		3.79E-01

