0	0.00E+00	0.00E+00	0.00E+00	0.00E+00
1	0.00E+00	0.00E+00	0.00E+00	0.00E+00
2	2.49E-01	1.67E-01	5.80E-02	8.35E-03
3	2.23E-01	1.50E-01	5.20E-02	8.35E-03
4	2.01E-01	1.26E-01	5.20E-02	8.35E-03
5	1.56E-01	1.26E-01	5.20E-02	8.35E-03
6	1.46E-01	1.26E-01	5.20E-02	8.35E-03
7	1.35E-01	1.26E-01	5.20E-02	8.35E-03
8	1.17E-01	1.26E-01	5.20E-02	8.35E-03
9	9.34E-02	1.26E-01	5.20E-02	8.35E-03
10	8.41E-02	1.26E-01	5.20E-02	8.35E-03
11	7.23E-02	1.26E-01	5.20E-02	8.35E-03
12	6.90E-02	1.26E-01	5.20E-02	8.35E-03
13	5.55E-02	1.26E-01	5.20E-02	8.35E-03
14	5.37E-02	1.10E-01	5.20E-02	8.35E-03
15	4.38E-02	1.10E-01	5.20E-02	8.35E-03
16	4.15E-02	1.10E-01	5.20E-02	8.35E-03
17	3.26E-02	1.10E-01	5.20E-02	8.35E-03
18	2.38E-02	1.10E-01	5.20E-02	8.35E-03
19	2.38E-02	1.10E-01	5.20E-02	8.35E-03
20	2.38E-02	1.10E-01	5.20E-02	8.35E-03
21	2.38E-02	1.10E-01	5.20E-02	8.35E-03
22	2.38E-02	1.10E-01	5.20E-02	8.35E-03
23	2.38E-02	1.10E-01	5.20E-02	8.35E-03
24	2.38E-02	1.10E-01	5.20E-02	8.35E-03
25	2.38E-02	1.10E-01	5.20E-02	8.35E-03
26	2.38E-02	1.10E-01	5.20E-02	8.35E-03
27	2.38E-02	1.10E-01	5.20E-02	8.35E-03
28	2.38E-02	1.10E-01	5.20E-02	8.35E-03
29	2.38E-02	1.10E-01	5.20E-02	8.35E-03
30	2.38E-02	1.10E-01	5.20E-02	8.35E-03
31	2.38E-02	1.10E-01	5.20E-02	8.35E-03
32	2.38E-02	1.10E-01	5.20E-02	8.35E-03
33	2.38E-02	1.10E-01	5.20E-02	8.35E-03
34	2.38E-02	1.10E-01	5.20E-02	8.35E-03
35	2.38E-02	1.10E-01	5.20E-02	8.35E-03
36	2.38E-02	1.10E-01	5.20E-02	8.35E-03
37	2.38E-02	1.10E-01	5.20E-02	8.35E-03
38	2.38E-02	1.10E-01	5.20E-02	8.35E-03
39	2.38E-02	1.10E-01	5.20E-02	8.35E-03
40	2.38E-02	1.10E-01	5.20E-02	8.35E-03
41	2.38E-02	1.10E-01	5.20E-02	8.35E-03
42	2.38E-02	1.10E-01	5.20E-02	8.35E-03
43	2.38E-02	1.10E-01	5.20E-02	8.35E-03
44	2.38E-02	1.10E-01	5.20E-02	8.35E-03
45	2.38E-02	1.10E-01	5.20E-02	8.35E-03
46	2.38E-02	1.10E-01	5.20E-02	8.35E-03
47	2.38E-02	1.10E-01	5.20E-02	8.35E-03
48	2.38E-02	1.10E-01	5.20E-02	8.35E-03
49	2.38E-02	1.10E-01	5.20E-02	8.35E-03
50	2.38E-02	1.10E-01	5.20E-02	8.35E-03
51	2.38E-02	1.10E-01	5.20E-02	8.35E-03
52	2.38E-02	1.10E-01	5.20E-02	8.35E-03
53	2.38E-02	1.10E-01	5.20E-02	8.35E-03
54	2.38E-02	1.10E-01	5.20E-02	8.35E-03
55	2.37E-02	1.10E-01	5.20E-02	8.35E-03
56	2.37E-02	1.08E-01	5.20E-02	8.35E-03
57	2.37E-02	1.08E-01	5.20E-02	8.35E-03
58	2.37E-02	1.08E-01	5.20E-02	8.35E-03
59	2.37E-02	1.08E-01	5.20E-02	8.35E-03
60	2.37E-02	1.08E-01	5.20E-02	8.35E-03
61	2.37E-02	1.08E-01	5.20E-02	8.35E-03
62	2.37E-02	1.08E-01	5.20E-02	8.35E-03
63	2.37E-02	1.08E-01	5.20E-02	8.35E-03
64	2.37E-02	1.08E-01	5.20E-02	8.35E-03
65	2.37E-02	1.08E-01	5.20E-02	8.35E-03
66	2.37E-02	1.08E-01	5.20E-02	8.35E-03
67	2.37E-02	1.08E-01	5.20E-02	8.35E-03
68	2.37E-02	1.08E-01	5.20E-02	8.35E-03
69	2.37E-02	1.08E-01	5.20E-02	8.35E-03
70	2.37E-02	1.08E-01	5.20E-02	8.35E-03
71	2.37E-02	1.08E-01	5.20E-02	8.35E-03
72	2.37E-02	1.08E-01	5.20E-02	8.35E-03
73	2.37E-02	1.08E-01	5.20E-02	8.35E-03
74	2.37E-02	1.08E-01	5.20E-02	8.35E-03
75	2.37E-02	1.08E-01	5.20E-02	8.35E-03
76	2.37E-02	1.08E-01	5.20E-02	8.35E-03
77	2.37E-02	1.08E-01	5.20E-02	8.35E-03
78	2.37E-02	1.08E-01	5.20E-02	8.35E-03
79	2.37E-02	1.08E-01	5.20E-02	8.35E-03
80	2.37E-02	1.08E-01	5.20E-02	8.35E-03
81	2.31E-02	1.08E-01	5.20E-02	8.35E-03
82	2.31E-02	1.08E-01	5.20E-02	8.35E-03
83	2.28E-02	1.08E-01	5.20E-02	8.35E-03
84	2.28E-02	1.08E-01	5.20E-02	8.35E-03
85	2.28E-02	1.08E-01	5.20E-02	8.35E-03
86	2.28E-02	1.08E-01	5.20E-02	8.35E-03
87	2.28E-02	1.08E-01	5.20E-02	8.35E-03
88	2.28E-02	1.08E-01	5.20E-02	8.35E-03
89	2.28E-02	1.08E-01	5.20E-02	8.35E-03
90	2.28E-02	1.08E-01	5.20E-02	8.35E-03
91	2.28E-02	1.08E-01	5.20E-02	8.35E-03
92	2.28E-02	1.08E-01	5.20E-02	8.35E-03
93	2.28E-02	8.48E-02	5.20E-02	8.35E-03
94	2.28E-02	8.48E-02	5.20E-02	8.35E-03
95	2.28E-02	8.48E-02	5.20E-02	8.35E-03
96	2.28E-02	8.48E-02	5.20E-02	8.35E-03
97	2.28E-02	8.48E-02	5.20E-02	8.35E-03
98	2.28E-02	8.48E-02	5.20E-02	8.35E-03
99	2.28E-02	8.48E-02	5.20E-02	8.35E-03
100	2.28E-02	8.48E-02	5.20E-02	8.35E-03
101	2.28E-02	8.48E-02	5.20E-02	8.35E-03
102	2.28E-02	8.48E-02	5.20E-02	8.35E-03
103	2.28E-02	8.48E-02	5.20E-02	8.35E-03
104	2.28E-02	8.48E-02	5.20E-02	8.35E-03
105	2.28E-02	8.48E-02	5.20E-02	8.35E-03
106	2.28E-02	8.48E-02	5.20E-02	8.35E-03
107	2.28E-02	8.48E-02	5.20E-02	8.35E-03
108	2.28E-02	8.48E-02	5.20E-02	8.35E-03
109	2.28E-02	8.48E-02	5.20E-02	8.35E-03
110	2.28E-02	8.48E-02	5.20E-02	8.35E-03
111	2.28E-02	8.48E-02	5.20E-02	8.35E-03
112	2.28E-02	8.48E-02	5.20E-02	8.35E-03
113	2.28E-02	8.48E-02	5.20E-02	8.35E-03
114	2.28E-02	8.48E-02	5.20E-02	8.35E-03
115	2.28E-02	8.48E-02	5.20E-02	8.35E-03
116	2.28E-02	8.48E-02	5.20E-02	8.35E-03
117	2.07E-02	8.48E-02	5.20E-02	8.35E-03
118	1.96E-02	8.48E-02	5.20E-02	8.35E-03
119	1.96E-02	8.48E-02	5.20E-02	8.35E-03
120	1.86E-02	8.48E-02	5.20E-02	8.35E-03
121	1.86E-02	8.48E-02	5.20E-02	8.35E-03
122	1.86E-02	8.48E-02	5.20E-02	8.35E-03
123	1.86E-02	8.48E-02	5.20E-02	8.35E-03
124	1.86E-02	8.48E-02	5.20E-02	8.35E-03
125	1.86E-02	8.48E-02	5.20E-02	8.35E-03
126	1.86E-02	8.48E-02	5.20E-02	8.35E-03
127	1.86E-02	8.47E-02	5.20E-02	8.35E-03
128	1.86E-02	8.47E-02	5.20E-02	8.35E-03
129	1.86E-02	8.47E-02	5.20E-02	8.35E-03
130	1.86E-02	8.47E-02	5.20E-02	8.35E-03
131	1.86E-02	8.47E-02	5.20E-02	8.35E-03
132	1.86E-02	8.47E-02	5.20E-02	8.35E-03
133	1.86E-02	8.47E-02	5.20E-02	8.35E-03
134	1.86E-02	8.47E-02	5.20E-02	8.35E-03
135	1.86E-02	8.47E-02	5.20E-02	8.35E-03
136	1.86E-02	8.47E-02	5.20E-02	8.35E-03
137	1.86E-02	8.47E-02	5.20E-02	8.35E-03
138	1.86E-02	8.47E-02	5.20E-02	8.35E-03
139	1.86E-02	8.47E-02	5.20E-02	8.35E-03
140	1.86E-02	8.47E-02	5.20E-02	8.35E-03
141	1.86E-02	8.47E-02	5.20E-02	8.35E-03
142	1.86E-02	8.47E-02	5.20E-02	8.35E-03
143	1.86E-02	8.47E-02	5.20E-02	8.35E-03
144	1.86E-02	8.47E-02	5.20E-02	8.35E-03
145	1.86E-02	8.47E-02	5.20E-02	8.35E-03
146	1.86E-02	8.47E-02	5.20E-02	8.35E-03
147	1.86E-02	8.47E-02	5.20E-02	8.35E-03
148	1.86E-02	8.47E-02	5.20E-02	8.35E-03
149	1.86E-02	8.47E-02	5.20E-02	8.35E-03
150	1.86E-02	8.47E-02	5.20E-02	8.35E-03
151	1.86E-02	8.47E-02	5.20E-02	8.35E-03
152	1.86E-02	8.47E-02	5.20E-02	8.35E-03
153	1.86E-02	8.47E-02	5.20E-02	8.35E-03
154	1.86E-02	8.13E-02	5.20E-02	8.35E-03
155	1.86E-02	8.13E-02	5.20E-02	8.35E-03
156	1.86E-02	8.13E-02	5.20E-02	8.35E-03
157	1.86E-02	8.13E-02	5.20E-02	8.35E-03
158	1.86E-02	8.13E-02	5.20E-02	8.35E-03
159	1.86E-02	8.13E-02	5.20E-02	8.35E-03
160	1.86E-02	8.13E-02	5.20E-02	8.35E-03
161	1.86E-02	8.13E-02	5.20E-02	8.35E-03
162	1.86E-02	8.13E-02	5.20E-02	8.35E-03
163	1.86E-02	8.13E-02	5.20E-02	8.35E-03
164	1.86E-02	8.13E-02	5.20E-02	8.35E-03
165	1.86E-02	8.13E-02	5.20E-02	8.35E-03
166	1.86E-02	8.13E-02	5.20E-02	8.35E-03
167	1.86E-02	8.13E-02	5.20E-02	8.35E-03
168	1.86E-02	8.13E-02	5.20E-02	8.35E-03
169	1.86E-02	8.13E-02	5.20E-02	8.35E-03
170	1.86E-02	8.13E-02	5.20E-02	8.35E-03
171	1.86E-02	8.13E-02	5.20E-02	8.35E-03
172	1.86E-02	8.13E-02	5.20E-02	8.35E-03
173	1.86E-02	8.13E-02	5.20E-02	8.35E-03
174	1.86E-02	8.13E-02	5.20E-02	8.35E-03
175	1.86E-02	8.13E-02	5.20E-02	8.35E-03
176	1.86E-02	8.13E-02	5.20E-02	8.35E-03
177	1.86E-02	8.13E-02	5.20E-02	8.35E-03
178	1.86E-02	8.13E-02	5.20E-02	8.35E-03
179	1.86E-02	8.13E-02	5.20E-02	8.35E-03
180	1.86E-02	8.13E-02	5.20E-02	8.35E-03
181	1.86E-02	8.13E-02	5.20E-02	8.35E-03
182	1.86E-02	8.13E-02	5.20E-02	8.35E-03
183	1.86E-02	8.13E-02	5.20E-02	8.35E-03
184	1.86E-02	8.13E-02	5.20E-02	8.35E-03
185	1.86E-02	8.13E-02	5.20E-02	8.35E-03
186	1.86E-02	8.13E-02	5.20E-02	8.35E-03
187	1.86E-02	8.13E-02	5.20E-02	8.35E-03
188	1.86E-02	8.13E-02	5.20E-02	8.35E-03
189	1.86E-02	8.13E-02	5.20E-02	8.35E-03
190	1.86E-02	8.13E-02	5.20E-02	8.35E-03
191	1.86E-02	8.13E-02	5.20E-02	8.35E-03
192	1.86E-02	8.13E-02	5.20E-02	8.35E-03
193	1.86E-02	8.13E-02	5.20E-02	8.35E-03
194	1.86E-02	8.13E-02	5.20E-02	8.35E-03
195	1.86E-02	8.13E-02	5.20E-02	8.35E-03
196	1.86E-02	8.13E-02	5.20E-02	8.35E-03
197	1.86E-02	8.13E-02	5.20E-02	8.35E-03
198	1.86E-02	8.13E-02	5.20E-02	8.35E-03
199	1.86E-02	8.13E-02	5.20E-02	8.35E-03
200	1.86E-02	8.13E-02	5.20E-02	8.35E-03
201	1.86E-02	8.13E-02	5.20E-02	8.35E-03
202	1.86E-02	8.13E-02	5.20E-02	8.35E-03
203	1.86E-02	8.13E-02	5.20E-02	8.35E-03
204	1.86E-02	8.13E-02	5.20E-02	8.35E-03
205	1.86E-02	8.13E-02	5.20E-02	8.35E-03
206	1.86E-02	8.13E-02	5.20E-02	8.35E-03
207	1.86E-02	8.13E-02	5.20E-02	8.35E-03
208	1.86E-02	8.13E-02	5.20E-02	8.35E-03
209	1.86E-02	8.13E-02	5.20E-02	8.35E-03
210	1.86E-02	8.13E-02	5.20E-02	8.35E-03
211	1.86E-02	8.13E-02	5.20E-02	8.35E-03
212	1.86E-02	8.13E-02	5.20E-02	8.35E-03
213	1.86E-02	8.13E-02	5.20E-02	8.35E-03
214	1.86E-02	8.13E-02	5.20E-02	8.35E-03
215	1.86E-02	8.13E-02	5.20E-02	8.35E-03
216	1.86E-02	8.13E-02	5.20E-02	8.35E-03
217	1.86E-02	8.13E-02	5.20E-02	8.35E-03
218	1.86E-02	8.13E-02	5.20E-02	8.35E-03
219	1.86E-02	8.13E-02	5.20E-02	8.35E-03
220	1.86E-02	8.13E-02	5.20E-02	8.35E-03
221	1.86E-02	8.13E-02	5.20E-02	8.35E-03
222	1.86E-02	8.13E-02	5.20E-02	8.35E-03
223	1.86E-02	8.13E-02	5.20E-02	8.35E-03
224	1.86E-02	8.13E-02	5.20E-02	8.35E-03
225	1.86E-02	8.13E-02	5.20E-02	8.35E-03
226	1.86E-02	8.13E-02	5.20E-02	8.35E-03
227	1.86E-02	8.13E-02	5.20E-02	8.35E-03
228	1.86E-02	8.13E-02	5.20E-02	8.35E-03
229	1.86E-02	8.13E-02	5.20E-02	8.35E-03
230	1.86E-02	8.13E-02	5.20E-02	8.35E-03
231	1.86E-02	8.13E-02	5.20E-02	8.35E-03
232	1.86E-02	8.13E-02	5.20E-02	8.35E-03
233	1.86E-02	8.13E-02	5.20E-02	8.35E-03
234	1.86E-02	8.13E-02	5.20E-02	8.35E-03
235	1.86E-02	8.13E-02	5.20E-02	8.35E-03
236	1.86E-02	8.13E-02	5.20E-02	8.35E-03
237	1.86E-02	8.13E-02	5.20E-02	8.35E-03
238	1.86E-02	8.13E-02	5.20E-02	8.35E-03
239	1.86E-02	8.13E-02	5.20E-02	8.35E-03
240	1.86E-02	8.13E-02	5.20E-02	8.35E-03
241	1.86E-02	8.13E-02	5.20E-02	8.35E-03
242	1.86E-02	8.13E-02	5.20E-02	8.35E-03
243	1.86E-02	8.13E-02	5.20E-02	8.35E-03
244	1.86E-02	8.13E-02	5.20E-02	8.35E-03
245	1.86E-02	8.13E-02	5.20E-02	8.35E-03
246	1.86E-02	8.13E-02	5.20E-02	8.35E-03
247	1.86E-02	8.13E-02	5.20E-02	8.35E-03
248	1.86E-02	8.13E-02	5.20E-02	8.35E-03
249	1.86E-02	8.13E-02	5.20E-02	8.35E-03
250	1.86E-02	8.13E-02	5.20E-02	8.35E-03
251	1.86E-02	8.13E-02	5.20E-02	8.35E-03
252	1.86E-02	8.13E-02	5.20E-02	8.35E-03
253	1.86E-02	8.13E-02	5.20E-02	8.35E-03
254	1.86E-02	8.13E-02	5.20E-02	8.35E-03
255	1.86E-02	8.13E-02	5.20E-02	8.35E-03
256	1.86E-02	8.13E-02	5.20E-02	8.35E-03
257	1.86E-02	8.13E-02	5.20E-02	8.35E-03
258	1.86E-02	8.13E-02	5.20E-02	8.35E-03
259	1.86E-02	8.13E-02	5.20E-02	8.35E-03
260	1.86E-02	8.13E-02	5.20E-02	8.35E-03
261	1.86E-02	8.13E-02	5.20E-02	8.35E-03
262	1.86E-02	8.13E-02	5.20E-02	8.35E-03
263	1.86E-02	8.13E-02	5.20E-02	8.35E-03
264	1.86E-02	8.13E-02	5.20E-02	8.35E-03
265	1.86E-02	8.13E-02	5.20E-02	8.35E-03
266	1.86E-02	8.13E-02	5.20E-02	8.35E-03
267	1.86E-02	8.13E-02	5.20E-02	8.35E-03
268	1.86E-02	8.13E-02	5.20E-02	8.35E-03
269	1.86E-02	8.13E-02	5.20E-02	8.35E-03
270	1.86E-02	8.13E-02	5.20E-02	8.35E-03
271	1.86E-02	8.13E-02	5.20E-02	8.35E-03
272	1.86E-02	8.13E-02	5.20E-02	8.35E-03
273	1.86E-02	8.13E-02	5.20E-02	8.35E-03
274	1.86E-02	8.13E-02	5.20E-02	8.35E-03
275	1.86E-02	8.13E-02	5.20E-02	8.35E-03
276	1.86E-02	8.13E-02	5.20E-02	8.35E-03
277	1.86E-02	8.13E-02	5.20E-02	8.35E-03
278	1.86E-02	8.13E-02	5.20E-02	8.35E-03
279	1.86E-02	8.13E-02	5.20E-02	8.35E-03
280	1.86E-02	8.13E-02	5.20E-02	8.35E-03
281	1.86E-02	8.13E-02	5.20E-02	8.35E-03
282	1.86E-02	8.13E-02	5.20E-02	8.35E-03
283	1.86E-02	8.13E-02	5.20E-02	8.35E-03
284	1.86E-02	8.13E-02	5.20E-02	8.35E-03
285	1.86E-02	8.13E-02	5.20E-02	8.35E-03
286	1.86E-02	8.13E-02	5.20E-02	8.35E-03
287	1.86E-02	8.13E-02	5.20E-02	8.35E-03
288	1.86E-02	8.13E-02	5.20E-02	8.35E-03
289	1.86E-02	8.13E-02	5.20E-02	8.35E-03
290	1.86E-02	8.13E-02	5.20E-02	8.35E-03
291	1.86E-02	8.13E-02	5.20E-02	8.35E-03
292	1.86E-02	8.13E-02	5.20E-02	8.35E-03
293	1.86E-02	8.13E-02	5.20E-02	8.35E-03
294	1.86E-02	8.13E-02	5.20E-02	8.35E-03
295	1.86E-02	8.13E-02	5.20E-02	8.35E-03
296	1.86E-02	8.13E-02	5.20E-02	8.35E-03
297	1.86E-02	8.13E-02	5.20E-02	8.35E-03
298	1.86E-02	8.13E-02	5.20E-02	8.35E-03
299	1.86E-02	8.13E-02	5.20E-02	8.35E-03
300	1.86E-02	8.13E-02	5.20E-02	8.35E-03
301	1.86E-02	8.13E-02	5.20E-02	8.35E-03
302	1.86E-02	8.13E-02	5.20E-02	8.35E-03
303	1.86E-02	8.13E-02	5.20E-02	8.35E-03
304	1.86E-02	8.13E-02	5.20E-02	8.35E-03
305	1.86E-02	8.13E-02	5.20E-02	8.35E-03
306	1.86E-02	8.13E-02	5.20E-02	8.35E-03
307	1.86E-02	8.13E-02	5.20E-02	8.35E-03
308	1.86E-02	8.13E-02	5.20E-02	8.35E-03
309	1.86E-02	8.13E-02	5.20E-02	8.35E-03
310	1.86E-02	8.13E-02	5.20E-02	8.35E-03
311	1.86E-02	8.13E-02	5.20E-02	8.35E-03
312	1.86E-02	8.13E-02	5.20E-02	8.35E-03
313	1.86E-02	8.13E-02	5.20E-02	8.35E-03
314	1.86E-02	8.13E-02	5.20E-02	8.35E-03
315	1.86E-02	8.13E-02	5.20E-02	8.35E-03
316	1.86E-02	8.13E-02	5.20E-02	8.35E-03
317	1.86E-02	8.13E-02	5.20E-02	8.35E-03
318	1.86E-02	8.13E-02	5.20E-02	8.35E-03
319	1.86E-02	8.13E-02	5.20E-02	8.35E-03
320	1.86E-02	8.13E-02	5.20E-02	8.35E-03
321	1.86E-02	8.13E-02	5.20E-02	8.35E-03
322	1.86E-02	8.13E-02	5.20E-02	8.35E-03
323	1.86E-02	8.13E-02	5.20E-02	8.35E-03
324	1.86E-02	8.13E-02	5.20E-02	8.35E-03
325	1.86E-02	8.13E-02	5.20E-02	8.35E-03
326	1.86E-02	8.13E-02	5.20E-02	8.35E-03
327	1.86E-02	8.13E-02	5.20E-02	8.35E-03
328	1.86E-02	8.13E-02	5.20E-02	8.35E-03
329	1.86E-02	8.13E-02	5.20E-02	8.35E-03
330	1.86E-02	8.13E-02	5.20E-02	8.35E-03
331	1.86E-02	8.13E-02	5.20E-02	8.35E-03
332	1.86E-02	8.13E-02	5.20E-02	8.35E-03
333	1.86E-02	8.13E-02	5.20E-02	8.35E-03
334	1.86E-02	8.13E-02	5.20E-02	8.35E-03
335	1.86E-02	8.13E-02	5.20E-02	8.35E-03
336	1.86E-02	8.13E-02	5.20E-02	8.35E-03
337	1.86E-02	8.13E-02	5.20E-02	8.35E-03
338	1.86E-02	8.13E-02	5.20E-02	8.35E-03
339	1.86E-02	8.13E-02	5.20E-02	8.35E-03
340	1.86E-02	8.13E-02	5.20E-02	8.35E-03
341	1.86E-02	8.13E-02	5.20E-02	8.35E-03
342	1.86E-02	8.13E-02	5.20E-02	8.35E-03
343	1.86E-02	8.13E-02	5.20E-02	8.35E-03
344	1.86E-02	8.13E-02	5.20E-02	8.35E-03
345	1.86E-02	8.13E-02	5.20E-02	8.35E-03
346	1.86E-02	8.13E-02	5.20E-02	8.35E-03
347	1.86E-02	8.13E-02	5.20E-02	8.35E-03
348	1.86E-02	8.13E-02	5.20E-02	8.35E-03
349	1.86E-02	8.13E-02	5.20E-02	8.35E-03
350	1.86E-02	8.13E-02	5.20E-02	8.35E-03
351	1.86E-02	8.13E-02	5.20E-02	8.35E-03
352	1.86E-02	8.13E-02	5.20E-02	8.35E-03
353	1.86E-02	8.13E-02	5.20E-02	8.35E-03
354	1.86E-02	8.13E-02	5.20E-02	8.35E-03
355	1.86E-02	8.13E-02	5.20E-02	8.35E-03
356	1.86E-02	8.13E-02	5.20E-02	8.35E-03
357	1.86E-02	8.13E-02	5.20E-02	8.35E-03
358	1.86E-02	8.13E-02	5.20E-02	8.35E-03
359	1.86E-02	8.13E-02	5.20E-02	8.35E-03
360	1.86E-02	8.13E-02	5.20E-02	8.35E-03
361	1.86E-02	8.13E-02	5.20E-02	8.35E-03
362	1.86E-02	8.13E-02	5.20E-02	8.35E-03
363	1.86E-02	8.13E-02	5.20E-02	8.35E-03
364	1.86E-02	8.13E-02	5.20E-02	8.35E-03
365	1.86E-02	8.13E-02	5.20E-02	8.35E-03
366	1.86E-02	8.13E-02	5.20E-02	8.35E-03
367	1.86E-02	8.13E-02	5.20E-02	8.35E-03
368	1.86E-02	8.13E-02	5.20E-02	8.35E-03
369	1.86E-02	8.13E-02	5.20E-02	8.35E-03
370	1.86E-02	8.13E-02	5.20E-02	8.35E-03
371	1.86E-02	8.13E-02	5.20E-02	8.35E-03
372	1.86E-02	8.13E-02	5.20E-02	8.35E-03
373	1.86E-02	8.13E-02	5.20E-02	8.35E-03
374	1.86E-02	8.13E-02	5.20E-02	8.35E-03
375	1.86E-02	8.13E-02	5.20E-02	8.35E-03
376	1.86E-02	8.13E-02	5.20E-02	8.35E-03
377	1.86E-02	8.13E-02	5.20E-02	8.35E-03
378	1.86E-02	8.13E-02	5.20E-02	8.35E-03
379	1.86E-02	8.13E-02	5.20E-02	8.35E-03
380	1.86E-02	8.13E-02	5.20E-02	8.35E-03
381	1.86E-02	8.13E-02	5.20E-02	8.35E-03
382	1.86E-02	8.13E-02	5.20E-02	8.35E-03
383	1.86E-02	8.13E-02	5.20E-02	8.35E-03
384	1.86E-02	8.13E-02	5.20E-02	8.35E-03
385	1.86E-02	8.13E-02	5.20E-02	8.35E-03
386	1.86E-02	8.13E-02	5.20E-02	8.35E-03
387	1.86E-02	8.13E-02	5.20E-02	8.35E-03
388	1.86E-02	8.13E-02	5.20E-02	8.35E-03
389	1.86E-02	8.13E-02	5.20E-02	8.35E-03
390	1.86E-02	8.13E-02	5.20E-02	8.35E-03
391	1.86E-02	8.13E-02	5.20E-02	8.35E-03
392	1.86E-02	8.13E-02	5.20E-02	8.35E-03
393	1.86E-02	8.13E-02	5.20E-02	8.35E-03
394	1.86E-02	8.13E-02	5.20E-02	8.35E-03
395	1.86E-02	8.13E-02	5.20E-02	8.35E-03
396	1.86E-02	8.13E-02	5.20E-02	8.35E-03
397	1.86E-02	8.13E-02	5.20E-02	8.35E-03
398	1.86E-02	8.13E-02	5.20E-02	8.35E-03
399	1.86E-02	8.13E-02	5.20E-02	8.35E-03
400	1.86E-02	8.13E-02	5.20E-02	8.35E-03
401	1.86E-02	8.13E-02	5.20E-02	8.35E-03
402	1.86E-02	8.13E-02	5.20E-02	8.35E-03
403	1.86E-02	8.13E-02	5.20E-02	8.35E-03
404	1.86E-02	8.13E-02	5.20E-02	8.35E-03
405	1.86E-02	8.13E-02	5.20E-02	8.35E-03
406	1.86E-02	8.13E-02	5.20E-02	8.35E-03
407	1.86E-02	8.13E-02	5.20E-02	8.35E-03
408	1.86E-02	8.13E-02	5.20E-02	8.35E-03
409	1.86E-02	8.13E-02	5.20E-02	8.35E-03
410	1.86E-02	8.13E-02	5.20E-02	8.35E-03
411	1.86E-02	8.13E-02	5.20E-02	8.35E-03
412	1.86E-02	8.13E-02	5.20E-02	8.35E-03
413	1.86E-02	8.13E-02	5.20E-02	8.35E-03
414	1.86E-02	8.13E-02	5.20E-02	8.35E-03
415	1.86E-02	8.13E-02	5.20E-02	8.35E-03
416	1.86E-02	8.13E-02	5.20E-02	8.35E-03
417	1.86E-02	8.13E-02	5.20E-02	8.35E-03
418	1.86E-02	8.13E-02	5.20E-02	8.35E-03
419	1.86E-02	8.13E-02	5.20E-02	8.35E-03
420	1.86E-02	8.13E-02	5.20E-02	8.35E-03
421	1.86E-02	8.13E-02	5.20E-02	8.35E-03
422	1.86E-02	8.13E-02	5.20E-02	8.35E-03
423	1.86E-02	8.13E-02	5.20E-02	8.35E-03
424	1.86E-02	8.13E-02	5.20E-02	8.35E-03
425	1.86E-02	8.13E-02	5.20E-02	8.35E-03
426	1.86E-02	8.13E-02	5.20E-02	8.35E-03
427	1.86E-02	8.13E-02	5.20E-02	8.35E-03
428	1.86E-02	8.13E-02	5.20E-02	8.35E-03
429	1.86E-02	8.13E-02	5.20E-02	8.35E-03
430	1.86E-02	8.13E-02	5.20E-02	8.35E-03
431	1.86E-02	8.13E-02	5.20E-02	8.35E-03
432	1.86E-02	8.13E-02	5.20E-02	8.35E-03
433	1.86E-02	8.13E-02	5.20E-02	8.35E-03
434	1.86E-02	8.13E-02	5.20E-02	8.35E-03
435	1.86E-02	8.13E-02	5.20E-02	8.35E-03
436	1.86E-02	8.13E-02	5.20E-02	8.35E-03
437	1.86E-02	8.13E-02	5.20E-02	8.35E-03
438	1.86E-02	8.13E-02	5.20E-02	8.35E-03
439	1.86E-02	8.13E-02	5.20E-02	8.35E-03
440	1.86E-02	8.13E-02	5.20E-02	8.35E-03
441	1.86E-02	8.13E-02	5.20E-02	8.35E-03
442	1.86E-02	8.13E-02	5.20E-02	8.35E-03
443	1.86E-02	8.13E-02	5.20E-02	8.35E-03
444	1.86E-02	8.13E-02	5.20E-02	8.35E-03
445	1.86E-02	8.13E-02	5.20E-02	8.35E-03
446	1.86E-02	8.13E-02	5.20E-02	8.35E-03
447	1.86E-02	8.13E-02	5.20E-02	8.35E-03
448	1.86E-02	8.13E-02	5.20E-02	8.35E-03
449	1.86E-02	8.13E-02	5.20E-02	8.35E-03
450	1.86E-02	8.13E-02	5.20E-02	8.35E-03
451	1.86E-02	8.13E-02	5.20E-02	8.35E-03
452	1.86E-02	8.13E-02	5.20E-02	8.35E-03
453	1.86E-02	8.13E-02	5.20E-02	8.35E-03
454	1.86E-02	8.13E-02	5.20E-02	8.35E-03
455	1.86E-02	8.13E-02	5.20E-02	8.35E-03
456	1.86E-02	8.13E-02	5.20E-02	8.35E-03
457	1.86E-02	8.13E-02	5.20E-02	8.35E-03
458	1.86E-02	8.13E-02	5.20E-02	8.35E-03
459	1.86E-02	8.13E-02	5.20E-02	8.35E-03
460	1.86E-02	8.13E-02	5.20E-02	8.35E-03
461	1.86E-02	8.13E-02	5.20E-02	8.35E-03
462	1.86E-02	8.13E-02	5.20E-02	8.35E-03
463	1.86E-02	8.13E-02	5.20E-02	8.35E-03
464	1.86E-02	8.13E-02	5.20E-02	8.35E-03
465	1.86E-02	8.13E-02	5.20E-02	8.35E-03
466	1.86E-02	8.13E-02	5.20E-02	8.35E-03
467	1.86E-02	8.13E-02	5.20E-02	8.35E-03
468	1.86E-02	8.13E-02	5.20E-02	8.35E-03
469	1.86E-02	8.13E-02	5.20E-02	8.35E-03
470	1.86E-02	8.13E-02	5.20E-02	8.35E-03
471	1.86E-02	8.13E-02	5.20E-02	8.35E-03
472	1.86E-02	8.13E-02	5.20E-02	8.35E-03
473	1.86E-02	8.13E-02	5.20E-02	8.35E-03
474	1.86E-02	8.13E-02	5.20E-02	8.35E-03
475	1.86E-02	8.13E-02	5.20E-02	8.35E-03
476	1.86E-02	8.13E-02	5.20E-02	8.35E-03
477	1.86E-02	8.13E-02	5.20E-02	8.35E-03
478	1.86E-02	8.13E-02	5.20E-02	8.35E-03
479	1.86E-02	8.13E-02	5.20E-02	8.35E-03
480	1.86E-02	8.13E-02	5.20E-02	8.35E-03
481	1.86E-02	8.13E-02	5.20E-02	8.35E-03
482	1.86E-02	8.13E-02	5.20E-02	8.35E-03
483	1.86E-02	8.13E-02	5.20E-02	8.35E-03
484	1.86E-02	8.13E-02	5.20E-02	8.35E-03
485	1.86E-02	8.13E-02	5.20E-02	8.35E-03
486	1.86E-02	8.13E-02	5.20E-02	8.35E-03
487	1.86E-02	8.13E-02	5.20E-02	8.35E-03
488	1.86E-02	8.13E-02	5.20E-02	8.35E-03
489	1.86E-02	8.13E-02	5.20E-02	8.35E-03
490	1.86E-02	8.13E-02	5.20E-02	8.35E-03
491	1.86E-02	8.13E-02	5.20E-02	8.35E-03
492	1.86E-02	8.13E-02	5.20E-02	8.35E-03
493	1.86E-02	8.13E-02	5.20E-02	8.35E-03
494	1.86E-02	8.13E-02	5.20E-02	8.35E-03
495	1.86E-02	8.13E-02	5.20E-02	8.35E-03
496	1.86E-02	8.13E-02	5.20E-02	8.35E-03
497	1.86E-02	8.13E-02	5.20E-02	8.35E-03
498	1.86E-02	8.13E-02	5.20E-02	8.35E-03
499	1.86E-02	8.13E-02	5.20E-02	8.35E-03
500	1.86E-02	8.13E-02	5.20E-02	8.35E-03
501	1.86E-02	8.13E-02	5.20E-02	8.35E-03
502	1.86E-02	8.13E-02	5.20E-02	8.35E-03
503	1.86E-02	8.13E-02	5.20E-02	8.35E-03
504	1.86E-02	8.13E-02	5.20E-02	8.35E-03
505	1.86E-02	8.13E-02	5.20E-02	8.35E-03
506	1.86E-02	8.13E-02	5.20E-02	8.35E-03
507	1.86E-02	8.13E-02	5.20E-02	8.35E-03
508	1.86E-02	8.13E-02	5.20E-02	8.35E-03
509	1.86E-02	8.13E-02	5.20E-02	8.35E-03
510	1.86E-02	8.13E-02	5.20E-02	8.35E-03
511	1.86E-02	8.13E-02	5.20E-02	8.35E-03
512	1.86E-02	8.13E-02	5.20E-02	8.35E-03
513	1.86E-02	8.13E-02	5.20E-02	8.35E-03
514	1.86E-02	8.13E-02	5.20E-02	8.35E-03
515	1.78E-02	8.13E-02	5.20E-02	8.35E-03
516	1.78E-02	8.13E-02	5.20E-02	8.35E-03
517	1.78E-02	8.13E-02	5.20E-02	8.35E-03
518	1.78E-02	8.13E-02	5.20E-02	8.35E-03
519	1.78E-02	8.13E-02	5.20E-02	8.35E-03
520	1.78E-02	8.13E-02	5.20E-02	8.35E-03
521	1.78E-02	8.13E-02	5.20E-02	8.35E-03
522	1.78E-02	8.13E-02	5.20E-02	8.35E-03
523	1.78E-02	8.13E-02	5.20E-02	8.35E-03
524	1.78E-02	8.13E-02	5.20E-02	8.35E-03
525	1.78E-02	8.13E-02	5.20E-02	8.35E-03
526	1.78E-02	8.13E-02	5.20E-02	8.35E-03
527	1.78E-02	8.13E-02	5.20E-02	8.35E-03
528	1.78E-02	8.13E-02	5.20E-02	8.35E-03
529	1.78E-02	8.13E-02	5.20E-02	8.35E-03
530	1.78E-02	8.13E-02	5.20E-02	8.35E-03
531	1.78E-02	8.13E-02	5.20E-02	8.35E-03
532	1.78E-02	8.13E-02	5.20E-02	8.35E-03
533	1.78E-02	8.13E-02	5.20E-02	8.35E-03
534	1.78E-02	8.13E-02	5.20E-02	8.35E-03
535	1.78E-02	8.13E-02	5.20E-02	8.35E-03
536	1.78E-02	8.13E-02	5.20E-02	8.35E-03
537	1.78E-02	8.13E-02	5.20E-02	8.35E-03
538	1.78E-02	8.13E-02	5.20E-02	8.35E-03
539	1.78E-02	8.13E-02	5.20E-02	8.35E-03
540	1.78E-02	8.13E-02	5.20E-02	8.35E-03
541	1.78E-02	8.13E-02	5.20E-02	8.35E-03
542	1.78E-02	8.13E-02	5.20E-02	8.35E-03
543	1.78E-02	8.13E-02	5.20E-02	8.35E-03
544	1.78E-02	8.13E-02	5.20E-02	8.35E-03
545	1.78E-02	8.13E-02	5.20E-02	8.35E-03
546	1.78E-02	8.13E-02	5.20E-02	8.35E-03
547	1.78E-02	8.13E-02	5.20E-02	8.35E-03
548	1.78E-02	8.13E-02	5.20E-02	8.35E-03
549	1.78E-02	8.13E-02	5.20E-02	8.35E-03
550	1.78E-02	8.13E-02	5.20E-02	8.35E-03
551	1.78E-02	8.13E-02	5.20E-02	8.35E-03
552	1.78E-02	8.13E-02	5.20E-02	8.35E-03
553	1.78E-02	8.13E-02	5.20E-02	8.35E-03
554	1.78E-02	8.13E-02	5.20E-02	8.35E-03
555	1.78E-02	8.13E-02	5.20E-02	8.35E-03
556	1.78E-02	8.13E-02	5.20E-02	8.35E-03
557	1.78E-02	8.13E-02	5.20E-02	8.35E-03
558	1.78E-02	8.13E-02	5.20E-02	8.35E-03
559	1.78E-02	8.13E-02	5.20E-02	8.35E-03
560	1.78E-02	8.13E-02	5.20E-02	8.35E-03
561	1.78E-02	8.13E-02	5.20E-02	8.35E-03
562	1.78E-02	8.13E-02	5.20E-02	8.35E-03
563	1.78E-02	8.13E-02	5.20E-02	8.35E-03
564	1.78E-02	8.13E-02	5.20E-02	8.35E-03
565	1.78E-02	8.13E-02	5.20E-02	8.35E-03
566	1.78E-02	8.13E-02	5.20E-02	8.35E-03
567	1.78E-02	8.13E-02	5.20E-02	8.35E-03
568	1.78E-02	8.13E-02	5.20E-02	8.35E-03
569	1.78E-02	8.13E-02	5.20E-02	8.35E-03
570	1.78E-02	8.13E-02	5.20E-02	8.35E-03
571	1.78E-02	8.13E-02	5.20E-02	8.35E-03
572	1.78E-02	8.13E-02	5.20E-02	8.35E-03
573	1.78E-02	8.13E-02	5.20E-02	8.35E-03
574	1.78E-02	8.13E-02	5.20E-02	8.35E-03
575	1.78E-02	8.13E-02	5.20E-02	8.35E-03
576	1.78E-02	8.13E-02	5.20E-02	8.35E-03
577	1.78E-02	8.13E-02	5.20E-02	8.35E-03
578	1.78E-02	8.13E-02	5.20E-02	8.35E-03
579	1.78E-02	8.13E-02	5.20E-02	8.35E-03
580	1.78E-02	8.13E-02	5.20E-02	8.35E-03
581	1.78E-02	8.13E-02	5.20E-02	8.35E-03
582	1.78E-02	8.13E-02	5.20E-02	8.35E-03
583	1.78E-02	8.13E-02	5.20E-02	8.35E-03
584	1.78E-02	8.13E-02	5.20E-02	8.35E-03
585	1.78E-02	8.13E-02	5.20E-02	8.35E-03
586	1.78E-02	8.13E-02	5.20E-02	8.35E-03
587	1.78E-02	8.13E-02	5.20E-02	8.35E-03
588	1.78E-02	8.13E-02	5.20E-02	8.35E-03
589	1.78E-02	8.13E-02	5.20E-02	8.35E-03
590	1.78E-02	8.13E-02	5.20E-02	8.35E-03
591	1.78E-02	8.13E-02	5.20E-02	8.35E-03
592	1.78E-02	8.13E-02	5.20E-02	8.35E-03
593	1.78E-02	8.13E-02	5.20E-02	8.35E-03
594	1.78E-02	8.13E-02	5.20E-02	8.35E-03
595	1.78E-02	8.13E-02	5.20E-02	8.35E-03
596	1.78E-02	8.13E-02	5.20E-02	8.35E-03
597	1.78E-02	8.13E-02	5.20E-02	8.35E-03
598	1.78E-02	8.13E-02	5.20E-02	8.35E-03
599	1.78E-02	8.13E-02	5.20E-02	8.35E-03
600	1.78E-02	8.13E-02	5.20E-02	8.35E-03
601	1.78E-02	8.13E-02	5.20E-02	8.35E-03
602	1.78E-02	8.13E-02	5.20E-02	8.35E-03
603	1.78E-02	8.13E-02	5.20E-02	8.35E-03
604	1.78E-02	8.13E-02	5.20E-02	8.35E-03
605	1.78E-02	8.13E-02	5.20E-02	8.35E-03
606	1.78E-02	8.13E-02	5.20E-02	8.35E-03
607	1.78E-02	8.13E-02	5.20E-02	8.35E-03
608	1.78E-02	8.13E-02	5.20E-02	8.35E-03
609	1.78E-02	8.13E-02	5.20E-02	8.35E-03
610	1.78E-02	8.13E-02	5.20E-02	8.35E-03
611	1.78E-02	8.13E-02	5.20E-02	8.35E-03
612	1.78E-02	8.13E-02	5.20E-02	8.35E-03
613	1.78E-02	8.13E-02	5.20E-02	8.35E-03
614	1.78E-02	8.13E-02	5.20E-02	8.35E-03
615	1.78E-02	8.13E-02	5.20E-02	8.35E-03
616	1.78E-02	8.13E-02	5.20E-02	8.35E-03
617	1.78E-02	8.13E-02	5.20E-02	8.35E-03
618	1.78E-02	8.13E-02	5.20E-02	8.35E-03
619	1.78E-02	8.13E-02	5.20E-02	8.35E-03
620	1.78E-02	8.13E-02	5.20E-02	8.35E-03
621	1.78E-02	8.13E-02	5.20E-02	8.35E-03
622	1.78E-02	8.13E-02	5.20E-02	8.35E-03
623	1.78E-02	8.13E-02	5.20E-02	8.35E-03
624	1.78E-02	8.13E-02	5.20E-02	8.35E-03
625	1.78E-02	8.13E-02	5.20E-02	8.35E-03
626	1.78E-02	8.13E-02	5.20E-02	8.35E-03
627	1.78E-02	8.13E-02	5.20E-02	8.35E-03
628	1.78E-02	8.13E-02	5.20E-02	8.35E-03
629	1.78E-02	8.13E-02	5.20E-02	8.35E-03
630	1.78E-02	8.13E-02	5.20E-02	8.35E-03
631	1.78E-02	8.13E-02	5.20E-02	8.35E-03
632	1.78E-02	8.13E-02	5.20E-02	8.35E-03
633	1.78E-02	8.13E-02	5.20E-02	8.35E-03
634	1.78E-02	8.13E-02	5.20E-02	8.35E-03
635	1.78E-02	8.13E-02	5.20E-02	8.35E-03
636	1.78E-02	8.13E-02	5.20E-02	8.35E-03
637	1.78E-02	8.13E-02	5.20E-02	8.35E-03
638	1.78E-02	8.13E-02	5.20E-02	8.35E-03
639	1.78E-02	8.13E-02	5.20E-02	8.35E-03
640	1.78E-02	8.13E-02	5.20E-02	8.35E-03
641	1.78E-02	8.13E-02	5.20E-02	8.35E-03
642	1.78E-02	8.13E-02	5.20E-02	8.35E-03
643	1.78E-02	8.13E-02	5.20E-02	8.35E-03
644	1.78E-02	8.09E-02	5.20E-02	8.35E-03
645	1.78E-02	7.83E-02	5.20E-02	8.35E-03
646	1.78E-02	7.83E-02	5.20E-02	8.35E-03
647	1.78E-02	7.83E-02	5.20E-02	8.35E-03
648	1.78E-02	7.50E-02	5.20E-02	8.35E-03
649	1.78E-02	7.50E-02	5.20E-02	8.35E-03
650	1.78E-02	7.50E-02	5.20E-02	8.35E-03
651	1.78E-02	7.50E-02	5.20E-02	8.35E-03
652	1.78E-02	7.50E-02	5.20E-02	8.35E-03
653	1.78E-02	7.50E-02	5.20E-02	8.35E-03
654	1.78E-02	7.50E-02	5.20E-02	8.35E-03
655	1.78E-02	7.50E-02	5.20E-02	8.35E-03
656	1.78E-02	7.50E-02	5.20E-02	8.35E-03
657	1.78E-02	7.50E-02	5.20E-02	8.35E-03
658	1.78E-02	7.50E-02	5.20E-02	8.35E-03
659	1.78E-02	7.50E-02	5.20E-02	8.35E-03
660	1.78E-02	7.50E-02	5.20E-02	8.35E-03
661	1.78E-02	7.50E-02	5.20E-02	8.35E-03
662	1.78E-02	7.50E-02	5.20E-02	8.35E-03
663	1.78E-02	7.50E-02	5.20E-02	8.35E-03
664	1.78E-02	7.50E-02	5.20E-02	8.35E-03
665	1.78E-02	7.50E-02	5.20E-02	8.35E-03
666	1.78E-02	7.50E-02	5.20E-02	8.35E-03
667	1.78E-02	7.50E-02	5.20E-02	8.35E-03
668	1.78E-02	7.50E-02	5.20E-02	8.35E-03
669	1.78E-02	7.50E-02	5.20E-02	8.35E-03
670	1.78E-02	7.50E-02	5.20E-02	8.35E-03
671	1.78E-02	7.50E-02	5.20E-02	8.35E-03
672	1.78E-02	7.50E-02	5.20E-02	8.35E-03
673	1.78E-02	7.50E-02	5.20E-02	8.35E-03
674	1.78E-02	7.50E-02	5.20E-02	8.35E-03
675	1.78E-02	7.50E-02	5.20E-02	8.35E-03
676	1.78E-02	7.50E-02	5.20E-02	8.35E-03
677	1.78E-02	7.50E-02	5.20E-02	8.35E-03
678	1.78E-02	7.50E-02	5.20E-02	8.35E-03
679	1.78E-02	7.50E-02	5.20E-02	8.35E-03
680	1.78E-02	7.44E-02	5.20E-02	8.35E-03
681	1.78E-02	6.43E-02	5.20E-02	8.35E-03
682	1.78E-02	6.25E-02	5.20E-02	8.35E-03
683	1.78E-02	6.25E-02	5.20E-02	8.35E-03
684	1.78E-02	6.25E-02	5.20E-02	8.35E-03
685	1.78E-02	6.25E-02	5.20E-02	8.35E-03
686	1.78E-02	6.25E-02	5.20E-02	8.35E-03
687	1.78E-02	6.25E-02	5.20E-02	8.35E-03
688	1.78E-02	6.25E-02	5.20E-02	8.35E-03
689	1.78E-02	6.25E-02	5.20E-02	8.35E-03
690	1.78E-02	6.25E-02	5.20E-02	8.35E-03
691	1.78E-02	6.25E-02	5.20E-02	8.35E-03
692	1.78E-02	6.25E-02	5.20E-02	8.35E-03
693	1.78E-02	6.25E-02	5.20E-02	8.35E-03
694	1.78E-02	6.25E-02	5.20E-02	8.35E-03
695	1.78E-02	6.25E-02	5.20E-02	8.35E-03
696	1.78E-02	6.25E-02	5.20E-02	8.35E-03
697	1.78E-02	6.25E-02	5.20E-02	8.35E-03
698	1.78E-02	6.25E-02	5.20E-02	8.35E-03
699	1.78E-02	6.25E-02	5.20E-02	8.35E-03
700	1.78E-02	6.25E-02	5.20E-02	8.35E-03
701	1.78E-02	6.25E-02	5.20E-02	8.35E-03
702	1.78E-02	6.25E-02	5.20E-02	8.35E-03
703	1.78E-02	6.25E-02	5.20E-02	8.35E-03
704	1.78E-02	6.25E-02	5.20E-02	8.35E-03
705	1.78E-02	6.25E-02	5.20E-02	8.35E-03
706	1.78E-02	6.25E-02	5.20E-02	8.35E-03
707	1.78E-02	6.25E-02	5.20E-02	8.35E-03
708	1.78E-02	6.25E-02	5.20E-02	8.35E-03
709	1.78E-02	6.25E-02	5.20E-02	8.35E-03
710	1.78E-02	6.25E-02	5.20E-02	8.35E-03
711	1.78E-02	6.25E-02	5.20E-02	8.35E-03
712	1.78E-02	6.25E-02	5.20E-02	8.35E-03
713	1.78E-02	6.25E-02	5.20E-02	8.35E-03
714	1.78E-02	6.25E-02	5.20E-02	8.35E-03
715	1.78E-02	6.25E-02	5.20E-02	8.35E-03
716	1.78E-02	6.25E-02	5.20E-02	8.35E-03
717	1.78E-02	6.25E-02	5.20E-02	8.35E-03
718	1.78E-02	6.25E-02	5.20E-02	8.35E-03
719	1.78E-02	6.25E-02	5.20E-02	8.35E-03
720	1.78E-02	6.25E-02	5.20E-02	8.35E-03
721	1.78E-02	6.25E-02	5.20E-02	8.35E-03
722	1.78E-02	6.25E-02	5.20E-02	8.35E-03
723	1.78E-02	6.25E-02	5.20E-02	8.35E-03
724	1.78E-02	6.25E-02	5.20E-02	8.35E-03
725	1.78E-02	6.25E-02	5.20E-02	8.35E-03
726	1.78E-02	6.25E-02	5.20E-02	8.35E-03
727	1.78E-02	6.25E-02	5.20E-02	8.35E-03
728	1.78E-02	6.25E-02	5.20E-02	8.35E-03
729	1.53E-02	6.25E-02	5.20E-02	8.35E-03
730	1.50E-02	6.25E-02	5.20E-02	8.35E-03
731	1.50E-02	6.25E-02	5.20E-02	8.35E-03
732	1.50E-02	6.25E-02	5.20E-02	8.35E-03
733	1.50E-02	6.25E-02	5.20E-02	8.35E-03
734	1.50E-02	6.25E-02	5.20E-02	8.35E-03
735	1.50E-02	6.25E-02	5.20E-02	8.35E-03
736	1.50E-02	6.25E-02	5.20E-02	8.35E-03
737	1.50E-02	6.25E-02	5.20E-02	8.35E-03
738	1.50E-02	6.25E-02	5.20E-02	8.35E-03
739	1.50E-02	6.25E-02	5.20E-02	8.35E-03
740	1.50E-02	6.25E-02	5.20E-02	8.35E-03
741	1.50E-02	6.25E-02	5.20E-02	8.35E-03
742	1.50E-02	6.25E-02	5.20E-02	8.35E-03
743	1.50E-02	6.25E-02	5.20E-02	8.35E-03
744	1.50E-02	6.25E-02	5.20E-02	8.35E-03
745	1.50E-02	6.25E-02	5.20E-02	8.35E-03
746	1.50E-02	6.25E-02	5.20E-02	8.35E-03
747	1.50E-02	6.25E-02	5.20E-02	8.35E-03
748	1.50E-02	6.25E-02	5.20E-02	8.35E-03
749	1.50E-02	6.25E-02	5.20E-02	8.35E-03
750	1.50E-02	6.25E-02	5.20E-02	8.35E-03
751	1.50E-02	6.25E-02	5.20E-02	8.35E-03
752	1.50E-02	6.25E-02	5.20E-02	8.35E-03
753	1.50E-02	6.25E-02	5.20E-02	8.35E-03
754	1.50E-02	6.25E-02	5.20E-02	8.35E-03
755	1.50E-02	6.25E-02	5.20E-02	8.35E-03
756	1.50E-02	6.25E-02	5.20E-02	8.35E-03
757	1.50E-02	6.25E-02	5.20E-02	8.35E-03
758	1.50E-02	6.25E-02	5.20E-02	8.35E-03
759	1.50E-02	6.25E-02	5.20E-02	8.35E-03
760	1.50E-02	6.25E-02	5.20E-02	8.35E-03
761	1.50E-02	6.25E-02	5.20E-02	8.35E-03
762	1.50E-02	6.25E-02	5.20E-02	8.35E-03
763	1.50E-02	6.25E-02	5.20E-02	8.35E-03
764	1.50E-02	6.25E-02	5.20E-02	8.35E-03
765	1.50E-02	6.25E-02	5.20E-02	8.35E-03
766	1.50E-02	6.25E-02	5.20E-02	8.35E-03
767	1.50E-02	6.25E-02	5.20E-02	8.35E-03
768	1.50E-02	6.25E-02	5.20E-02	8.35E-03
769	1.50E-02	6.25E-02	5.20E-02	8.35E-03
770	1.50E-02	6.25E-02	5.20E-02	8.35E-03
771	1.50E-02	6.25E-02	5.20E-02	8.35E-03
772	1.50E-02	6.25E-02	5.20E-02	8.35E-03
773	1.50E-02	6.25E-02	5.20E-02	8.35E-03
774	1.50E-02	6.25E-02	5.20E-02	8.35E-03
775	1.50E-02	6.25E-02	5.20E-02	8.35E-03
776	1.50E-02	6.25E-02	5.20E-02	8.35E-03
777	1.50E-02	6.25E-02	5.20E-02	8.35E-03
778	1.50E-02	6.25E-02	5.20E-02	8.35E-03
779	1.50E-02	6.25E-02	5.20E-02	8.35E-03
780	1.50E-02	6.25E-02	5.20E-02	8.35E-03
781	1.50E-02	6.25E-02	5.20E-02	8.35E-03
782	1.50E-02	6.25E-02	5.20E-02	8.35E-03
783	1.50E-02	6.25E-02	5.20E-02	8.35E-03
784	1.50E-02	6.25E-02	5.20E-02	8.35E-03
785	1.50E-02	6.25E-02	5.20E-02	8.35E-03
786	1.50E-02	6.25E-02	5.20E-02	8.35E-03
787	1.50E-02	6.25E-02	5.20E-02	8.35E-03
788	1.50E-02	6.25E-02	5.20E-02	8.35E-03
789	1.50E-02	6.25E-02	5.20E-02	8.35E-03
790	1.50E-02	6.25E-02	5.20E-02	8.35E-03
791	1.50E-02	6.25E-02	5.20E-02	8.35E-03
792	1.50E-02	6.25E-02	5.20E-02	8.35E-03
793	1.50E-02	6.25E-02	5.20E-02	8.35E-03
794	1.50E-02	6.25E-02	5.20E-02	8.35E-03
795	1.50E-02	6.25E-02	5.20E-02	8.35E-03
796	1.50E-02	6.25E-02	5.20E-02	8.35E-03
797	1.50E-02	6.25E-02	5.20E-02	8.35E-03
798	1.50E-02	6.25E-02	5.20E-02	8.35E-03
799	1.50E-02	6.25E-02	5.20E-02	8.35E-03
800	1.50E-02	6.25E-02	5.20E-02	8.35E-03
801	1.50E-02	6.25E-02	5.20E-02	8.35E-03
802	1.50E-02	6.25E-02	5.20E-02	8.35E-03
803	1.50E-02	6.25E-02	5.20E-02	8.35E-03
804	1.50E-02	6.25E-02	5.20E-02	8.35E-03
805	1.50E-02	6.25E-02	5.20E-02	8.35E-03
806	1.50E-02	6.25E-02	5.20E-02	8.35E-03
807	1.50E-02	6.25E-02	5.20E-02	8.35E-03
808	1.50E-02	6.25E-02	5.20E-02	8.35E-03
809	1.50E-02	6.25E-02	5.20E-02	8.35E-03
810	1.50E-02	6.25E-02	5.20E-02	8.35E-03
811	1.50E-02	6.25E-02	5.20E-02	8.35E-03
812	1.50E-02	6.25E-02	5.20E-02	8.35E-03
813	1.50E-02	6.25E-02	5.20E-02	8.35E-03
814	1.50E-02	6.25E-02	5.20E-02	8.35E-03
815	1.50E-02	6.25E-02	5.20E-02	8.35E-03
816	1.50E-02	6.25E-02	5.20E-02	8.35E-03
817	1.50E-02	6.25E-02	5.20E-02	8.35E-03
818	1.50E-02	6.25E-02	5.20E-02	8.35E-03
819	1.50E-02	6.25E-02	5.20E-02	8.35E-03
820	1.50E-02	6.25E-02	5.20E-02	8.35E-03
821	1.50E-02	6.25E-02	5.20E-02	8.35E-03
822	1.50E-02	6.25E-02	5.20E-02	8.35E-03
823	1.50E-02	6.25E-02	5.20E-02	8.35E-03
824	1.50E-02	6.25E-02	5.20E-02	8.35E-03
825	1.50E-02	6.25E-02	5.20E-02	8.35E-03
826	1.50E-02	6.25E-02	5.20E-02	8.35E-03
827	1.50E-02	5.99E-02	5.20E-02	8.35E-03
828	1.50E-02	5.90E-02	5.20E-02	8.35E-03
829	1.50E-02	5.90E-02	5.20E-02	8.35E-03
830	1.50E-02	5.88E-02	5.20E-02	8.35E-03
831	1.50E-02	5.88E-02	5.20E-02	8.35E-03
832	1.50E-02	5.88E-02	5.20E-02	8.35E-03
833	1.50E-02	5.88E-02	5.20E-02	8.35E-03
834	1.50E-02	5.85E-02	5.20E-02	8.35E-03
835	1.50E-02	5.85E-02	5.20E-02	8.35E-03
836	1.50E-02	5.85E-02	5.20E-02	8.35E-03
837	1.50E-02	5.85E-02	5.20E-02	8.35E-03
838	1.50E-02	5.85E-02	5.20E-02	8.35E-03
839	1.50E-02	5.85E-02	5.20E-02	8.35E-03
840	1.50E-02	5.85E-02	5.20E-02	8.35E-03
841	1.50E-02	5.85E-02	5.20E-02	8.35E-03
842	1.50E-02	5.85E-02	5.20E-02	8.35E-03
843	1.50E-02	5.85E-02	5.20E-02	8.35E-03
844	1.50E-02	5.85E-02	5.20E-02	8.35E-03
845	1.50E-02	5.85E-02	5.20E-02	8.35E-03
846	1.50E-02	5.85E-02	5.20E-02	8.35E-03
847	1.50E-02	5.85E-02	5.20E-02	8.35E-03
848	1.50E-02	5.85E-02	5.20E-02	8.35E-03
849	1.50E-02	5.85E-02	5.20E-02	8.35E-03
850	1.50E-02	5.85E-02	5.20E-02	8.35E-03
851	1.50E-02	5.85E-02	5.20E-02	8.35E-03
852	1.50E-02	5.85E-02	5.20E-02	8.35E-03
853	1.50E-02	5.85E-02	5.20E-02	8.35E-03
854	1.50E-02	5.85E-02	5.20E-02	8.35E-03
855	1.50E-02	5.85E-02	5.20E-02	8.35E-03
856	1.50E-02	5.85E-02	5.20E-02	8.35E-03
857	1.50E-02	5.85E-02	5.20E-02	8.35E-03
858	1.50E-02	5.85E-02	5.20E-02	8.35E-03
859	1.50E-02	5.85E-02	5.20E-02	8.35E-03
860	1.50E-02	5.85E-02	5.20E-02	8.35E-03
861	1.50E-02	5.85E-02	5.20E-02	8.35E-03
862	1.50E-02	5.85E-02	5.20E-02	8.35E-03
863	1.50E-02	5.85E-02	5.20E-02	8.35E-03
864	1.50E-02	5.85E-02	5.20E-02	8.35E-03
865	1.50E-02	5.85E-02	5.20E-02	8.35E-03
866	1.50E-02	5.85E-02	5.20E-02	8.35E-03
867	1.50E-02	5.85E-02	5.20E-02	8.35E-03
868	1.50E-02	5.85E-02	5.20E-02	8.35E-03
869	1.50E-02	5.85E-02	5.20E-02	8.35E-03
870	1.50E-02	5.85E-02	5.20E-02	8.35E-03
871	1.50E-02	5.85E-02	5.20E-02	8.35E-03
872	1.50E-02	5.85E-02	5.20E-02	8.35E-03
873	1.50E-02	5.85E-02	5.20E-02	8.35E-03
874	1.50E-02	5.85E-02	5.20E-02	8.35E-03
875	1.50E-02	5.85E-02	5.20E-02	8.35E-03
876	1.50E-02	5.85E-02	5.20E-02	8.35E-03
877	1.50E-02	5.85E-02	5.20E-02	8.35E-03
878	1.50E-02	5.85E-02	5.20E-02	8.35E-03
879	1.50E-02	5.85E-02	5.20E-02	8.35E-03
880	1.50E-02	5.85E-02	5.20E-02	8.35E-03
881	1.50E-02	5.85E-02	5.20E-02	8.35E-03
882	1.50E-02	5.85E-02	5.20E-02	8.35E-03
883	1.50E-02	5.85E-02	5.20E-02	8.35E-03
884	1.50E-02	5.85E-02	5.20E-02	8.35E-03
885	1.50E-02	5.85E-02	5.20E-02	8.35E-03
886	1.50E-02	5.85E-02	5.20E-02	8.35E-03
887	1.50E-02	5.85E-02	5.20E-02	8.35E-03
888	1.50E-02	5.85E-02	5.20E-02	8.35E-03
889	1.50E-02	5.85E-02	5.20E-02	8.35E-03
890	1.50E-02	5.85E-02	5.20E-02	8.35E-03
891	1.50E-02	5.85E-02	5.20E-02	8.35E-03
892	1.50E-02	5.85E-02	5.20E-02	8.35E-03
893	1.50E-02	5.85E-02	5.20E-02	8.35E-03
894	1.50E-02	5.85E-02	5.20E-02	8.35E-03
895	1.50E-02	5.85E-02	5.20E-02	8.35E-03
896	1.50E-02	5.85E-02	5.20E-02	8.35E-03
897	1.50E-02	5.85E-02	5.20E-02	8.35E-03
898	1.50E-02	5.85E-02	5.20E-02	8.35E-03
899	1.50E-02	5.85E-02	5.20E-02	8.35E-03
900	1.50E-02	5.85E-02	5.20E-02	8.35E-03
901	1.50E-02	5.85E-02	5.20E-02	8.35E-03
902	1.50E-02	5.85E-02	5.20E-02	8.35E-03
903	1.50E-02	5.85E-02	5.20E-02	8.35E-03
904	1.50E-02	5.85E-02	5.20E-02	8.35E-03
905	1.50E-02	5.85E-02	5.20E-02	8.35E-03
906	1.50E-02	5.85E-02	5.20E-02	8.35E-03
907	1.50E-02	5.85E-02	5.20E-02	8.35E-03
908	1.50E-02	5.85E-02	5.20E-02	8.35E-03
909	1.50E-02	5.85E-02	5.20E-02	8.35E-03
910	1.50E-02	5.85E-02	5.20E-02	8.35E-03
911	1.50E-02	5.85E-02	5.20E-02	8.35E-03
912	1.50E-02	5.85E-02	5.20E-02	8.35E-03
913	1.50E-02	5.85E-02	5.20E-02	8.35E-03
914	1.50E-02	5.85E-02	5.20E-02	8.35E-03
915	1.50E-02	5.85E-02	5.20E-02	8.35E-03
916	1.50E-02	5.85E-02	5.20E-02	8.35E-03
917	1.50E-02	5.85E-02	5.20E-02	8.35E-03
918	1.50E-02	5.85E-02	5.20E-02	8.35E-03
919	1.50E-02	5.85E-02	5.20E-02	8.35E-03
920	1.50E-02	5.85E-02	5.20E-02	8.35E-03
921	1.50E-02	5.85E-02	5.20E-02	8.35E-03
922	1.50E-02	5.85E-02	5.20E-02	8.35E-03
923	1.50E-02	5.85E-02	5.20E-02	8.35E-03
924	1.50E-02	5.85E-02	5.20E-02	8.35E-03
925	1.50E-02	5.85E-02	5.20E-02	8.35E-03
926	1.50E-02	5.85E-02	5.20E-02	8.35E-03
927	1.50E-02	5.85E-02	5.20E-02	8.35E-03
928	1.50E-02	5.85E-02	5.20E-02	8.35E-03
929	1.50E-02	5.85E-02	5.20E-02	8.35E-03
930	1.50E-02	5.85E-02	5.20E-02	8.35E-03
931	1.50E-02	5.85E-02	5.20E-02	8.35E-03
932	1.50E-02	5.85E-02	5.20E-02	8.35E-03
933	1.50E-02	5.85E-02	5.20E-02	8.35E-03
934	1.50E-02	5.85E-02	5.20E-02	8.35E-03
935	1.50E-02	5.85E-02	5.20E-02	8.35E-03
936	1.50E-02	5.85E-02	5.20E-02	8.35E-03
937	1.50E-02	5.85E-02	5.20E-02	8.35E-03
938	1.50E-02	5.85E-02	5.20E-02	8.35E-03
939	1.50E-02	5.85E-02	5.20E-02	8.35E-03
940	1.50E-02	5.85E-02	5.20E-02	8.35E-03
941	1.50E-02	5.85E-02	5.20E-02	8.35E-03
942	1.50E-02	5.85E-02	5.20E-02	8.35E-03
943	1.50E-02	5.85E-02	5.20E-02	8.35E-03
944	1.50E-02	5.85E-02	5.20E-02	8.35E-03
945	1.50E-02	5.85E-02	5.20E-02	8.35E-03
946	1.50E-02	5.85E-02	5.20E-02	8.35E-03
947	1.50E-02	5.85E-02	5.20E-02	8.35E-03
948	1.50E-02	5.85E-02	5.20E-02	8.35E-03
949	1.50E-02	5.85E-02	5.20E-02	8.35E-03
950	1.50E-02	5.85E-02	5.20E-02	8.35E-03
951	1.50E-02	5.85E-02	5.20E-02	8.35E-03
952	1.50E-02	5.85E-02	5.20E-02	8.35E-03
953	1.50E-02	5.85E-02	5.20E-02	8.35E-03
954	1.50E-02	5.85E-02	5.20E-02	8.35E-03
955	1.50E-02	5.85E-02	5.20E-02	8.35E-03
956	1.50E-02	5.85E-02	5.20E-02	8.35E-03
957	1.50E-02	5.85E-02	5.20E-02	8.35E-03
958	1.50E-02	5.85E-02	5.20E-02	8.35E-03
959	1.50E-02	5.85E-02	5.20E-02	8.35E-03
960	1.50E-02	5.85E-02	5.20E-02	8.35E-03
961	1.50E-02	5.85E-02	5.20E-02	8.35E-03
962	1.50E-02	5.85E-02	5.20E-02	8.35E-03
963	1.50E-02	5.85E-02	5.20E-02	8.35E-03
964	1.50E-02	5.85E-02	5.20E-02	8.35E-03
965	1.50E-02	5.85E-02	5.20E-02	8.35E-03
966	1.50E-02	5.85E-02	5.20E-02	8.35E-03
967	1.50E-02	5.85E-02	5.20E-02	8.35E-03
968	1.50E-02	5.85E-02	5.20E-02	8.35E-03
969	1.50E-02	5.85E-02	5.20E-02	8.35E-03
970	1.50E-02	5.85E-02	5.20E-02	8.35E-03
971	1.50E-02	5.85E-02	5.20E-02	8.35E-03
972	1.50E-02	5.85E-02	5.20E-02	8.35E-03
973	1.50E-02	5.85E-02	5.20E-02	8.35E-03
974	1.50E-02	5.85E-02	5.20E-02	8.35E-03
975	1.50E-02	5.85E-02	5.20E-02	8.35E-03
976	1.50E-02	5.85E-02	5.20E-02	8.35E-03
977	1.50E-02	5.85E-02	5.20E-02	8.35E-03
978	1.50E-02	5.85E-02	5.20E-02	8.35E-03
979	1.50E-02	5.85E-02	5.20E-02	8.35E-03
980	1.50E-02	5.85E-02	5.20E-02	8.35E-03
981	1.50E-02	5.85E-02	5.20E-02	8.35E-03
982	1.50E-02	5.85E-02	5.20E-02	8.35E-03
983	1.50E-02	5.85E-02	5.20E-02	8.35E-03
984	1.50E-02	5.85E-02	5.20E-02	8.35E-03
985	1.50E-02	5.85E-02	5.20E-02	8.35E-03
986	1.50E-02	5.85E-02	5.20E-02	8.35E-03
987	1.50E-02	5.85E-02	5.20E-02	8.35E-03
988	1.50E-02	5.85E-02	5.20E-02	8.35E-03
989	1.50E-02	5.85E-02	5.20E-02	8.35E-03
990	1.50E-02	5.85E-02	5.20E-02	8.35E-03
991	1.50E-02	5.52E-02	5.20E-02	8.35E-03
992	1.50E-02	5.52E-02	5.20E-02	8.35E-03
993	1.50E-02	5.09E-02	5.20E-02	8.35E-03
994	1.50E-02	5.09E-02	5.20E-02	8.35E-03
995	1.50E-02	5.09E-02	5.20E-02	8.35E-03
996	1.50E-02	5.09E-02	5.20E-02	8.35E-03
997	1.50E-02	5.09E-02	5.20E-02	8.35E-03
998	1.50E-02	5.09E-02	5.20E-02	8.35E-03
999	1.50E-02	5.09E-02	5.20E-02	8.35E-03
1000				8.35E-03
1001				8.35E-03
1002				8.35E-03
1003				8.35E-03
1004				8.35E-03
1005				8.35E-03
1006				8.35E-03
1007				8.35E-03
1008				8.35E-03
1009				8.35E-03
1010				8.35E-03
1011				8.35E-03
1012				8.35E-03
1013				8.35E-03
1014				8.35E-03
1015				8.35E-03
1016				8.35E-03
1017				8.35E-03
1018				8.35E-03
1019				8.35E-03
1020				8.35E-03
1021				8.35E-03
1022				8.35E-03
1023				8.35E-03
1024				8.35E-03
1025				8.35E-03
1026				8.35E-03
1027				8.35E-03
1028				8.35E-03
1029				8.35E-03
1030				8.35E-03
1031				8.35E-03
1032				8.35E-03
1033				8.35E-03
1034				8.35E-03
1035				8.35E-03
1036				8.35E-03
1037				8.35E-03
1038				8.35E-03
1039				8.35E-03
1040				8.35E-03
1041				8.35E-03
1042				8.35E-03
1043				8.35E-03
1044				8.35E-03
1045				8.35E-03
1046				8.35E-03
1047				8.35E-03
1048				8.35E-03
1049				8.35E-03
1050				8.35E-03
1051				8.35E-03
1052				8.35E-03
1053				8.35E-03
1054				8.35E-03
1055				8.35E-03
1056				8.35E-03
1057				8.35E-03
1058				8.35E-03
1059				8.35E-03
1060				8.35E-03
1061				8.35E-03
1062				8.35E-03
1063				8.35E-03
1064				8.35E-03
1065				8.35E-03
1066				8.35E-03
1067				8.35E-03
1068				8.35E-03
1069				8.35E-03
1070				8.35E-03
1071				8.35E-03
1072				8.35E-03
1073				8.35E-03
1074				8.35E-03
1075				8.35E-03
1076				8.35E-03
1077				8.35E-03
1078				8.35E-03
1079				8.35E-03
1080				8.35E-03
1081				8.35E-03
1082				8.35E-03
1083				8.35E-03
1084				8.35E-03
1085				8.35E-03
1086				8.35E-03
1087				8.35E-03
1088				8.35E-03
1089				8.35E-03
1090				8.35E-03
1091				8.35E-03
1092				8.35E-03
1093				8.35E-03
1094				8.35E-03
1095				8.35E-03
1096				8.35E-03
1097				8.35E-03
1098				8.35E-03
1099				8.35E-03
1100				8.35E-03
1101				8.35E-03
1102				8.35E-03
1103				8.35E-03
1104				8.35E-03
1105				8.35E-03
1106				8.35E-03
1107				8.35E-03
1108				8.35E-03
1109				8.35E-03
1110				8.35E-03
1111				8.35E-03
1112				8.35E-03
1113				8.35E-03
1114				8.35E-03
1115				8.35E-03
1116				8.35E-03
1117				8.35E-03
1118				8.35E-03
1119				8.35E-03
1120				8.35E-03
1121				8.35E-03
1122				8.35E-03
1123				8.35E-03
1124				8.35E-03
1125				8.35E-03
1126				8.35E-03
1127				8.35E-03
1128				8.35E-03
1129				8.35E-03
1130				8.35E-03
1131				8.35E-03
1132				8.35E-03
1133				8.35E-03
1134				8.35E-03
1135				8.35E-03
1136				8.35E-03
1137				8.35E-03
1138				8.35E-03
1139				8.35E-03
1140				8.35E-03
1141				8.35E-03
1142				8.35E-03
1143				8.35E-03
1144				8.35E-03
1145				8.35E-03
1146				8.35E-03
1147				8.35E-03
1148				8.35E-03
1149				8.35E-03
1150				8.35E-03
1151				8.35E-03
1152				8.35E-03
1153				8.35E-03
1154				8.35E-03
1155				8.35E-03
1156				8.35E-03
1157				8.35E-03
1158				8.35E-03
1159				8.35E-03
1160				8.35E-03
1161				8.35E-03
1162				8.35E-03
1163				8.35E-03
1164				8.35E-03
1165				8.35E-03
1166				8.35E-03
1167				8.35E-03
1168				8.35E-03
1169				8.35E-03
1170				8.35E-03
1171				8.35E-03
1172				8.35E-03
1173				8.35E-03
1174				8.35E-03
1175				8.35E-03
1176				8.35E-03
1177				8.35E-03
1178				8.35E-03
1179				8.35E-03
1180				8.35E-03
1181				8.35E-03
1182				8.35E-03
1183				8.35E-03
1184				8.35E-03
1185				8.35E-03
1186				8.35E-03
1187				8.35E-03
1188				8.35E-03
1189				8.35E-03
1190				8.35E-03
1191				8.35E-03
1192				8.35E-03
1193				8.35E-03
1194				8.35E-03
1195				8.35E-03
1196				8.35E-03
1197				8.35E-03
1198				8.35E-03
1199				8.35E-03
1200				8.35E-03
1201				8.35E-03
1202				8.35E-03
1203				8.35E-03
1204				8.35E-03
1205				8.35E-03
1206				8.35E-03
1207				8.35E-03
1208				8.35E-03
1209				8.35E-03
1210				8.35E-03
1211				8.35E-03
1212				8.35E-03
1213				8.35E-03
1214				8.35E-03
1215				8.35E-03
1216				8.35E-03
1217				8.35E-03
1218				8.35E-03
1219				8.35E-03
1220				8.35E-03
1221				8.35E-03
1222				8.35E-03
1223				8.35E-03
1224				8.35E-03
1225				8.35E-03
1226				8.35E-03
1227				8.35E-03
1228				8.35E-03
1229				8.35E-03
1230				8.35E-03
1231				8.35E-03
1232				8.35E-03
1233				8.35E-03
1234				8.35E-03
1235				8.35E-03
1236				8.35E-03
1237				8.35E-03
1238				8.35E-03
1239				8.35E-03
1240				8.35E-03
1241				8.35E-03
1242				8.35E-03
1243				8.35E-03
1244				8.35E-03
1245				8.35E-03
1246				8.35E-03
1247				8.35E-03
1248				8.35E-03
1249				8.35E-03
1250				8.35E-03
1251				8.35E-03
1252				8.35E-03
1253				8.35E-03
1254				8.35E-03
1255				8.35E-03
1256				8.35E-03
1257				8.35E-03
1258				8.35E-03
1259				8.35E-03
1260				8.35E-03
1261				8.35E-03
1262				8.35E-03
1263				8.35E-03
1264				8.35E-03
1265				8.35E-03
1266				8.35E-03
1267				8.35E-03
1268				8.35E-03
1269				8.35E-03
1270				8.35E-03
1271				8.35E-03
1272				8.35E-03
1273				8.35E-03
1274				8.35E-03
1275				8.35E-03
1276				8.35E-03
1277				8.35E-03
1278				8.35E-03
1279				8.35E-03
1280				8.35E-03
1281				8.35E-03
1282				8.35E-03
1283				8.35E-03
1284				8.35E-03
1285				8.35E-03
1286				8.35E-03
1287				8.35E-03
1288				8.35E-03
1289				8.35E-03
1290				8.35E-03
1291				8.35E-03
1292				8.35E-03
1293				8.35E-03
1294				8.35E-03
1295				8.35E-03
1296				8.35E-03
1297				8.35E-03
1298				8.35E-03
1299				8.35E-03
1300				8.35E-03
1301				8.35E-03
1302				8.35E-03
1303				8.35E-03
1304				8.35E-03
1305				8.35E-03
1306				8.35E-03
1307				8.35E-03
1308				8.35E-03
1309				8.35E-03
1310				8.35E-03
1311				8.35E-03
1312				8.35E-03
1313				8.35E-03
1314				8.35E-03
1315				8.35E-03
1316				8.35E-03
1317				8.35E-03
1318				8.35E-03
1319				8.35E-03
1320				8.35E-03
1321				8.35E-03
1322				8.35E-03
1323				8.35E-03
1324				8.35E-03
1325				8.35E-03
1326				8.35E-03
1327				8.35E-03
1328				8.35E-03
1329				8.35E-03
1330				8.35E-03
1331				8.35E-03
1332				8.35E-03
1333				8.35E-03
1334				8.35E-03
1335				8.35E-03
1336				8.35E-03
1337				8.35E-03
1338				8.35E-03
1339				8.35E-03
1340				8.35E-03
1341				8.35E-03
1342				8.35E-03
1343				8.35E-03
1344				8.35E-03
1345				8.35E-03
1346				8.35E-03
1347				8.35E-03
1348				8.35E-03
1349				8.35E-03
1350				8.35E-03
1351				8.35E-03
1352				8.35E-03
1353				8.35E-03
1354				8.35E-03
1355				8.35E-03
1356				8.35E-03
1357				8.35E-03
1358				8.35E-03
1359				8.35E-03
1360				8.35E-03
1361				8.35E-03
1362				8.35E-03
1363				8.35E-03
1364				8.35E-03
1365				8.35E-03
1366				8.35E-03
1367				8.35E-03
1368				8.35E-03
1369				8.35E-03
1370				8.35E-03
1371				8.35E-03
1372				8.35E-03
1373				8.35E-03
1374				8.35E-03
1375				8.35E-03
1376				8.35E-03
1377				8.35E-03
1378				8.35E-03
1379				8.35E-03
1380				8.35E-03
1381				8.35E-03
1382				8.35E-03
1383				8.35E-03
1384				8.35E-03
1385				8.35E-03
1386				8.35E-03
1387				8.35E-03
1388				8.35E-03
1389				8.35E-03
1390				8.35E-03
1391				8.35E-03
1392				8.35E-03
1393				8.35E-03
1394				8.35E-03
1395				8.35E-03
1396				8.35E-03
1397				8.35E-03
1398				8.35E-03
1399				8.35E-03
1400				8.35E-03
1401				8.35E-03
1402				8.35E-03
1403				8.35E-03
1404				8.35E-03
1405				8.35E-03
1406				8.35E-03
1407				8.35E-03
1408				8.35E-03
1409				8.35E-03
1410				8.35E-03
1411				8.35E-03
1412				8.35E-03
1413				8.35E-03
1414				8.35E-03
1415				8.35E-03
1416				8.35E-03
1417				8.35E-03
1418				8.35E-03
1419				8.35E-03
1420				8.35E-03
1421				8.35E-03
1422				8.35E-03
1423				8.35E-03
1424				8.35E-03
1425				8.35E-03
1426				8.35E-03
1427				8.35E-03
1428				8.35E-03
1429				8.35E-03
1430				8.35E-03
1431				8.35E-03
1432				8.35E-03
1433				8.35E-03
1434				8.35E-03
1435				8.35E-03
1436				8.35E-03
1437				8.35E-03
1438				8.35E-03
1439				8.35E-03
1440				8.35E-03
1441				8.35E-03
1442				8.35E-03
1443				8.35E-03
1444				8.35E-03
1445				8.35E-03
1446				8.35E-03
1447				8.35E-03
1448				8.35E-03
1449				8.35E-03
1450				8.35E-03
1451				8.35E-03
1452				8.35E-03
1453				8.35E-03
1454				8.35E-03
1455				8.35E-03
1456				8.35E-03
1457				8.35E-03
1458				8.35E-03
1459				8.35E-03
1460				8.35E-03
1461				8.35E-03
1462				8.35E-03
1463				8.35E-03
1464				8.35E-03
1465				8.35E-03
1466				8.35E-03
1467				8.35E-03
1468				8.35E-03
1469				8.35E-03
1470				8.35E-03
1471				8.35E-03
1472				8.35E-03
1473				8.35E-03
1474				8.35E-03
1475				8.35E-03
1476				8.35E-03
1477				8.35E-03
1478				8.35E-03
1479				8.35E-03
1480				8.35E-03
1481				8.35E-03
1482				8.35E-03
1483				8.35E-03
1484				8.35E-03
1485				8.35E-03
1486				8.35E-03
1487				8.35E-03
1488				8.35E-03
1489				8.35E-03
1490				8.35E-03
1491				8.35E-03
1492				8.35E-03
1493				8.35E-03
1494				8.35E-03
1495				8.35E-03
1496				8.35E-03
1497				8.35E-03
1498				8.35E-03
1499				8.35E-03

