0	0.00E+00	0.00E+00	0.00E+00	0.00E+00
1	0.00E+00	0.00E+00	0.00E+00	0.00E+00
2	6.59E-01	6.12E-01	7.45E-01	7.06E-01
3	6.46E-01	6.04E-01	7.18E-01	6.92E-01
4	5.53E-01	5.87E-01	6.86E-01	6.34E-01
5	4.20E-01	5.42E-01	6.31E-01	5.83E-01
6	3.75E-01	5.29E-01	5.72E-01	5.32E-01
7	3.55E-01	4.94E-01	5.29E-01	4.90E-01
8	2.88E-01	4.76E-01	4.94E-01	4.58E-01
9	2.58E-01	4.32E-01	4.56E-01	4.33E-01
10	2.28E-01	4.04E-01	4.45E-01	4.11E-01
11	2.05E-01	3.62E-01	4.13E-01	3.86E-01
12	1.90E-01	3.34E-01	4.08E-01	3.72E-01
13	1.73E-01	3.23E-01	3.78E-01	3.60E-01
14	1.67E-01	2.96E-01	3.56E-01	3.47E-01
15	1.58E-01	2.75E-01	3.33E-01	3.37E-01
16	1.42E-01	2.57E-01	3.15E-01	3.20E-01
17	1.27E-01	2.35E-01	2.97E-01	3.07E-01
18	1.16E-01	2.16E-01	2.87E-01	2.99E-01
19	1.06E-01	2.03E-01	2.77E-01	2.82E-01
20	9.85E-02	1.91E-01	2.66E-01	2.65E-01
21	9.23E-02	1.80E-01	2.57E-01	2.46E-01
22	8.97E-02	1.72E-01	2.47E-01	2.31E-01
23	8.63E-02	1.65E-01	2.37E-01	2.23E-01
24	7.82E-02	1.59E-01	2.21E-01	2.16E-01
25	7.38E-02	1.52E-01	2.12E-01	2.07E-01
26	6.96E-02	1.48E-01	2.04E-01	1.99E-01
27	6.66E-02	1.43E-01	1.95E-01	1.92E-01
28	6.37E-02	1.34E-01	1.87E-01	1.83E-01
29	6.11E-02	1.30E-01	1.76E-01	1.77E-01
30	5.96E-02	1.22E-01	1.73E-01	1.71E-01
31	5.80E-02	1.14E-01	1.68E-01	1.63E-01
32	5.44E-02	1.08E-01	1.64E-01	1.59E-01
33	5.37E-02	1.05E-01	1.55E-01	1.56E-01
34	4.86E-02	1.02E-01	1.49E-01	1.51E-01
35	4.57E-02	9.88E-02	1.45E-01	1.48E-01
36	4.41E-02	9.59E-02	1.41E-01	1.43E-01
37	4.41E-02	9.22E-02	1.38E-01	1.41E-01
38	4.19E-02	8.93E-02	1.34E-01	1.36E-01
39	3.96E-02	8.73E-02	1.30E-01	1.34E-01
40	3.76E-02	8.08E-02	1.30E-01	1.32E-01
41	3.58E-02	7.92E-02	1.27E-01	1.30E-01
42	3.49E-02	7.73E-02	1.25E-01	1.27E-01
43	3.46E-02	7.68E-02	1.24E-01	1.26E-01
44	3.35E-02	7.50E-02	1.23E-01	1.23E-01
45	3.25E-02	7.03E-02	1.19E-01	1.19E-01
46	3.25E-02	7.03E-02	1.17E-01	1.18E-01
47	3.07E-02	6.98E-02	1.16E-01	1.16E-01
48	3.05E-02	6.93E-02	1.14E-01	1.15E-01
49	2.87E-02	6.75E-02	1.14E-01	1.14E-01
50	2.84E-02	6.63E-02	1.11E-01	1.12E-01
51	2.67E-02	6.44E-02	1.10E-01	1.11E-01
52	2.48E-02	6.35E-02	1.09E-01	1.10E-01
53	2.40E-02	6.16E-02	1.06E-01	1.08E-01
54	2.27E-02	6.06E-02	1.04E-01	1.07E-01
55	2.19E-02	5.87E-02	1.04E-01	1.06E-01
56	2.14E-02	5.84E-02	1.02E-01	1.05E-01
57	2.10E-02	5.72E-02	1.00E-01	1.03E-01
58	2.04E-02	5.51E-02	1.00E-01	1.02E-01
59	2.04E-02	5.41E-02	9.90E-02	1.01E-01
60	2.00E-02	5.31E-02	9.78E-02	9.97E-02
61	1.89E-02	5.26E-02	9.69E-02	9.92E-02
62	1.85E-02	5.12E-02	9.40E-02	9.87E-02
63	1.77E-02	5.12E-02	9.20E-02	9.76E-02
64	1.71E-02	5.08E-02	9.15E-02	9.67E-02
65	1.66E-02	5.00E-02	9.01E-02	9.55E-02
66	1.62E-02	5.00E-02	8.99E-02	9.52E-02
67	1.57E-02	4.73E-02	8.94E-02	9.45E-02
68	1.57E-02	4.67E-02	8.83E-02	9.27E-02
69	1.52E-02	4.54E-02	8.73E-02	9.08E-02
70	1.52E-02	4.44E-02	8.65E-02	9.01E-02
71	1.52E-02	4.28E-02	8.60E-02	8.90E-02
72	1.52E-02	4.17E-02	8.41E-02	8.80E-02
73	1.52E-02	4.09E-02	8.23E-02	8.69E-02
74	1.44E-02	4.02E-02	8.05E-02	8.66E-02
75	1.39E-02	4.00E-02	7.95E-02	8.58E-02
76	1.37E-02	3.96E-02	7.82E-02	8.50E-02
77	1.35E-02	3.90E-02	7.74E-02	8.43E-02
78	1.31E-02	3.85E-02	7.74E-02	8.39E-02
79	1.27E-02	3.75E-02	7.66E-02	8.34E-02
80	1.23E-02	3.68E-02	7.48E-02	8.28E-02
81	1.21E-02	3.64E-02	7.40E-02	8.18E-02
82	1.19E-02	3.58E-02	7.30E-02	8.09E-02
83	1.15E-02	3.50E-02	7.20E-02	8.01E-02
84	1.13E-02	3.42E-02	7.15E-02	7.94E-02
85	1.12E-02	3.39E-02	7.15E-02	7.93E-02
86	1.12E-02	3.34E-02	7.03E-02	7.88E-02
87	1.09E-02	3.28E-02	7.00E-02	7.81E-02
88	1.03E-02	3.23E-02	6.98E-02	7.78E-02
89	1.03E-02	3.21E-02	6.89E-02	7.73E-02
90	1.01E-02	3.19E-02	6.83E-02	7.67E-02
91	9.98E-03	3.15E-02	6.81E-02	7.61E-02
92	9.87E-03	3.10E-02	6.77E-02	7.57E-02
93	9.84E-03	3.04E-02	6.65E-02	7.48E-02
94	9.55E-03	3.01E-02	6.60E-02	7.47E-02
95	9.53E-03	2.98E-02	6.58E-02	7.43E-02
96	9.42E-03	2.92E-02	6.49E-02	7.41E-02
97	9.29E-03	2.90E-02	6.43E-02	7.32E-02
98	9.13E-03	2.86E-02	6.41E-02	7.24E-02
99	8.99E-03	2.84E-02	6.30E-02	7.17E-02
100	8.82E-03	2.80E-02	6.26E-02	7.14E-02
101	8.57E-03	2.78E-02	6.20E-02	7.07E-02
102	8.57E-03	2.77E-02	6.20E-02	7.03E-02
103	8.44E-03	2.71E-02	6.20E-02	7.00E-02
104	8.34E-03	2.71E-02	6.20E-02	6.97E-02
105	8.23E-03	2.71E-02	6.18E-02	6.92E-02
106	8.23E-03	2.57E-02	6.16E-02	6.87E-02
107	8.06E-03	2.53E-02	6.09E-02	6.81E-02
108	7.84E-03	2.49E-02	6.04E-02	6.77E-02
109	7.44E-03	2.43E-02	6.00E-02	6.75E-02
110	7.43E-03	2.39E-02	5.91E-02	6.68E-02
111	7.27E-03	2.37E-02	5.90E-02	6.66E-02
112	7.27E-03	2.35E-02	5.82E-02	6.62E-02
113	7.07E-03	2.33E-02	5.80E-02	6.57E-02
114	6.94E-03	2.31E-02	5.76E-02	6.54E-02
115	6.72E-03	2.29E-02	5.72E-02	6.48E-02
116	6.64E-03	2.24E-02	5.69E-02	6.46E-02
117	6.60E-03	2.18E-02	5.68E-02	6.45E-02
118	6.58E-03	2.17E-02	5.63E-02	6.43E-02
119	6.38E-03	2.13E-02	5.60E-02	6.34E-02
120	6.14E-03	2.13E-02	5.57E-02	6.29E-02
121	5.87E-03	2.10E-02	5.41E-02	6.26E-02
122	5.81E-03	2.09E-02	5.39E-02	6.21E-02
123	5.81E-03	2.07E-02	5.29E-02	6.17E-02
124	5.81E-03	2.04E-02	5.24E-02	6.14E-02
125	5.75E-03	2.03E-02	5.16E-02	6.13E-02
126	5.70E-03	2.00E-02	5.14E-02	6.10E-02
127	5.53E-03	1.98E-02	5.11E-02	6.08E-02
128	5.48E-03	1.98E-02	5.09E-02	6.06E-02
129	5.48E-03	1.94E-02	5.01E-02	6.00E-02
130	5.48E-03	1.93E-02	4.99E-02	5.94E-02
131	5.48E-03	1.91E-02	4.96E-02	5.88E-02
132	5.48E-03	1.90E-02	4.94E-02	5.86E-02
133	5.48E-03	1.88E-02	4.92E-02	5.83E-02
134	5.48E-03	1.85E-02	4.88E-02	5.78E-02
135	5.48E-03	1.84E-02	4.85E-02	5.73E-02
136	5.32E-03	1.81E-02	4.77E-02	5.72E-02
137	5.30E-03	1.80E-02	4.75E-02	5.70E-02
138	5.19E-03	1.75E-02	4.72E-02	5.68E-02
139	4.96E-03	1.72E-02	4.71E-02	5.64E-02
140	4.95E-03	1.71E-02	4.68E-02	5.62E-02
141	4.95E-03	1.71E-02	4.64E-02	5.58E-02
142	4.80E-03	1.70E-02	4.64E-02	5.51E-02
143	4.64E-03	1.70E-02	4.59E-02	5.49E-02
144	4.63E-03	1.67E-02	4.57E-02	5.46E-02
145	4.59E-03	1.65E-02	4.56E-02	5.45E-02
146	4.49E-03	1.65E-02	4.53E-02	5.42E-02
147	4.38E-03	1.65E-02	4.48E-02	5.37E-02
148	4.33E-03	1.64E-02	4.41E-02	5.35E-02
149	4.30E-03	1.61E-02	4.35E-02	5.33E-02
150	4.23E-03	1.59E-02	4.33E-02	5.30E-02
151	4.19E-03	1.58E-02	4.31E-02	5.29E-02
152	4.19E-03	1.56E-02	4.31E-02	5.29E-02
153	4.17E-03	1.54E-02	4.29E-02	5.25E-02
154	4.17E-03	1.53E-02	4.24E-02	5.23E-02
155	4.17E-03	1.51E-02	4.18E-02	5.22E-02
156	4.17E-03	1.51E-02	4.14E-02	5.16E-02
157	4.17E-03	1.51E-02	4.13E-02	5.13E-02
158	4.07E-03	1.49E-02	4.10E-02	5.11E-02
159	3.78E-03	1.48E-02	4.09E-02	5.11E-02
160	3.67E-03	1.46E-02	4.03E-02	5.07E-02
161	3.51E-03	1.45E-02	3.99E-02	5.07E-02
162	3.51E-03	1.44E-02	3.97E-02	5.07E-02
163	3.51E-03	1.42E-02	3.96E-02	5.05E-02
164	3.51E-03	1.42E-02	3.94E-02	5.01E-02
165	3.22E-03	1.41E-02	3.93E-02	4.99E-02
166	3.11E-03	1.40E-02	3.84E-02	4.96E-02
167	3.10E-03	1.39E-02	3.79E-02	4.94E-02
168	3.10E-03	1.38E-02	3.78E-02	4.94E-02
169	3.05E-03	1.37E-02	3.73E-02	4.92E-02
170	2.98E-03	1.36E-02	3.73E-02	4.87E-02
171	2.96E-03	1.36E-02	3.70E-02	4.85E-02
172	2.95E-03	1.34E-02	3.69E-02	4.82E-02
173	2.93E-03	1.31E-02	3.69E-02	4.80E-02
174	2.84E-03	1.30E-02	3.67E-02	4.79E-02
175	2.82E-03	1.30E-02	3.66E-02	4.78E-02
176	2.81E-03	1.28E-02	3.64E-02	4.76E-02
177	2.77E-03	1.28E-02	3.62E-02	4.73E-02
178	2.72E-03	1.27E-02	3.61E-02	4.72E-02
179	2.65E-03	1.25E-02	3.61E-02	4.71E-02
180	2.61E-03	1.23E-02	3.59E-02	4.70E-02
181	2.61E-03	1.21E-02	3.57E-02	4.70E-02
182	2.55E-03	1.21E-02	3.55E-02	4.65E-02
183	2.55E-03	1.20E-02	3.51E-02	4.63E-02
184	2.51E-03	1.20E-02	3.50E-02	4.63E-02
185	2.50E-03	1.20E-02	3.50E-02	4.63E-02
186	2.50E-03	1.20E-02	3.50E-02	4.59E-02
187	2.50E-03	1.19E-02	3.49E-02	4.58E-02
188	2.50E-03	1.18E-02	3.49E-02	4.51E-02
189	2.50E-03	1.18E-02	3.49E-02	4.48E-02
190	2.50E-03	1.17E-02	3.48E-02	4.47E-02
191	2.38E-03	1.15E-02	3.44E-02	4.43E-02
192	2.36E-03	1.14E-02	3.44E-02	4.40E-02
193	2.32E-03	1.13E-02	3.41E-02	4.39E-02
194	2.32E-03	1.12E-02	3.36E-02	4.38E-02
195	2.32E-03	1.10E-02	3.35E-02	4.35E-02
196	2.28E-03	1.10E-02	3.32E-02	4.34E-02
197	2.27E-03	1.09E-02	3.31E-02	4.32E-02
198	2.21E-03	1.08E-02	3.26E-02	4.31E-02
199	2.17E-03	1.08E-02	3.21E-02	4.30E-02
200	2.15E-03	1.07E-02	3.20E-02	4.29E-02
201	2.14E-03	1.06E-02	3.15E-02	4.28E-02
202	2.12E-03	1.04E-02	3.14E-02	4.27E-02
203	2.10E-03	1.03E-02	3.13E-02	4.21E-02
204	2.09E-03	1.03E-02	3.09E-02	4.20E-02
205	1.99E-03	1.02E-02	3.05E-02	4.20E-02
206	1.98E-03	1.01E-02	3.04E-02	4.18E-02
207	1.96E-03	1.00E-02	3.04E-02	4.15E-02
208	1.96E-03	9.95E-03	2.99E-02	4.14E-02
209	1.96E-03	9.95E-03	2.96E-02	4.11E-02
210	1.96E-03	9.95E-03	2.93E-02	4.09E-02
211	1.95E-03	9.95E-03	2.87E-02	4.09E-02
212	1.95E-03	9.95E-03	2.83E-02	4.08E-02
213	1.95E-03	9.95E-03	2.82E-02	4.07E-02
214	1.95E-03	9.95E-03	2.79E-02	4.07E-02
215	1.95E-03	9.95E-03	2.78E-02	4.07E-02
216	1.95E-03	9.86E-03	2.78E-02	4.07E-02
217	1.90E-03	9.76E-03	2.77E-02	4.07E-02
218	1.90E-03	9.65E-03	2.74E-02	4.05E-02
219	1.90E-03	9.64E-03	2.73E-02	4.03E-02
220	1.90E-03	9.60E-03	2.73E-02	3.99E-02
221	1.90E-03	9.56E-03	2.72E-02	3.99E-02
222	1.90E-03	9.49E-03	2.71E-02	3.98E-02
223	1.90E-03	9.40E-03	2.69E-02	3.94E-02
224	1.90E-03	9.36E-03	2.67E-02	3.90E-02
225	1.87E-03	9.30E-03	2.66E-02	3.88E-02
226	1.86E-03	9.27E-03	2.65E-02	3.86E-02
227	1.82E-03	9.11E-03	2.62E-02	3.85E-02
228	1.82E-03	9.04E-03	2.61E-02	3.85E-02
229	1.82E-03	9.00E-03	2.60E-02	3.84E-02
230	1.82E-03	8.93E-03	2.60E-02	3.84E-02
231	1.82E-03	8.87E-03	2.57E-02	3.81E-02
232	1.82E-03	8.82E-03	2.56E-02	3.80E-02
233	1.81E-03	8.77E-03	2.55E-02	3.78E-02
234	1.81E-03	8.74E-03	2.54E-02	3.78E-02
235	1.80E-03	8.73E-03	2.54E-02	3.75E-02
236	1.77E-03	8.66E-03	2.53E-02	3.75E-02
237	1.76E-03	8.65E-03	2.49E-02	3.73E-02
238	1.76E-03	8.53E-03	2.49E-02	3.68E-02
239	1.76E-03	8.51E-03	2.48E-02	3.67E-02
240	1.76E-03	8.48E-03	2.48E-02	3.66E-02
241	1.76E-03	8.32E-03	2.48E-02	3.63E-02
242	1.73E-03	8.32E-03	2.48E-02	3.61E-02
243	1.61E-03	8.17E-03	2.39E-02	3.59E-02
244	1.58E-03	8.12E-03	2.38E-02	3.57E-02
245	1.56E-03	8.11E-03	2.38E-02	3.53E-02
246	1.56E-03	8.03E-03	2.33E-02	3.53E-02
247	1.53E-03	7.94E-03	2.33E-02	3.52E-02
248	1.52E-03	7.82E-03	2.33E-02	3.52E-02
249	1.52E-03	7.74E-03	2.32E-02	3.51E-02
250	1.52E-03	7.68E-03	2.32E-02	3.51E-02
251	1.52E-03	7.66E-03	2.30E-02	3.51E-02
252	1.52E-03	7.59E-03	2.30E-02	3.50E-02
253	1.45E-03	7.58E-03	2.30E-02	3.49E-02
254	1.31E-03	7.48E-03	2.30E-02	3.46E-02
255	1.31E-03	7.30E-03	2.29E-02	3.45E-02
256	1.31E-03	7.29E-03	2.28E-02	3.44E-02
257	1.31E-03	7.27E-03	2.25E-02	3.44E-02
258	1.31E-03	7.20E-03	2.23E-02	3.44E-02
259	1.31E-03	7.20E-03	2.21E-02	3.44E-02
260	1.29E-03	7.18E-03	2.21E-02	3.44E-02
261	1.27E-03	7.13E-03	2.20E-02	3.44E-02
262	1.27E-03	7.07E-03	2.20E-02	3.44E-02
263	1.27E-03	6.98E-03	2.18E-02	3.43E-02
264	1.24E-03	6.96E-03	2.17E-02	3.43E-02
265	1.19E-03	6.92E-03	2.14E-02	3.41E-02
266	1.18E-03	6.85E-03	2.14E-02	3.40E-02
267	1.18E-03	6.85E-03	2.13E-02	3.39E-02
268	1.18E-03	6.80E-03	2.12E-02	3.39E-02
269	1.18E-03	6.80E-03	2.12E-02	3.38E-02
270	1.18E-03	6.80E-03	2.10E-02	3.37E-02
271	1.17E-03	6.80E-03	2.10E-02	3.37E-02
272	1.16E-03	6.80E-03	2.10E-02	3.37E-02
273	1.16E-03	6.80E-03	2.08E-02	3.35E-02
274	1.16E-03	6.80E-03	2.08E-02	3.35E-02
275	1.16E-03	6.80E-03	2.06E-02	3.31E-02
276	1.16E-03	6.79E-03	2.05E-02	3.31E-02
277	1.16E-03	6.79E-03	2.04E-02	3.27E-02
278	1.09E-03	6.79E-03	2.04E-02	3.19E-02
279	1.07E-03	6.73E-03	2.03E-02	3.18E-02
280	1.07E-03	6.71E-03	2.03E-02	3.18E-02
281	1.03E-03	6.66E-03	2.02E-02	3.17E-02
282	1.03E-03	6.63E-03	2.00E-02	3.16E-02
283	1.00E-03	6.63E-03	2.00E-02	3.11E-02
284	9.85E-04	6.63E-03	2.00E-02	3.08E-02
285	9.36E-04	6.63E-03	2.00E-02	3.07E-02
286	9.33E-04	6.63E-03	1.99E-02	3.07E-02
287	9.33E-04	6.55E-03	1.97E-02	3.04E-02
288	9.16E-04	6.44E-03	1.97E-02	3.03E-02
289	9.08E-04	6.35E-03	1.97E-02	3.03E-02
290	9.07E-04	6.29E-03	1.96E-02	3.01E-02
291	9.07E-04	6.27E-03	1.96E-02	3.01E-02
292	8.99E-04	6.26E-03	1.96E-02	3.00E-02
293	8.82E-04	6.22E-03	1.96E-02	2.98E-02
294	8.79E-04	6.15E-03	1.95E-02	2.96E-02
295	8.79E-04	6.10E-03	1.94E-02	2.95E-02
296	8.79E-04	6.10E-03	1.94E-02	2.95E-02
297	8.79E-04	6.05E-03	1.93E-02	2.94E-02
298	8.79E-04	5.80E-03	1.93E-02	2.94E-02
299	8.79E-04	5.79E-03	1.92E-02	2.91E-02
300	8.79E-04	5.79E-03	1.91E-02	2.88E-02
301	8.79E-04	5.79E-03	1.91E-02	2.88E-02
302	8.79E-04	5.79E-03	1.91E-02	2.87E-02
303	8.79E-04	5.79E-03	1.90E-02	2.87E-02
304	8.79E-04	5.79E-03	1.89E-02	2.87E-02
305	8.79E-04	5.79E-03	1.89E-02	2.87E-02
306	8.79E-04	5.79E-03	1.87E-02	2.85E-02
307	8.79E-04	5.76E-03	1.86E-02	2.85E-02
308	8.79E-04	5.62E-03	1.86E-02	2.84E-02
309	8.79E-04	5.62E-03	1.86E-02	2.82E-02
310	8.79E-04	5.62E-03	1.86E-02	2.82E-02
311	8.79E-04	5.60E-03	1.86E-02	2.82E-02
312	8.79E-04	5.58E-03	1.84E-02	2.82E-02
313	8.79E-04	5.51E-03	1.83E-02	2.81E-02
314	8.79E-04	5.51E-03	1.82E-02	2.79E-02
315	8.79E-04	5.51E-03	1.80E-02	2.78E-02
316	8.79E-04	5.51E-03	1.80E-02	2.78E-02
317	8.79E-04	5.51E-03	1.79E-02	2.78E-02
318	8.79E-04	5.51E-03	1.79E-02	2.78E-02
319	8.79E-04	5.36E-03	1.79E-02	2.78E-02
320	8.79E-04	5.36E-03	1.79E-02	2.78E-02
321	8.79E-04	5.30E-03	1.79E-02	2.77E-02
322	8.79E-04	5.30E-03	1.79E-02	2.75E-02
323	8.79E-04	5.26E-03	1.78E-02	2.73E-02
324	8.79E-04	5.24E-03	1.77E-02	2.73E-02
325	8.79E-04	5.13E-03	1.77E-02	2.72E-02
326	8.79E-04	4.93E-03	1.77E-02	2.71E-02
327	8.79E-04	4.92E-03	1.76E-02	2.71E-02
328	8.79E-04	4.91E-03	1.75E-02	2.70E-02
329	8.79E-04	4.86E-03	1.73E-02	2.70E-02
330	8.79E-04	4.80E-03	1.73E-02	2.69E-02
331	8.79E-04	4.79E-03	1.73E-02	2.67E-02
332	8.79E-04	4.75E-03	1.73E-02	2.65E-02
333	8.79E-04	4.75E-03	1.72E-02	2.63E-02
334	8.79E-04	4.75E-03	1.72E-02	2.61E-02
335	8.79E-04	4.72E-03	1.72E-02	2.61E-02
336	8.79E-04	4.70E-03	1.71E-02	2.60E-02
337	8.79E-04	4.69E-03	1.71E-02	2.60E-02
338	8.79E-04	4.67E-03	1.71E-02	2.60E-02
339	8.79E-04	4.67E-03	1.70E-02	2.59E-02
340	8.79E-04	4.67E-03	1.69E-02	2.56E-02
341	8.79E-04	4.67E-03	1.64E-02	2.55E-02
342	8.79E-04	4.67E-03	1.63E-02	2.55E-02
343	8.79E-04	4.67E-03	1.63E-02	2.52E-02
344	8.79E-04	4.67E-03	1.63E-02	2.52E-02
345	8.79E-04	4.67E-03	1.62E-02	2.51E-02
346	8.79E-04	4.67E-03	1.61E-02	2.51E-02
347	8.79E-04	4.67E-03	1.60E-02	2.50E-02
348	8.79E-04	4.67E-03	1.60E-02	2.47E-02
349	8.79E-04	4.67E-03	1.59E-02	2.45E-02
350	8.79E-04	4.67E-03	1.59E-02	2.45E-02
351	8.79E-04	4.67E-03	1.59E-02	2.45E-02
352	8.79E-04	4.67E-03	1.59E-02	2.45E-02
353	8.79E-04	4.62E-03	1.59E-02	2.45E-02
354	8.79E-04	4.54E-03	1.59E-02	2.45E-02
355	8.79E-04	4.54E-03	1.59E-02	2.44E-02
356	8.79E-04	4.53E-03	1.59E-02	2.43E-02
357	8.79E-04	4.43E-03	1.57E-02	2.42E-02
358	8.79E-04	4.25E-03	1.56E-02	2.42E-02
359	8.79E-04	4.25E-03	1.55E-02	2.41E-02
360	8.79E-04	4.25E-03	1.55E-02	2.41E-02
361	8.79E-04	4.21E-03	1.55E-02	2.40E-02
362	8.79E-04	4.18E-03	1.53E-02	2.39E-02
363	8.79E-04	4.10E-03	1.53E-02	2.38E-02
364	8.79E-04	4.04E-03	1.51E-02	2.37E-02
365	8.79E-04	4.01E-03	1.51E-02	2.37E-02
366	8.79E-04	4.01E-03	1.51E-02	2.37E-02
367	8.79E-04	4.01E-03	1.51E-02	2.36E-02
368	8.79E-04	4.01E-03	1.50E-02	2.35E-02
369	8.79E-04	4.00E-03	1.50E-02	2.35E-02
370	8.79E-04	4.00E-03	1.50E-02	2.34E-02
371	8.79E-04	3.98E-03	1.50E-02	2.34E-02
372	8.79E-04	3.98E-03	1.49E-02	2.32E-02
373	8.79E-04	3.98E-03	1.49E-02	2.30E-02
374	8.79E-04	3.95E-03	1.49E-02	2.30E-02
375	8.79E-04	3.95E-03	1.48E-02	2.28E-02
376	8.79E-04	3.95E-03	1.48E-02	2.27E-02
377	8.79E-04	3.95E-03	1.47E-02	2.26E-02
378	8.79E-04	3.95E-03	1.47E-02	2.26E-02
379	8.79E-04	3.93E-03	1.47E-02	2.26E-02
380	8.79E-04	3.91E-03	1.47E-02	2.26E-02
381	8.79E-04	3.90E-03	1.47E-02	2.24E-02
382	8.79E-04	3.87E-03	1.46E-02	2.21E-02
383	8.79E-04	3.87E-03	1.46E-02	2.21E-02
384	8.79E-04	3.87E-03	1.46E-02	2.21E-02
385	8.79E-04	3.85E-03	1.45E-02	2.20E-02
386	8.79E-04	3.83E-03	1.44E-02	2.20E-02
387	8.79E-04	3.83E-03	1.44E-02	2.20E-02
388	8.79E-04	3.82E-03	1.44E-02	2.19E-02
389	8.79E-04	3.75E-03	1.43E-02	2.18E-02
390	8.79E-04	3.75E-03	1.43E-02	2.17E-02
391	8.79E-04	3.75E-03	1.43E-02	2.17E-02
392	8.79E-04	3.75E-03	1.43E-02	2.17E-02
393	8.79E-04	3.67E-03	1.42E-02	2.17E-02
394	8.79E-04	3.67E-03	1.42E-02	2.16E-02
395	8.79E-04	3.67E-03	1.42E-02	2.16E-02
396	8.79E-04	3.67E-03	1.42E-02	2.15E-02
397	8.79E-04	3.67E-03	1.41E-02	2.15E-02
398	8.79E-04	3.67E-03	1.41E-02	2.15E-02
399	8.79E-04	3.67E-03	1.40E-02	2.15E-02
400	8.79E-04	3.67E-03	1.40E-02	2.15E-02
401	8.79E-04	3.67E-03	1.40E-02	2.15E-02
402	8.79E-04	3.67E-03	1.40E-02	2.15E-02
403	8.79E-04	3.67E-03	1.40E-02	2.14E-02
404	8.79E-04	3.67E-03	1.36E-02	2.14E-02
405	8.79E-04	3.67E-03	1.36E-02	2.13E-02
406	8.79E-04	3.67E-03	1.36E-02	2.13E-02
407	8.79E-04	3.67E-03	1.36E-02	2.13E-02
408	8.79E-04	3.67E-03	1.36E-02	2.13E-02
409	8.79E-04	3.67E-03	1.36E-02	2.13E-02
410	8.79E-04	3.67E-03	1.35E-02	2.13E-02
411	8.79E-04	3.48E-03	1.35E-02	2.13E-02
412	8.79E-04	3.46E-03	1.34E-02	2.12E-02
413	8.79E-04	3.37E-03	1.33E-02	2.09E-02
414	8.79E-04	3.37E-03	1.32E-02	2.09E-02
415	8.79E-04	3.37E-03	1.31E-02	2.09E-02
416	8.79E-04	3.37E-03	1.31E-02	2.07E-02
417	8.79E-04	3.36E-03	1.31E-02	2.07E-02
418	8.79E-04	3.36E-03	1.31E-02	2.06E-02
419	8.79E-04	3.36E-03	1.30E-02	2.06E-02
420	8.79E-04	3.36E-03	1.29E-02	2.06E-02
421	8.79E-04	3.36E-03	1.29E-02	2.04E-02
422	8.79E-04	3.36E-03	1.29E-02	2.02E-02
423	8.79E-04	3.36E-03	1.29E-02	2.02E-02
424	8.79E-04	3.36E-03	1.29E-02	2.01E-02
425	8.79E-04	3.34E-03	1.29E-02	2.01E-02
426	8.79E-04	3.33E-03	1.29E-02	2.00E-02
427	8.79E-04	3.33E-03	1.28E-02	1.98E-02
428	8.79E-04	3.33E-03	1.28E-02	1.97E-02
429	8.79E-04	3.33E-03	1.28E-02	1.97E-02
430	8.79E-04	3.31E-03	1.28E-02	1.95E-02
431	8.79E-04	3.31E-03	1.27E-02	1.94E-02
432	8.79E-04	3.31E-03	1.27E-02	1.94E-02
433	8.79E-04	3.31E-03	1.26E-02	1.93E-02
434	8.79E-04	3.31E-03	1.26E-02	1.93E-02
435	8.79E-04	3.31E-03	1.26E-02	1.93E-02
436	8.79E-04	3.31E-03	1.26E-02	1.92E-02
437	8.79E-04	3.31E-03	1.26E-02	1.92E-02
438	8.79E-04	3.31E-03	1.26E-02	1.89E-02
439	8.79E-04	3.31E-03	1.26E-02	1.88E-02
440	8.79E-04	3.31E-03	1.25E-02	1.88E-02
441	8.79E-04	3.31E-03	1.25E-02	1.88E-02
442	8.79E-04	3.31E-03	1.25E-02	1.88E-02
443	8.79E-04	3.28E-03	1.24E-02	1.88E-02
444	8.79E-04	3.11E-03	1.24E-02	1.88E-02
445	8.79E-04	3.08E-03	1.24E-02	1.87E-02
446	8.79E-04	3.05E-03	1.23E-02	1.86E-02
447	8.79E-04	3.05E-03	1.22E-02	1.86E-02
448	8.79E-04	3.05E-03	1.22E-02	1.86E-02
449	8.79E-04	3.05E-03	1.22E-02	1.86E-02
450	8.79E-04	3.05E-03	1.22E-02	1.86E-02
451	8.79E-04	3.05E-03	1.22E-02	1.86E-02
452	8.79E-04	3.05E-03	1.22E-02	1.86E-02
453	8.79E-04	3.05E-03	1.22E-02	1.84E-02
454	8.79E-04	3.05E-03	1.22E-02	1.84E-02
455	8.79E-04	3.05E-03	1.22E-02	1.84E-02
456	8.79E-04	3.05E-03	1.22E-02	1.83E-02
457	8.79E-04	3.05E-03	1.18E-02	1.83E-02
458	8.79E-04	3.05E-03	1.18E-02	1.83E-02
459	8.79E-04	3.05E-03	1.17E-02	1.83E-02
460	8.79E-04	3.05E-03	1.16E-02	1.83E-02
461	8.79E-04	3.05E-03	1.16E-02	1.83E-02
462	8.79E-04	3.05E-03	1.16E-02	1.83E-02
463	8.79E-04	3.05E-03	1.16E-02	1.81E-02
464	8.79E-04	3.05E-03	1.15E-02	1.81E-02
465	8.79E-04	3.05E-03	1.11E-02	1.80E-02
466	8.79E-04	3.05E-03	1.09E-02	1.80E-02
467	8.79E-04	3.05E-03	1.09E-02	1.79E-02
468	8.79E-04	3.05E-03	1.09E-02	1.78E-02
469	8.79E-04	3.05E-03	1.09E-02	1.77E-02
470	8.79E-04	3.05E-03	1.09E-02	1.76E-02
471	8.79E-04	3.05E-03	1.09E-02	1.75E-02
472	8.79E-04	2.99E-03	1.09E-02	1.74E-02
473	8.79E-04	2.98E-03	1.09E-02	1.74E-02
474	8.79E-04	2.98E-03	1.09E-02	1.74E-02
475	8.79E-04	2.98E-03	1.09E-02	1.73E-02
476	8.79E-04	2.96E-03	1.09E-02	1.73E-02
477	8.79E-04	2.96E-03	1.07E-02	1.73E-02
478	8.79E-04	2.96E-03	1.07E-02	1.73E-02
479	8.79E-04	2.96E-03	1.07E-02	1.73E-02
480	8.79E-04	2.96E-03	1.07E-02	1.73E-02
481	8.79E-04	2.96E-03	1.06E-02	1.72E-02
482	8.79E-04	2.96E-03	1.05E-02	1.71E-02
483	8.79E-04	2.96E-03	1.05E-02	1.70E-02
484	8.79E-04	2.96E-03	1.05E-02	1.70E-02
485	8.76E-04	2.96E-03	1.05E-02	1.70E-02
486	8.38E-04	2.96E-03	1.05E-02	1.70E-02
487	8.36E-04	2.96E-03	1.04E-02	1.69E-02
488	8.30E-04	2.96E-03	1.04E-02	1.69E-02
489	8.30E-04	2.96E-03	1.04E-02	1.69E-02
490	8.30E-04	2.96E-03	1.04E-02	1.68E-02
491	8.30E-04	2.96E-03	1.04E-02	1.68E-02
492	8.30E-04	2.96E-03	1.04E-02	1.68E-02
493	8.30E-04	2.96E-03	1.04E-02	1.68E-02
494	8.30E-04	2.96E-03	1.04E-02	1.68E-02
495	8.30E-04	2.96E-03	1.04E-02	1.67E-02
496	8.30E-04	2.96E-03	1.04E-02	1.65E-02
497	8.30E-04	2.96E-03	1.03E-02	1.65E-02
498	8.26E-04	2.77E-03	1.03E-02	1.65E-02
499	8.26E-04	2.77E-03	1.03E-02	1.65E-02
500	8.10E-04	2.74E-03	1.01E-02	1.65E-02
501	8.08E-04	2.63E-03	1.01E-02	1.64E-02
502	8.08E-04	2.63E-03	1.01E-02	1.64E-02
503	8.08E-04	2.63E-03	1.01E-02	1.63E-02
504	7.64E-04	2.63E-03	1.00E-02	1.63E-02
505	7.59E-04	2.63E-03	1.00E-02	1.62E-02
506	7.59E-04	2.63E-03	9.91E-03	1.61E-02
507	7.52E-04	2.63E-03	9.89E-03	1.60E-02
508	7.52E-04	2.63E-03	9.89E-03	1.60E-02
509	7.48E-04	2.60E-03	9.89E-03	1.60E-02
510	7.39E-04	2.60E-03	9.84E-03	1.59E-02
511	7.26E-04	2.60E-03	9.81E-03	1.59E-02
512	7.20E-04	2.60E-03	9.75E-03	1.58E-02
513	7.14E-04	2.44E-03	9.69E-03	1.58E-02
514	7.05E-04	2.43E-03	9.63E-03	1.58E-02
515	6.95E-04	2.42E-03	9.60E-03	1.58E-02
516	6.95E-04	2.42E-03	9.59E-03	1.58E-02
517	6.95E-04	2.42E-03	9.59E-03	1.58E-02
518	6.94E-04	2.40E-03	9.55E-03	1.58E-02
519	6.89E-04	2.39E-03	9.49E-03	1.57E-02
520	6.78E-04	2.36E-03	9.48E-03	1.57E-02
521	6.66E-04	2.34E-03	9.48E-03	1.57E-02
522	6.41E-04	2.34E-03	9.35E-03	1.57E-02
523	6.41E-04	2.34E-03	9.34E-03	1.55E-02
524	6.41E-04	2.34E-03	9.34E-03	1.55E-02
525	6.18E-04	2.34E-03	9.34E-03	1.53E-02
526	6.18E-04	2.34E-03	9.34E-03	1.53E-02
527	6.15E-04	2.34E-03	9.34E-03	1.53E-02
528	5.96E-04	2.34E-03	9.05E-03	1.53E-02
529	5.96E-04	2.34E-03	9.04E-03	1.53E-02
530	5.96E-04	2.34E-03	9.02E-03	1.53E-02
531	5.96E-04	2.34E-03	9.02E-03	1.53E-02
532	5.96E-04	2.34E-03	9.02E-03	1.52E-02
533	5.96E-04	2.34E-03	9.02E-03	1.52E-02
534	5.96E-04	2.34E-03	9.02E-03	1.52E-02
535	5.96E-04	2.34E-03	9.02E-03	1.52E-02
536	5.96E-04	2.34E-03	9.02E-03	1.52E-02
537	5.96E-04	2.34E-03	9.02E-03	1.52E-02
538	5.96E-04	2.34E-03	9.02E-03	1.51E-02
539	5.96E-04	2.34E-03	9.02E-03	1.51E-02
540	5.96E-04	2.34E-03	9.02E-03	1.51E-02
541	5.96E-04	2.34E-03	8.92E-03	1.50E-02
542	5.96E-04	2.34E-03	8.92E-03	1.50E-02
543	5.96E-04	2.34E-03	8.87E-03	1.50E-02
544	5.96E-04	2.34E-03	8.85E-03	1.50E-02
545	5.96E-04	2.34E-03	8.84E-03	1.49E-02
546	5.96E-04	2.34E-03	8.84E-03	1.49E-02
547	5.96E-04	2.31E-03	8.83E-03	1.49E-02
548	5.96E-04	2.31E-03	8.82E-03	1.48E-02
549	5.96E-04	2.28E-03	8.82E-03	1.48E-02
550	5.96E-04	2.26E-03	8.74E-03	1.48E-02
551	5.96E-04	2.20E-03	8.74E-03	1.48E-02
552	5.96E-04	2.20E-03	8.72E-03	1.48E-02
553	5.96E-04	2.20E-03	8.69E-03	1.47E-02
554	5.96E-04	2.20E-03	8.56E-03	1.47E-02
555	5.96E-04	2.20E-03	8.50E-03	1.47E-02
556	5.96E-04	2.20E-03	8.50E-03	1.47E-02
557	5.96E-04	2.18E-03	8.50E-03	1.47E-02
558	5.96E-04	2.17E-03	8.36E-03	1.46E-02
559	5.96E-04	2.17E-03	8.35E-03	1.46E-02
560	5.96E-04	2.12E-03	8.35E-03	1.46E-02
561	5.96E-04	2.10E-03	8.34E-03	1.46E-02
562	5.96E-04	2.07E-03	8.31E-03	1.46E-02
563	5.96E-04	2.07E-03	8.31E-03	1.46E-02
564	5.96E-04	2.07E-03	8.31E-03	1.46E-02
565	5.96E-04	2.07E-03	8.25E-03	1.45E-02
566	5.96E-04	2.07E-03	8.25E-03	1.45E-02
567	5.96E-04	2.07E-03	8.16E-03	1.45E-02
568	5.96E-04	2.07E-03	8.03E-03	1.44E-02
569	5.96E-04	2.07E-03	8.03E-03	1.43E-02
570	5.96E-04	2.07E-03	8.02E-03	1.43E-02
571	5.96E-04	2.07E-03	8.02E-03	1.43E-02
572	5.95E-04	2.07E-03	8.02E-03	1.43E-02
573	5.54E-04	2.07E-03	7.99E-03	1.43E-02
574	5.54E-04	2.07E-03	7.98E-03	1.43E-02
575	5.42E-04	2.07E-03	7.98E-03	1.43E-02
576	5.42E-04	2.07E-03	7.81E-03	1.43E-02
577	5.42E-04	2.07E-03	7.81E-03	1.41E-02
578	5.42E-04	2.07E-03	7.81E-03	1.41E-02
579	5.42E-04	2.07E-03	7.81E-03	1.41E-02
580	5.42E-04	2.07E-03	7.76E-03	1.41E-02
581	5.42E-04	2.07E-03	7.76E-03	1.41E-02
582	5.42E-04	2.07E-03	7.76E-03	1.41E-02
583	5.42E-04	2.07E-03	7.76E-03	1.41E-02
584	5.42E-04	2.07E-03	7.76E-03	1.41E-02
585	5.42E-04	2.07E-03	7.76E-03	1.40E-02
586	5.42E-04	2.07E-03	7.76E-03	1.40E-02
587	5.42E-04	2.07E-03	7.76E-03	1.40E-02
588	5.42E-04	2.07E-03	7.69E-03	1.40E-02
589	5.42E-04	2.07E-03	7.68E-03	1.40E-02
590	5.42E-04	2.07E-03	7.68E-03	1.40E-02
591	5.42E-04	2.07E-03	7.68E-03	1.39E-02
592	5.42E-04	2.07E-03	7.56E-03	1.39E-02
593	5.42E-04	2.07E-03	7.56E-03	1.39E-02
594	5.42E-04	2.07E-03	7.56E-03	1.39E-02
595	5.42E-04	2.07E-03	7.56E-03	1.38E-02
596	5.42E-04	2.07E-03	7.56E-03	1.38E-02
597	5.42E-04	2.06E-03	7.51E-03	1.38E-02
598	5.42E-04	2.06E-03	7.51E-03	1.38E-02
599	5.42E-04	2.06E-03	7.50E-03	1.38E-02
600	1E-20	2.06E-03	7.48E-03	1.36E-02
601	1E-20	2.06E-03	7.47E-03	1.36E-02
602	1E-20	2.06E-03	7.38E-03	1.36E-02
603	1E-20	2.06E-03	7.37E-03	1.36E-02
604	1E-20	2.06E-03	7.36E-03	1.36E-02
605	1E-20	2.06E-03	7.36E-03	1.36E-02
606	1E-20	2.06E-03	7.36E-03	1.36E-02
607	1E-20	2.06E-03	7.36E-03	1.36E-02
608	1E-20	2.06E-03	7.36E-03	1.36E-02
609	1E-20	2.06E-03	7.36E-03	1.35E-02
610	1E-20	2.06E-03	7.36E-03	1.35E-02
611	1E-20	2.06E-03	7.31E-03	1.35E-02
612	1E-20	2.06E-03	7.31E-03	1.35E-02
613	1E-20	2.06E-03	7.31E-03	1.35E-02
614	1E-20	2.06E-03	7.30E-03	1.35E-02
615	1E-20	2.06E-03	7.15E-03	1.34E-02
616	1E-20	2.06E-03	7.12E-03	1.34E-02
617	1E-20	2.06E-03	7.12E-03	1.34E-02
618	1E-20	2.06E-03	7.12E-03	1.33E-02
619	1E-20	2.03E-03	7.12E-03	1.33E-02
620	1E-20	2.02E-03	7.12E-03	1.33E-02
621	1E-20	2.02E-03	7.12E-03	1.33E-02
622	1E-20	2.02E-03	7.12E-03	1.33E-02
623	1E-20	2.02E-03	7.12E-03	1.32E-02
624	1E-20	2.02E-03	7.12E-03	1.32E-02
625	1E-20	2.02E-03	7.12E-03	1.32E-02
626	1E-20	2.02E-03	7.12E-03	1.32E-02
627	1E-20	2.02E-03	7.12E-03	1.32E-02
628	1E-20	2.02E-03	7.12E-03	1.32E-02
629	1E-20	2.01E-03	7.12E-03	1.32E-02
630	1E-20	1.99E-03	7.12E-03	1.32E-02
631	1E-20	1.99E-03	7.12E-03	1.32E-02
632	1E-20	1.99E-03	7.12E-03	1.32E-02
633	1E-20	1.99E-03	7.12E-03	1.32E-02
634	1E-20	1.99E-03	7.12E-03	1.32E-02
635	1E-20	1.99E-03	7.12E-03	1.32E-02
636	1E-20	1.99E-03	7.12E-03	1.31E-02
637	1E-20	1.99E-03	7.12E-03	1.31E-02
638	1E-20	1.95E-03	7.12E-03	1.30E-02
639	1E-20	1.95E-03	7.04E-03	1.30E-02
640	1E-20	1.87E-03	7.04E-03	1.29E-02
641	1E-20	1.87E-03	7.04E-03	1.27E-02
642	1E-20	1.86E-03	7.04E-03	1.27E-02
643	1E-20	1.86E-03	7.04E-03	1.26E-02
644	1E-20	1.84E-03	7.04E-03	1.26E-02
645	1E-20	1.84E-03	7.04E-03	1.26E-02
646	1E-20	1.84E-03	7.04E-03	1.26E-02
647	1E-20	1.84E-03	7.04E-03	1.26E-02
648	1E-20	1.84E-03	7.04E-03	1.25E-02
649	1E-20	1.84E-03	7.04E-03	1.25E-02
650	1E-20	1.83E-03	7.04E-03	1.25E-02
651	1E-20	1.83E-03	7.04E-03	1.25E-02
652	1E-20	1.82E-03	7.04E-03	1.25E-02
653	1E-20	1.82E-03	7.04E-03	1.22E-02
654	1E-20	1.81E-03	7.04E-03	1.22E-02
655	1E-20	1.81E-03	7.04E-03	1.22E-02
656	1E-20	1.79E-03	7.04E-03	1.22E-02
657	1E-20	1.74E-03	7.04E-03	1.22E-02
658	1E-20	1.72E-03	7.04E-03	1.21E-02
659	1E-20	1.72E-03	7.04E-03	1.20E-02
660	1E-20	1.72E-03	7.04E-03	1.20E-02
661	1E-20	1.72E-03	7.04E-03	1.20E-02
662	1E-20	1.67E-03	7.04E-03	1.19E-02
663	1E-20	1.67E-03	7.04E-03	1.19E-02
664	1E-20	1.66E-03	7.04E-03	1.19E-02
665	1E-20	1.66E-03	7.00E-03	1.19E-02
666	1E-20	1.66E-03	6.92E-03	1.19E-02
667	1E-20	1.66E-03	6.90E-03	1.19E-02
668	1E-20	1.66E-03	6.90E-03	1.18E-02
669	1E-20	1.66E-03	6.90E-03	1.18E-02
670	1E-20	1.66E-03	6.87E-03	1.18E-02
671	1E-20	1.66E-03	6.86E-03	1.18E-02
672	1E-20	1.66E-03	6.86E-03	1.18E-02
673	1E-20	1.66E-03	6.86E-03	1.18E-02
674	1E-20	1.66E-03	6.81E-03	1.18E-02
675	1E-20	1.66E-03	6.81E-03	1.18E-02
676	1E-20	1.66E-03	6.78E-03	1.17E-02
677	1E-20	1.66E-03	6.78E-03	1.17E-02
678	1E-20	1.66E-03	6.76E-03	1.17E-02
679	1E-20	1.66E-03	6.75E-03	1.16E-02
680	1E-20	1.66E-03	6.74E-03	1.16E-02
681	1E-20	1.66E-03	6.74E-03	1.14E-02
682	1E-20	1.66E-03	6.74E-03	1.14E-02
683	1E-20	1.66E-03	6.73E-03	1.12E-02
684	1E-20	1.66E-03	6.65E-03	1.12E-02
685	1E-20	1.66E-03	6.65E-03	1.12E-02
686	1E-20	1.66E-03	6.64E-03	1.12E-02
687	1E-20	1.66E-03	6.64E-03	1.12E-02
688	1E-20	1.66E-03	6.54E-03	1.12E-02
689	1E-20	1.66E-03	6.54E-03	1.12E-02
690	1E-20	1.66E-03	6.54E-03	1.12E-02
691	1E-20	1.66E-03	6.54E-03	1.11E-02
692	1E-20	1.66E-03	6.53E-03	1.11E-02
693	1E-20	1.66E-03	6.52E-03	1.11E-02
694	1E-20	1.66E-03	6.52E-03	1.11E-02
695	1E-20	1.66E-03	6.51E-03	1.11E-02
696	1E-20	1.66E-03	6.51E-03	1.11E-02
697	1E-20	1.66E-03	6.51E-03	1.11E-02
698	1E-20	1.66E-03	6.50E-03	1.11E-02
699	1E-20	1.66E-03	6.47E-03	1.10E-02
700	1E-20	1.66E-03	6.47E-03	1.10E-02
701	1E-20	1.66E-03	6.47E-03	1.10E-02
702	1E-20	1.66E-03	6.47E-03	1.10E-02
703	1E-20	1.66E-03	6.46E-03	1.10E-02
704	1E-20	1.66E-03	6.44E-03	1.10E-02
705	1E-20	1.66E-03	6.44E-03	1.10E-02
706	1E-20	1.66E-03	6.43E-03	1.10E-02
707	1E-20	1.66E-03	6.43E-03	1.10E-02
708	1E-20	1.66E-03	6.43E-03	1.09E-02
709	1E-20	1.66E-03	6.40E-03	1.09E-02
710	1E-20	1.66E-03	6.39E-03	1.09E-02
711	1E-20	1.66E-03	6.32E-03	1.08E-02
712	1E-20	1.66E-03	6.26E-03	1.08E-02
713	1E-20	1.66E-03	6.26E-03	1.08E-02
714	1E-20	1.66E-03	6.25E-03	1.08E-02
715	1E-20	1.66E-03	6.25E-03	1.08E-02
716	1E-20	1.66E-03	6.25E-03	1.07E-02
717	1E-20	1.66E-03	6.25E-03	1.07E-02
718	1E-20	1.66E-03	6.25E-03	1.07E-02
719	1E-20	1.66E-03	6.25E-03	1.07E-02
720	1E-20	1.66E-03	6.25E-03	1.07E-02
721	1E-20	1.66E-03	6.25E-03	1.07E-02
722	1E-20	1.66E-03	6.25E-03	1.07E-02
723	1E-20	1.66E-03	6.25E-03	1.07E-02
724	1E-20	1.66E-03	6.25E-03	1.06E-02
725	1E-20	1.66E-03	6.25E-03	1.04E-02
726	1E-20	1.66E-03	6.25E-03	1.04E-02
727	1E-20	1.66E-03	6.25E-03	1.04E-02
728	1E-20	1.66E-03	6.25E-03	1.04E-02
729	1E-20	1.66E-03	6.25E-03	1.04E-02
730	1E-20	1.66E-03	6.25E-03	1.04E-02
731	1E-20	1.66E-03	6.25E-03	1.03E-02
732	1E-20	1.66E-03	6.25E-03	1.03E-02
733	1E-20	1.66E-03	6.25E-03	1.03E-02
734	1E-20	1.66E-03	6.25E-03	1.03E-02
735	1E-20	1.66E-03	6.25E-03	1.03E-02
736	1E-20	1.66E-03	6.25E-03	1.02E-02
737	1E-20	1.66E-03	6.25E-03	1.01E-02
738	1E-20	1.66E-03	6.23E-03	1.01E-02
739	1E-20	1.66E-03	6.08E-03	1.01E-02
740	1E-20	1.66E-03	6.07E-03	9.93E-03
741	1E-20	1.66E-03	6.07E-03	9.92E-03
742	1E-20	1.66E-03	6.03E-03	9.92E-03
743	1E-20	1.66E-03	6.03E-03	9.92E-03
744	1E-20	1.66E-03	6.03E-03	9.92E-03
745	1E-20	1.66E-03	5.76E-03	9.91E-03
746	1E-20	1.66E-03	5.76E-03	9.91E-03
747	1E-20	1.66E-03	5.71E-03	9.88E-03
748	1E-20	1.66E-03	5.69E-03	9.88E-03
749	1E-20	1.66E-03	5.60E-03	9.84E-03
750	1E-20	1.66E-03	5.59E-03	9.84E-03
751	1E-20	1.66E-03	5.59E-03	9.84E-03
752	1E-20	1.66E-03	5.59E-03	9.84E-03
753	1E-20	1.66E-03	5.59E-03	9.84E-03
754	1E-20	1.66E-03	5.58E-03	9.84E-03
755	1E-20	1.66E-03	5.58E-03	9.84E-03
756	1E-20	1.66E-03	5.58E-03	9.84E-03
757	1E-20	1.66E-03	5.58E-03	9.84E-03
758	1E-20	1.66E-03	5.58E-03	9.81E-03
759	1E-20	1.66E-03	5.57E-03	9.81E-03
760	1E-20	1.66E-03	5.48E-03	9.81E-03
761	1E-20	1.66E-03	5.47E-03	9.77E-03
762	1E-20	1.66E-03	5.47E-03	9.77E-03
763	1E-20	1.66E-03	5.47E-03	9.67E-03
764	1E-20	1.66E-03	5.47E-03	9.66E-03
765	1E-20	1.66E-03	5.47E-03	9.66E-03
766	1E-20	1.66E-03	5.47E-03	9.66E-03
767	1E-20	1.66E-03	5.47E-03	9.57E-03
768	1E-20	1.66E-03	5.47E-03	9.56E-03
769	1E-20	1.66E-03	5.47E-03	9.54E-03
770	1E-20	1.66E-03	5.47E-03	9.53E-03
771	1E-20	1.66E-03	5.47E-03	9.52E-03
772	1E-20	1.66E-03	5.46E-03	9.52E-03
773	1E-20	1.66E-03	5.41E-03	9.52E-03
774	1E-20	1.66E-03	5.40E-03	9.46E-03
775	1E-20	1.66E-03	5.40E-03	9.46E-03
776	1E-20	1.66E-03	5.40E-03	9.44E-03
777	1E-20	1.66E-03	5.40E-03	9.40E-03
778	1E-20	1.66E-03	5.40E-03	9.38E-03
779	1E-20	1.66E-03	5.37E-03	9.36E-03
780	1E-20	1.64E-03	5.35E-03	9.36E-03
781	1E-20	1.64E-03	5.34E-03	9.34E-03
782	1E-20	1.64E-03	5.34E-03	9.32E-03
783	1E-20	1.64E-03	5.34E-03	9.12E-03
784	1E-20	1.64E-03	5.34E-03	9.12E-03
785	1E-20	1.64E-03	5.33E-03	9.12E-03
786	1E-20	1.64E-03	5.32E-03	9.12E-03
787	1E-20	1.64E-03	5.32E-03	9.09E-03
788	1E-20	1.64E-03	5.32E-03	9.09E-03
789	1E-20	1.62E-03	5.29E-03	9.09E-03
790	1E-20	1.59E-03	5.25E-03	9.08E-03
791	1E-20	1.59E-03	5.25E-03	9.08E-03
792	1E-20	1.59E-03	5.25E-03	9.04E-03
793	1E-20	1.59E-03	5.25E-03	9.04E-03
794	1E-20	1.59E-03	5.25E-03	8.97E-03
795	1E-20	1.59E-03	5.20E-03	8.93E-03
796	1E-20	1.59E-03	5.19E-03	8.92E-03
797	1E-20	1.59E-03	5.19E-03	8.91E-03
798	1E-20	1.59E-03	5.19E-03	8.90E-03
799	1E-20	1.59E-03	5.19E-03	8.90E-03
800	1E-20	1.59E-03	5.19E-03	8.90E-03
801	1E-20	1.59E-03	5.19E-03	8.90E-03
802	1E-20	1.59E-03	5.19E-03	8.90E-03
803	1E-20	1.59E-03	5.19E-03	8.90E-03
804	1E-20	1.59E-03	5.19E-03	8.90E-03
805	1E-20	1.59E-03	5.19E-03	8.90E-03
806	1E-20	1.59E-03	5.19E-03	8.89E-03
807	1E-20	1.59E-03	5.19E-03	8.89E-03
808	1E-20	1.59E-03	5.18E-03	8.89E-03
809	1E-20	1.59E-03	5.12E-03	8.88E-03
810	1E-20	1.59E-03	5.04E-03	8.88E-03
811	1E-20	1.59E-03	5.04E-03	8.88E-03
812	1E-20	1.59E-03	5.04E-03	8.87E-03
813	1E-20	1.59E-03	5.04E-03	8.86E-03
814	1E-20	1.59E-03	5.04E-03	8.84E-03
815	1E-20	1.59E-03	5.04E-03	8.77E-03
816	1E-20	1.59E-03	5.04E-03	8.74E-03
817	1E-20	1.59E-03	5.04E-03	8.74E-03
818	1E-20	1.59E-03	5.04E-03	8.74E-03
819	1E-20	1.59E-03	5.04E-03	8.72E-03
820	1E-20	1.59E-03	5.04E-03	8.72E-03
821	1E-20	1.59E-03	5.04E-03	8.72E-03
822	1E-20	1.59E-03	5.04E-03	8.72E-03
823	1E-20	1.59E-03	5.04E-03	8.63E-03
824	1E-20	1.59E-03	5.04E-03	8.63E-03
825	1E-20	1.59E-03	5.04E-03	8.63E-03
826	1E-20	1.59E-03	5.04E-03	8.63E-03
827	1E-20	1.59E-03	5.04E-03	8.63E-03
828	1E-20	1.59E-03	5.04E-03	8.63E-03
829	1E-20	1.59E-03	5.04E-03	8.63E-03
830	1E-20	1.59E-03	5.04E-03	8.63E-03
831	1E-20	1.59E-03	5.04E-03	8.63E-03
832	1E-20	1.59E-03	5.04E-03	8.63E-03
833	1E-20	1.59E-03	5.04E-03	8.63E-03
834	1E-20	1.59E-03	5.03E-03	8.63E-03
835	1E-20	1.59E-03	5.03E-03	8.63E-03
836	1E-20	1.59E-03	5.02E-03	8.63E-03
837	1E-20	1.59E-03	5.01E-03	8.63E-03
838	1E-20	1.59E-03	4.98E-03	8.63E-03
839	1E-20	1.59E-03	4.98E-03	8.63E-03
840	1E-20	1.59E-03	4.98E-03	8.63E-03
841	1E-20	1.59E-03	4.97E-03	8.63E-03
842	1E-20	1.59E-03	4.97E-03	8.59E-03
843	1E-20	1.59E-03	4.97E-03	8.59E-03
844	1E-20	1.59E-03	4.97E-03	8.55E-03
845	1E-20	1.59E-03	4.97E-03	8.46E-03
846	1E-20	1.59E-03	4.97E-03	8.46E-03
847	1E-20	1.59E-03	4.97E-03	8.46E-03
848	1E-20	1.59E-03	4.97E-03	8.45E-03
849	1E-20	1.59E-03	4.95E-03	8.44E-03
850	1E-20	1.59E-03	4.95E-03	8.43E-03
851	1E-20	1.59E-03	4.95E-03	8.43E-03
852	1E-20	1.57E-03	4.95E-03	8.42E-03
853	1E-20	1.55E-03	4.95E-03	8.42E-03
854	1E-20	1.50E-03	4.95E-03	8.41E-03
855	1E-20	1.50E-03	4.95E-03	8.41E-03
856	1E-20	1.50E-03	4.94E-03	8.41E-03
857	1E-20	1.50E-03	4.94E-03	8.41E-03
858	1E-20	1.50E-03	4.94E-03	8.41E-03
859	1E-20	1.50E-03	4.94E-03	8.38E-03
860	1E-20	1.50E-03	4.93E-03	8.37E-03
861	1E-20	1.37E-03	4.93E-03	8.36E-03
862	1E-20	1.34E-03	4.92E-03	8.36E-03
863	1E-20	1.33E-03	4.85E-03	8.36E-03
864	1E-20	1.33E-03	4.84E-03	8.36E-03
865	1E-20	1.33E-03	4.68E-03	8.33E-03
866	1E-20	1.33E-03	4.68E-03	8.21E-03
867	1E-20	1.33E-03	4.68E-03	8.19E-03
868	1E-20	1.33E-03	4.68E-03	8.19E-03
869	1E-20	1.33E-03	4.67E-03	8.19E-03
870	1E-20	1.33E-03	4.67E-03	8.19E-03
871	1E-20	1.33E-03	4.67E-03	8.19E-03
872	1E-20	1.33E-03	4.67E-03	8.19E-03
873	1E-20	1.33E-03	4.66E-03	8.17E-03
874	1E-20	1.33E-03	4.66E-03	8.16E-03
875	1E-20	1.33E-03	4.64E-03	8.11E-03
876	1E-20	1.33E-03	4.64E-03	8.09E-03
877	1E-20	1.33E-03	4.60E-03	8.08E-03
878	1E-20	1.33E-03	4.60E-03	8.07E-03
879	1E-20	1.33E-03	4.54E-03	8.07E-03
880	1E-20	1.33E-03	4.54E-03	8.07E-03
881	1E-20	1.33E-03	4.54E-03	8.07E-03
882	1E-20	1.33E-03	4.54E-03	8.07E-03
883	1E-20	1.33E-03	4.51E-03	8.07E-03
884	1E-20	1.33E-03	4.51E-03	8.07E-03
885	1E-20	1.33E-03	4.50E-03	8.07E-03
886	1E-20	1.33E-03	4.50E-03	8.07E-03
887	1E-20	1.33E-03	4.47E-03	8.07E-03
888	1E-20	1.33E-03	4.41E-03	8.07E-03
889	1E-20	1.33E-03	4.41E-03	8.07E-03
890	1E-20	1.33E-03	4.40E-03	8.07E-03
891	1E-20	1.33E-03	4.37E-03	8.07E-03
892	1E-20	1.33E-03	4.35E-03	8.07E-03
893	1E-20	1.29E-03	4.35E-03	8.07E-03
894	1E-20	1.29E-03	4.35E-03	8.07E-03
895	1E-20	1.26E-03	4.35E-03	8.07E-03
896	1E-20	1.26E-03	4.35E-03	8.06E-03
897	1E-20	1.25E-03	4.33E-03	8.01E-03
898	1E-20	1.25E-03	4.33E-03	8.01E-03
899	1E-20	1.25E-03	4.33E-03	8.00E-03
900	1E-20	1.25E-03	4.33E-03	7.99E-03
901	1E-20	1.25E-03	4.33E-03	7.99E-03
902	1E-20	1.25E-03	4.33E-03	7.97E-03
903	1E-20	1.25E-03	4.33E-03	7.97E-03
904	1E-20	1.25E-03	4.33E-03	7.97E-03
905	1E-20	1.21E-03	4.31E-03	7.97E-03
906	1E-20	1.21E-03	4.31E-03	7.97E-03
907	1E-20	1.21E-03	4.28E-03	7.97E-03
908	1E-20	1.18E-03	4.28E-03	7.97E-03
909	1E-20	1.18E-03	4.23E-03	7.97E-03
910	1E-20	1.18E-03	4.23E-03	7.97E-03
911	1E-20	1.18E-03	4.21E-03	7.97E-03
912	1E-20	1.18E-03	4.20E-03	7.97E-03
913	1E-20	1.18E-03	4.20E-03	7.97E-03
914	1E-20	1.17E-03	4.19E-03	7.97E-03
915	1E-20	1.17E-03	4.12E-03	7.97E-03
916	1E-20	1.16E-03	4.12E-03	7.92E-03
917	1E-20	1.16E-03	4.08E-03	7.91E-03
918	1E-20	1.16E-03	4.06E-03	7.91E-03
919	1E-20	1.16E-03	4.06E-03	7.82E-03
920	1E-20	1.15E-03	4.06E-03	7.79E-03
921	1E-20	1.15E-03	4.05E-03	7.79E-03
922	1E-20	1.14E-03	4.05E-03	7.74E-03
923	1E-20	1.14E-03	4.05E-03	7.69E-03
924	1E-20	1.14E-03	4.05E-03	7.69E-03
925	1E-20	1.14E-03	4.05E-03	7.69E-03
926	1E-20	1.14E-03	4.04E-03	7.68E-03
927	1E-20	1.14E-03	4.04E-03	7.65E-03
928	1E-20	1.14E-03	4.04E-03	7.64E-03
929	1E-20	1.14E-03	4.04E-03	7.55E-03
930	1E-20	1.14E-03	4.04E-03	7.52E-03
931	1E-20	1.14E-03	4.04E-03	7.52E-03
932	1E-20	1.14E-03	4.04E-03	7.51E-03
933	1E-20	1.14E-03	4.04E-03	7.47E-03
934	1E-20	1.14E-03	4.04E-03	7.44E-03
935	1E-20	1.14E-03	4.04E-03	7.44E-03
936	1E-20	1.14E-03	4.04E-03	7.42E-03
937	1E-20	1.14E-03	4.04E-03	7.42E-03
938	1E-20	1.14E-03	4.04E-03	7.39E-03
939	1E-20	1.14E-03	4.04E-03	7.39E-03
940	1E-20	1.14E-03	4.04E-03	7.32E-03
941	1E-20	1.14E-03	4.04E-03	7.32E-03
942	1E-20	1.14E-03	4.04E-03	7.31E-03
943	1E-20	1.14E-03	4.04E-03	7.23E-03
944	1E-20	1.14E-03	4.04E-03	7.23E-03
945	1E-20	1.14E-03	4.02E-03	7.23E-03
946	1E-20	1.14E-03	4.00E-03	7.16E-03
947	1E-20	1.14E-03	4.00E-03	7.16E-03
948	1E-20	1.14E-03	4.00E-03	7.16E-03
949	1E-20	1.14E-03	4.00E-03	7.16E-03
950	1E-20	1.14E-03	4.00E-03	7.15E-03
951	1E-20	1.14E-03	4.00E-03	7.15E-03
952	1E-20	1.14E-03	3.96E-03	7.15E-03
953	1E-20	1.10E-03	3.95E-03	7.15E-03
954	1E-20	1.10E-03	3.95E-03	7.15E-03
955	1E-20	1.09E-03	3.95E-03	7.15E-03
956	1E-20	1.07E-03	3.95E-03	7.15E-03
957	1E-20	1.07E-03	3.95E-03	7.15E-03
958	1E-20	1.07E-03	3.94E-03	7.15E-03
959	1E-20	1.06E-03	3.94E-03	7.15E-03
960	1E-20	1.06E-03	3.94E-03	7.15E-03
961	1E-20	1.06E-03	3.94E-03	7.14E-03
962	1E-20	1.06E-03	3.94E-03	7.14E-03
963	1E-20	1.06E-03	3.94E-03	7.14E-03
964	1E-20	1.06E-03	3.94E-03	7.13E-03
965	1E-20	1.06E-03	3.94E-03	7.12E-03
966	1E-20	1.06E-03	3.93E-03	7.11E-03
967	1E-20	1.06E-03	3.92E-03	7.07E-03
968	1E-20	1.06E-03	3.84E-03	7.04E-03
969	1E-20	1.06E-03	3.84E-03	7.04E-03
970	1E-20	1.06E-03	3.84E-03	7.04E-03
971	1E-20	1.05E-03	3.80E-03	7.03E-03
972	1E-20	1.05E-03	3.80E-03	7.02E-03
973	1E-20	1.05E-03	3.80E-03	7.02E-03
974	1E-20	1.05E-03	3.80E-03	7.02E-03
975	1E-20	1.05E-03	3.79E-03	7.02E-03
976	1E-20	1.05E-03	3.79E-03	7.02E-03
977	1E-20	1.05E-03	3.74E-03	7.02E-03
978	1E-20	1.05E-03	3.74E-03	6.98E-03
979	1E-20	1.05E-03	3.73E-03	6.98E-03
980	1E-20	1.05E-03	3.73E-03	6.98E-03
981	1E-20	1.05E-03	3.71E-03	6.98E-03
982	1E-20	1.05E-03	3.71E-03	6.98E-03
983	1E-20	1.05E-03	3.71E-03	6.98E-03
984	1E-20	1.05E-03	3.71E-03	6.97E-03
985	1E-20	1.05E-03	3.71E-03	6.97E-03
986	1E-20	1.05E-03	3.70E-03	6.96E-03
987	1E-20	1.05E-03	3.70E-03	6.95E-03
988	1E-20	1.05E-03	3.70E-03	6.95E-03
989	1E-20	1.05E-03	3.66E-03	6.89E-03
990	1E-20	1.05E-03	3.66E-03	6.88E-03
991	1E-20	1.05E-03	3.66E-03	6.88E-03
992	1E-20	1.05E-03	3.65E-03	6.88E-03
993	1E-20	1.05E-03	3.65E-03	6.85E-03
994	1E-20	1.05E-03	3.65E-03	6.85E-03
995	1E-20	1.05E-03	3.65E-03	6.84E-03
996	1E-20	1.05E-03	3.65E-03	6.84E-03
997	1E-20	1.05E-03	3.65E-03	6.84E-03
998	1E-20	1.05E-03	3.61E-03	6.84E-03
999	1E-20	1.04E-03	3.60E-03	6.81E-03
1000	1E-20	1E-20	3.60E-03	6.81E-03
1001	1E-20	1E-20	3.60E-03	6.81E-03
1002	1E-20	1E-20	3.60E-03	6.80E-03
1003	1E-20	1E-20	3.60E-03	6.80E-03
1004	1E-20	1E-20	3.60E-03	6.80E-03
1005	1E-20	1E-20	3.59E-03	6.80E-03
1006	1E-20	1E-20	3.59E-03	6.79E-03
1007	1E-20	1E-20	3.59E-03	6.79E-03
1008	1E-20	1E-20	3.59E-03	6.79E-03
1009	1E-20	1E-20	3.59E-03	6.78E-03
1010	1E-20	1E-20	3.59E-03	6.77E-03
1011	1E-20	1E-20	3.59E-03	6.77E-03
1012	1E-20	1E-20	3.59E-03	6.77E-03
1013	1E-20	1E-20	3.59E-03	6.77E-03
1014	1E-20	1E-20	3.59E-03	6.77E-03
1015	1E-20	1E-20	3.59E-03	6.77E-03
1016	1E-20	1E-20	3.59E-03	6.77E-03
1017	1E-20	1E-20	3.59E-03	6.77E-03
1018	1E-20	1E-20	3.59E-03	6.77E-03
1019	1E-20	1E-20	3.59E-03	6.77E-03
1020	1E-20	1E-20	3.59E-03	6.77E-03
1021	1E-20	1E-20	3.59E-03	6.77E-03
1022	1E-20	1E-20	3.59E-03	6.77E-03
1023	1E-20	1E-20	3.59E-03	6.77E-03
1024	1E-20	1E-20	3.59E-03	6.77E-03
1025	1E-20	1E-20	3.59E-03	6.77E-03
1026	1E-20	1E-20	3.59E-03	6.77E-03
1027	1E-20	1E-20	3.59E-03	6.77E-03
1028	1E-20	1E-20	3.59E-03	6.77E-03
1029	1E-20	1E-20	3.59E-03	6.77E-03
1030	1E-20	1E-20	3.59E-03	6.77E-03
1031	1E-20	1E-20	3.59E-03	6.77E-03
1032	1E-20	1E-20	3.59E-03	6.75E-03
1033	1E-20	1E-20	3.59E-03	6.74E-03
1034	1E-20	1E-20	3.57E-03	6.73E-03
1035	1E-20	1E-20	3.57E-03	6.70E-03
1036	1E-20	1E-20	3.57E-03	6.66E-03
1037	1E-20	1E-20	3.57E-03	6.66E-03
1038	1E-20	1E-20	3.56E-03	6.65E-03
1039	1E-20	1E-20	3.56E-03	6.65E-03
1040	1E-20	1E-20	3.56E-03	6.65E-03
1041	1E-20	1E-20	3.56E-03	6.65E-03
1042	1E-20	1E-20	3.55E-03	6.64E-03
1043	1E-20	1E-20	3.55E-03	6.61E-03
1044	1E-20	1E-20	3.55E-03	6.60E-03
1045	1E-20	1E-20	3.55E-03	6.60E-03
1046	1E-20	1E-20	3.55E-03	6.60E-03
1047	1E-20	1E-20	3.55E-03	6.60E-03
1048	1E-20	1E-20	3.55E-03	6.60E-03
1049	1E-20	1E-20	3.54E-03	6.60E-03
1050	1E-20	1E-20	3.53E-03	6.60E-03
1051	1E-20	1E-20	3.53E-03	6.60E-03
1052	1E-20	1E-20	3.52E-03	6.60E-03
1053	1E-20	1E-20	3.52E-03	6.60E-03
1054	1E-20	1E-20	3.52E-03	6.60E-03
1055	1E-20	1E-20	3.52E-03	6.60E-03
1056	1E-20	1E-20	3.52E-03	6.60E-03
1057	1E-20	1E-20	3.52E-03	6.60E-03
1058	1E-20	1E-20	3.52E-03	6.60E-03
1059	1E-20	1E-20	3.52E-03	6.60E-03
1060	1E-20	1E-20	3.52E-03	6.60E-03
1061	1E-20	1E-20	3.52E-03	6.60E-03
1062	1E-20	1E-20	3.52E-03	6.60E-03
1063	1E-20	1E-20	3.51E-03	6.58E-03
1064	1E-20	1E-20	3.51E-03	6.58E-03
1065	1E-20	1E-20	3.48E-03	6.57E-03
1066	1E-20	1E-20	3.48E-03	6.55E-03
1067	1E-20	1E-20	3.34E-03	6.52E-03
1068	1E-20	1E-20	3.30E-03	6.52E-03
1069	1E-20	1E-20	3.30E-03	6.52E-03
1070	1E-20	1E-20	3.30E-03	6.51E-03
1071	1E-20	1E-20	3.29E-03	6.51E-03
1072	1E-20	1E-20	3.29E-03	6.51E-03
1073	1E-20	1E-20	3.29E-03	6.51E-03
1074	1E-20	1E-20	3.26E-03	6.49E-03
1075	1E-20	1E-20	3.26E-03	6.48E-03
1076	1E-20	1E-20	3.26E-03	6.46E-03
1077	1E-20	1E-20	3.26E-03	6.46E-03
1078	1E-20	1E-20	3.26E-03	6.46E-03
1079	1E-20	1E-20	3.25E-03	6.31E-03
1080	1E-20	1E-20	3.25E-03	6.28E-03
1081	1E-20	1E-20	3.25E-03	6.28E-03
1082	1E-20	1E-20	3.25E-03	6.28E-03
1083	1E-20	1E-20	3.25E-03	6.28E-03
1084	1E-20	1E-20	3.25E-03	6.28E-03
1085	1E-20	1E-20	3.25E-03	6.28E-03
1086	1E-20	1E-20	3.24E-03	6.28E-03
1087	1E-20	1E-20	3.23E-03	6.21E-03
1088	1E-20	1E-20	3.23E-03	6.16E-03
1089	1E-20	1E-20	3.22E-03	6.16E-03
1090	1E-20	1E-20	3.21E-03	6.16E-03
1091	1E-20	1E-20	3.20E-03	6.13E-03
1092	1E-20	1E-20	3.20E-03	6.13E-03
1093	1E-20	1E-20	3.16E-03	6.11E-03
1094	1E-20	1E-20	3.16E-03	6.10E-03
1095	1E-20	1E-20	3.14E-03	6.10E-03
1096	1E-20	1E-20	3.13E-03	6.10E-03
1097	1E-20	1E-20	3.13E-03	6.10E-03
1098	1E-20	1E-20	3.13E-03	6.10E-03
1099	1E-20	1E-20	3.13E-03	6.10E-03
1100	1E-20	1E-20	3.13E-03	6.10E-03
1101	1E-20	1E-20	3.13E-03	6.10E-03
1102	1E-20	1E-20	3.11E-03	6.10E-03
1103	1E-20	1E-20	3.11E-03	6.10E-03
1104	1E-20	1E-20	3.11E-03	6.10E-03
1105	1E-20	1E-20	3.11E-03	6.10E-03
1106	1E-20	1E-20	3.10E-03	6.10E-03
1107	1E-20	1E-20	3.10E-03	6.10E-03
1108	1E-20	1E-20	3.09E-03	6.10E-03
1109	1E-20	1E-20	3.07E-03	6.10E-03
1110	1E-20	1E-20	3.06E-03	6.10E-03
1111	1E-20	1E-20	3.06E-03	6.10E-03
1112	1E-20	1E-20	3.06E-03	6.10E-03
1113	1E-20	1E-20	3.06E-03	6.10E-03
1114	1E-20	1E-20	3.06E-03	6.10E-03
1115	1E-20	1E-20	3.06E-03	6.10E-03
1116	1E-20	1E-20	3.05E-03	6.10E-03
1117	1E-20	1E-20	3.05E-03	6.10E-03
1118	1E-20	1E-20	3.05E-03	6.10E-03
1119	1E-20	1E-20	3.05E-03	6.09E-03
1120	1E-20	1E-20	2.99E-03	6.09E-03
1121	1E-20	1E-20	2.99E-03	6.09E-03
1122	1E-20	1E-20	2.99E-03	6.08E-03
1123	1E-20	1E-20	2.99E-03	6.08E-03
1124	1E-20	1E-20	2.98E-03	6.08E-03
1125	1E-20	1E-20	2.98E-03	6.04E-03
1126	1E-20	1E-20	2.98E-03	6.04E-03
1127	1E-20	1E-20	2.98E-03	6.02E-03
1128	1E-20	1E-20	2.98E-03	6.01E-03
1129	1E-20	1E-20	2.98E-03	6.01E-03
1130	1E-20	1E-20	2.96E-03	6.00E-03
1131	1E-20	1E-20	2.96E-03	5.99E-03
1132	1E-20	1E-20	2.96E-03	5.99E-03
1133	1E-20	1E-20	2.96E-03	5.99E-03
1134	1E-20	1E-20	2.96E-03	5.98E-03
1135	1E-20	1E-20	2.96E-03	5.98E-03
1136	1E-20	1E-20	2.96E-03	5.97E-03
1137	1E-20	1E-20	2.96E-03	5.97E-03
1138	1E-20	1E-20	2.96E-03	5.97E-03
1139	1E-20	1E-20	2.96E-03	5.97E-03
1140	1E-20	1E-20	2.95E-03	5.97E-03
1141	1E-20	1E-20	2.95E-03	5.97E-03
1142	1E-20	1E-20	2.95E-03	5.97E-03
1143	1E-20	1E-20	2.93E-03	5.94E-03
1144	1E-20	1E-20	2.93E-03	5.94E-03
1145	1E-20	1E-20	2.93E-03	5.94E-03
1146	1E-20	1E-20	2.93E-03	5.94E-03
1147	1E-20	1E-20	2.93E-03	5.94E-03
1148	1E-20	1E-20	2.93E-03	5.94E-03
1149	1E-20	1E-20	2.93E-03	5.94E-03
1150	1E-20	1E-20	2.93E-03	5.79E-03
1151	1E-20	1E-20	2.93E-03	5.79E-03
1152	1E-20	1E-20	2.93E-03	5.78E-03
1153	1E-20	1E-20	2.93E-03	5.78E-03
1154	1E-20	1E-20	2.93E-03	5.75E-03
1155	1E-20	1E-20	2.93E-03	5.75E-03
1156	1E-20	1E-20	2.93E-03	5.75E-03
1157	1E-20	1E-20	2.93E-03	5.75E-03
1158	1E-20	1E-20	2.93E-03	5.75E-03
1159	1E-20	1E-20	2.93E-03	5.74E-03
1160	1E-20	1E-20	2.93E-03	5.74E-03
1161	1E-20	1E-20	2.93E-03	5.74E-03
1162	1E-20	1E-20	2.91E-03	5.74E-03
1163	1E-20	1E-20	2.91E-03	5.74E-03
1164	1E-20	1E-20	2.90E-03	5.74E-03
1165	1E-20	1E-20	2.90E-03	5.74E-03
1166	1E-20	1E-20	2.90E-03	5.74E-03
1167	1E-20	1E-20	2.90E-03	5.74E-03
1168	1E-20	1E-20	2.90E-03	5.73E-03
1169	1E-20	1E-20	2.90E-03	5.73E-03
1170	1E-20	1E-20	2.90E-03	5.73E-03
1171	1E-20	1E-20	2.90E-03	5.71E-03
1172	1E-20	1E-20	2.89E-03	5.71E-03
1173	1E-20	1E-20	2.85E-03	5.71E-03
1174	1E-20	1E-20	2.85E-03	5.71E-03
1175	1E-20	1E-20	2.79E-03	5.71E-03
1176	1E-20	1E-20	2.79E-03	5.71E-03
1177	1E-20	1E-20	2.79E-03	5.71E-03
1178	1E-20	1E-20	2.78E-03	5.71E-03
1179	1E-20	1E-20	2.78E-03	5.65E-03
1180	1E-20	1E-20	2.77E-03	5.64E-03
1181	1E-20	1E-20	2.73E-03	5.64E-03
1182	1E-20	1E-20	2.73E-03	5.64E-03
1183	1E-20	1E-20	2.73E-03	5.64E-03
1184	1E-20	1E-20	2.73E-03	5.64E-03
1185	1E-20	1E-20	2.73E-03	5.60E-03
1186	1E-20	1E-20	2.73E-03	5.60E-03
1187	1E-20	1E-20	2.73E-03	5.59E-03
1188	1E-20	1E-20	2.73E-03	5.59E-03
1189	1E-20	1E-20	2.73E-03	5.56E-03
1190	1E-20	1E-20	2.73E-03	5.56E-03
1191	1E-20	1E-20	2.73E-03	5.56E-03
1192	1E-20	1E-20	2.73E-03	5.56E-03
1193	1E-20	1E-20	2.72E-03	5.56E-03
1194	1E-20	1E-20	2.72E-03	5.56E-03
1195	1E-20	1E-20	2.71E-03	5.56E-03
1196	1E-20	1E-20	2.71E-03	5.54E-03
1197	1E-20	1E-20	2.71E-03	5.50E-03
1198	1E-20	1E-20	2.71E-03	5.49E-03
1199	1E-20	1E-20	2.70E-03	5.47E-03
1200	1E-20	1E-20	2.68E-03	5.47E-03
1201	1E-20	1E-20	2.68E-03	5.47E-03
1202	1E-20	1E-20	2.68E-03	5.47E-03
1203	1E-20	1E-20	2.68E-03	5.44E-03
1204	1E-20	1E-20	2.68E-03	5.43E-03
1205	1E-20	1E-20	2.68E-03	5.43E-03
1206	1E-20	1E-20	2.68E-03	5.43E-03
1207	1E-20	1E-20	2.68E-03	5.43E-03
1208	1E-20	1E-20	2.67E-03	5.43E-03
1209	1E-20	1E-20	2.67E-03	5.42E-03
1210	1E-20	1E-20	2.67E-03	5.41E-03
1211	1E-20	1E-20	2.67E-03	5.41E-03
1212	1E-20	1E-20	2.67E-03	5.37E-03
1213	1E-20	1E-20	2.67E-03	5.37E-03
1214	1E-20	1E-20	2.67E-03	5.37E-03
1215	1E-20	1E-20	2.67E-03	5.36E-03
1216	1E-20	1E-20	2.67E-03	5.36E-03
1217	1E-20	1E-20	2.67E-03	5.36E-03
1218	1E-20	1E-20	2.67E-03	5.36E-03
1219	1E-20	1E-20	2.67E-03	5.36E-03
1220	1E-20	1E-20	2.67E-03	5.33E-03
1221	1E-20	1E-20	2.67E-03	5.33E-03
1222	1E-20	1E-20	2.67E-03	5.33E-03
1223	1E-20	1E-20	2.67E-03	5.32E-03
1224	1E-20	1E-20	2.67E-03	5.30E-03
1225	1E-20	1E-20	2.67E-03	5.30E-03
1226	1E-20	1E-20	2.67E-03	5.30E-03
1227	1E-20	1E-20	2.67E-03	5.28E-03
1228	1E-20	1E-20	2.67E-03	5.27E-03
1229	1E-20	1E-20	2.67E-03	5.27E-03
1230	1E-20	1E-20	2.67E-03	5.27E-03
1231	1E-20	1E-20	2.67E-03	5.27E-03
1232	1E-20	1E-20	2.67E-03	5.23E-03
1233	1E-20	1E-20	2.67E-03	5.23E-03
1234	1E-20	1E-20	2.67E-03	5.23E-03
1235	1E-20	1E-20	2.67E-03	5.23E-03
1236	1E-20	1E-20	2.67E-03	5.23E-03
1237	1E-20	1E-20	2.67E-03	5.22E-03
1238	1E-20	1E-20	2.67E-03	5.22E-03
1239	1E-20	1E-20	2.67E-03	5.22E-03
1240	1E-20	1E-20	2.67E-03	5.21E-03
1241	1E-20	1E-20	2.67E-03	5.21E-03
1242	1E-20	1E-20	2.67E-03	5.21E-03
1243	1E-20	1E-20	2.67E-03	5.21E-03
1244	1E-20	1E-20	2.67E-03	5.21E-03
1245	1E-20	1E-20	2.67E-03	5.21E-03
1246	1E-20	1E-20	2.67E-03	5.21E-03
1247	1E-20	1E-20	2.67E-03	5.21E-03
1248	1E-20	1E-20	2.67E-03	5.21E-03
1249	1E-20	1E-20	2.67E-03	5.21E-03
1250	1E-20	1E-20	1E-20	5.21E-03
1251	1E-20	1E-20	1E-20	5.21E-03
1252	1E-20	1E-20	1E-20	5.21E-03
1253	1E-20	1E-20	1E-20	5.21E-03
1254	1E-20	1E-20	1E-20	5.21E-03
1255	1E-20	1E-20	1E-20	5.21E-03
1256	1E-20	1E-20	1E-20	5.21E-03
1257	1E-20	1E-20	1E-20	5.21E-03
1258	1E-20	1E-20	1E-20	5.21E-03
1259	1E-20	1E-20	1E-20	5.21E-03
1260	1E-20	1E-20	1E-20	5.20E-03
1261	1E-20	1E-20	1E-20	5.17E-03
1262	1E-20	1E-20	1E-20	5.17E-03
1263	1E-20	1E-20	1E-20	5.16E-03
1264	1E-20	1E-20	1E-20	5.16E-03
1265	1E-20	1E-20	1E-20	5.11E-03
1266	1E-20	1E-20	1E-20	5.11E-03
1267	1E-20	1E-20	1E-20	5.11E-03
1268	1E-20	1E-20	1E-20	5.11E-03
1269	1E-20	1E-20	1E-20	5.11E-03
1270	1E-20	1E-20	1E-20	5.11E-03
1271	1E-20	1E-20	1E-20	5.10E-03
1272	1E-20	1E-20	1E-20	5.10E-03
1273	1E-20	1E-20	1E-20	5.07E-03
1274	1E-20	1E-20	1E-20	5.07E-03
1275	1E-20	1E-20	1E-20	5.07E-03
1276	1E-20	1E-20	1E-20	5.07E-03
1277	1E-20	1E-20	1E-20	5.07E-03
1278	1E-20	1E-20	1E-20	5.07E-03
1279	1E-20	1E-20	1E-20	5.07E-03
1280	1E-20	1E-20	1E-20	5.07E-03
1281	1E-20	1E-20	1E-20	5.07E-03
1282	1E-20	1E-20	1E-20	5.07E-03
1283	1E-20	1E-20	1E-20	5.06E-03
1284	1E-20	1E-20	1E-20	5.06E-03
1285	1E-20	1E-20	1E-20	5.06E-03
1286	1E-20	1E-20	1E-20	5.06E-03
1287	1E-20	1E-20	1E-20	5.06E-03
1288	1E-20	1E-20	1E-20	5.06E-03
1289	1E-20	1E-20	1E-20	5.06E-03
1290	1E-20	1E-20	1E-20	5.06E-03
1291	1E-20	1E-20	1E-20	5.06E-03
1292	1E-20	1E-20	1E-20	5.06E-03
1293	1E-20	1E-20	1E-20	5.06E-03
1294	1E-20	1E-20	1E-20	5.06E-03
1295	1E-20	1E-20	1E-20	5.06E-03
1296	1E-20	1E-20	1E-20	4.97E-03
1297	1E-20	1E-20	1E-20	4.97E-03
1298	1E-20	1E-20	1E-20	4.97E-03
1299	1E-20	1E-20	1E-20	4.96E-03
1300	1E-20	1E-20	1E-20	4.96E-03
1301	1E-20	1E-20	1E-20	4.96E-03
1302	1E-20	1E-20	1E-20	4.96E-03
1303	1E-20	1E-20	1E-20	4.96E-03
1304	1E-20	1E-20	1E-20	4.95E-03
1305	1E-20	1E-20	1E-20	4.95E-03
1306	1E-20	1E-20	1E-20	4.95E-03
1307	1E-20	1E-20	1E-20	4.95E-03
1308	1E-20	1E-20	1E-20	4.95E-03
1309	1E-20	1E-20	1E-20	4.95E-03
1310	1E-20	1E-20	1E-20	4.95E-03
1311	1E-20	1E-20	1E-20	4.95E-03
1312	1E-20	1E-20	1E-20	4.94E-03
1313	1E-20	1E-20	1E-20	4.91E-03
1314	1E-20	1E-20	1E-20	4.91E-03
1315	1E-20	1E-20	1E-20	4.88E-03
1316	1E-20	1E-20	1E-20	4.88E-03
1317	1E-20	1E-20	1E-20	4.88E-03
1318	1E-20	1E-20	1E-20	4.88E-03
1319	1E-20	1E-20	1E-20	4.88E-03
1320	1E-20	1E-20	1E-20	4.88E-03
1321	1E-20	1E-20	1E-20	4.88E-03
1322	1E-20	1E-20	1E-20	4.88E-03
1323	1E-20	1E-20	1E-20	4.87E-03
1324	1E-20	1E-20	1E-20	4.87E-03
1325	1E-20	1E-20	1E-20	4.87E-03
1326	1E-20	1E-20	1E-20	4.86E-03
1327	1E-20	1E-20	1E-20	4.86E-03
1328	1E-20	1E-20	1E-20	4.86E-03
1329	1E-20	1E-20	1E-20	4.86E-03
1330	1E-20	1E-20	1E-20	4.86E-03
1331	1E-20	1E-20	1E-20	4.86E-03
1332	1E-20	1E-20	1E-20	4.86E-03
1333	1E-20	1E-20	1E-20	4.86E-03
1334	1E-20	1E-20	1E-20	4.86E-03
1335	1E-20	1E-20	1E-20	4.86E-03
1336	1E-20	1E-20	1E-20	4.86E-03
1337	1E-20	1E-20	1E-20	4.86E-03
1338	1E-20	1E-20	1E-20	4.86E-03
1339	1E-20	1E-20	1E-20	4.86E-03
1340	1E-20	1E-20	1E-20	4.86E-03
1341	1E-20	1E-20	1E-20	4.86E-03
1342	1E-20	1E-20	1E-20	4.86E-03
1343	1E-20	1E-20	1E-20	4.86E-03
1344	1E-20	1E-20	1E-20	4.86E-03
1345	1E-20	1E-20	1E-20	4.86E-03
1346	1E-20	1E-20	1E-20	4.86E-03
1347	1E-20	1E-20	1E-20	4.86E-03
1348	1E-20	1E-20	1E-20	4.86E-03
1349	1E-20	1E-20	1E-20	4.86E-03
1350	1E-20	1E-20	1E-20	4.85E-03
1351	1E-20	1E-20	1E-20	4.85E-03
1352	1E-20	1E-20	1E-20	4.84E-03
1353	1E-20	1E-20	1E-20	4.84E-03
1354	1E-20	1E-20	1E-20	4.84E-03
1355	1E-20	1E-20	1E-20	4.83E-03
1356	1E-20	1E-20	1E-20	4.82E-03
1357	1E-20	1E-20	1E-20	4.82E-03
1358	1E-20	1E-20	1E-20	4.81E-03
1359	1E-20	1E-20	1E-20	4.76E-03
1360	1E-20	1E-20	1E-20	4.76E-03
1361	1E-20	1E-20	1E-20	4.72E-03
1362	1E-20	1E-20	1E-20	4.72E-03
1363	1E-20	1E-20	1E-20	4.72E-03
1364	1E-20	1E-20	1E-20	4.71E-03
1365	1E-20	1E-20	1E-20	4.70E-03
1366	1E-20	1E-20	1E-20	4.70E-03
1367	1E-20	1E-20	1E-20	4.70E-03
1368	1E-20	1E-20	1E-20	4.66E-03
1369	1E-20	1E-20	1E-20	4.66E-03
1370	1E-20	1E-20	1E-20	4.64E-03
1371	1E-20	1E-20	1E-20	4.64E-03
1372	1E-20	1E-20	1E-20	4.64E-03
1373	1E-20	1E-20	1E-20	4.62E-03
1374	1E-20	1E-20	1E-20	4.61E-03
1375	1E-20	1E-20	1E-20	4.61E-03
1376	1E-20	1E-20	1E-20	4.61E-03
1377	1E-20	1E-20	1E-20	4.61E-03
1378	1E-20	1E-20	1E-20	4.61E-03
1379	1E-20	1E-20	1E-20	4.61E-03
1380	1E-20	1E-20	1E-20	4.60E-03
1381	1E-20	1E-20	1E-20	4.59E-03
1382	1E-20	1E-20	1E-20	4.57E-03
1383	1E-20	1E-20	1E-20	4.57E-03
1384	1E-20	1E-20	1E-20	4.57E-03
1385	1E-20	1E-20	1E-20	4.57E-03
1386	1E-20	1E-20	1E-20	4.57E-03
1387	1E-20	1E-20	1E-20	4.57E-03
1388	1E-20	1E-20	1E-20	4.57E-03
1389	1E-20	1E-20	1E-20	4.57E-03
1390	1E-20	1E-20	1E-20	4.56E-03
1391	1E-20	1E-20	1E-20	4.56E-03
1392	1E-20	1E-20	1E-20	4.56E-03
1393	1E-20	1E-20	1E-20	4.56E-03
1394	1E-20	1E-20	1E-20	4.56E-03
1395	1E-20	1E-20	1E-20	4.56E-03
1396	1E-20	1E-20	1E-20	4.55E-03
1397	1E-20	1E-20	1E-20	4.55E-03
1398	1E-20	1E-20	1E-20	4.54E-03
1399	1E-20	1E-20	1E-20	4.50E-03
1400	1E-20	1E-20	1E-20	4.50E-03
1401	1E-20	1E-20	1E-20	4.49E-03
1402	1E-20	1E-20	1E-20	4.48E-03
1403	1E-20	1E-20	1E-20	4.48E-03
1404	1E-20	1E-20	1E-20	4.48E-03
1405	1E-20	1E-20	1E-20	4.48E-03
1406	1E-20	1E-20	1E-20	4.48E-03
1407	1E-20	1E-20	1E-20	4.47E-03
1408	1E-20	1E-20	1E-20	4.47E-03
1409	1E-20	1E-20	1E-20	4.47E-03
1410	1E-20	1E-20	1E-20	4.47E-03
1411	1E-20	1E-20	1E-20	4.45E-03
1412	1E-20	1E-20	1E-20	4.45E-03
1413	1E-20	1E-20	1E-20	4.45E-03
1414	1E-20	1E-20	1E-20	4.45E-03
1415	1E-20	1E-20	1E-20	4.45E-03
1416	1E-20	1E-20	1E-20	4.45E-03
1417	1E-20	1E-20	1E-20	4.45E-03
1418	1E-20	1E-20	1E-20	4.45E-03
1419	1E-20	1E-20	1E-20	4.44E-03
1420	1E-20	1E-20	1E-20	4.43E-03
1421	1E-20	1E-20	1E-20	4.43E-03
1422	1E-20	1E-20	1E-20	4.43E-03
1423	1E-20	1E-20	1E-20	4.43E-03
1424	1E-20	1E-20	1E-20	4.43E-03
1425	1E-20	1E-20	1E-20	4.43E-03
1426	1E-20	1E-20	1E-20	4.43E-03
1427	1E-20	1E-20	1E-20	4.43E-03
1428	1E-20	1E-20	1E-20	4.43E-03
1429	1E-20	1E-20	1E-20	4.43E-03
1430	1E-20	1E-20	1E-20	4.43E-03
1431	1E-20	1E-20	1E-20	4.43E-03
1432	1E-20	1E-20	1E-20	4.43E-03
1433	1E-20	1E-20	1E-20	4.43E-03
1434	1E-20	1E-20	1E-20	4.42E-03
1435	1E-20	1E-20	1E-20	4.42E-03
1436	1E-20	1E-20	1E-20	4.42E-03
1437	1E-20	1E-20	1E-20	4.42E-03
1438	1E-20	1E-20	1E-20	4.42E-03
1439	1E-20	1E-20	1E-20	4.41E-03
1440	1E-20	1E-20	1E-20	4.40E-03
1441	1E-20	1E-20	1E-20	4.40E-03
1442	1E-20	1E-20	1E-20	4.40E-03
1443	1E-20	1E-20	1E-20	4.40E-03
1444	1E-20	1E-20	1E-20	4.39E-03
1445	1E-20	1E-20	1E-20	4.39E-03
1446	1E-20	1E-20	1E-20	4.39E-03
1447	1E-20	1E-20	1E-20	4.39E-03
1448	1E-20	1E-20	1E-20	4.39E-03
1449	1E-20	1E-20	1E-20	4.39E-03
1450	1E-20	1E-20	1E-20	4.39E-03
1451	1E-20	1E-20	1E-20	4.39E-03
1452	1E-20	1E-20	1E-20	4.39E-03
1453	1E-20	1E-20	1E-20	4.39E-03
1454	1E-20	1E-20	1E-20	4.39E-03
1455	1E-20	1E-20	1E-20	4.38E-03
1456	1E-20	1E-20	1E-20	4.38E-03
1457	1E-20	1E-20	1E-20	4.38E-03
1458	1E-20	1E-20	1E-20	4.37E-03
1459	1E-20	1E-20	1E-20	4.34E-03
1460	1E-20	1E-20	1E-20	4.32E-03
1461	1E-20	1E-20	1E-20	4.28E-03
1462	1E-20	1E-20	1E-20	4.27E-03
1463	1E-20	1E-20	1E-20	4.27E-03
1464	1E-20	1E-20	1E-20	4.27E-03
1465	1E-20	1E-20	1E-20	4.27E-03
1466	1E-20	1E-20	1E-20	4.27E-03
1467	1E-20	1E-20	1E-20	4.27E-03
1468	1E-20	1E-20	1E-20	4.27E-03
1469	1E-20	1E-20	1E-20	4.27E-03
1470	1E-20	1E-20	1E-20	4.26E-03
1471	1E-20	1E-20	1E-20	4.26E-03
1472	1E-20	1E-20	1E-20	4.26E-03
1473	1E-20	1E-20	1E-20	4.26E-03
1474	1E-20	1E-20	1E-20	4.26E-03
1475	1E-20	1E-20	1E-20	4.25E-03
1476	1E-20	1E-20	1E-20	4.25E-03
1477	1E-20	1E-20	1E-20	4.25E-03
1478	1E-20	1E-20	1E-20	4.24E-03
1479	1E-20	1E-20	1E-20	4.24E-03
1480	1E-20	1E-20	1E-20	4.24E-03
1481	1E-20	1E-20	1E-20	4.21E-03
1482	1E-20	1E-20	1E-20	4.21E-03
1483	1E-20	1E-20	1E-20	4.21E-03
1484	1E-20	1E-20	1E-20	4.21E-03
1485	1E-20	1E-20	1E-20	4.21E-03
1486	1E-20	1E-20	1E-20	4.21E-03
1487	1E-20	1E-20	1E-20	4.21E-03
1488	1E-20	1E-20	1E-20	4.21E-03
1489	1E-20	1E-20	1E-20	4.17E-03
1490	1E-20	1E-20	1E-20	4.17E-03
1491	1E-20	1E-20	1E-20	4.17E-03
1492	1E-20	1E-20	1E-20	4.17E-03
1493	1E-20	1E-20	1E-20	4.17E-03
1494	1E-20	1E-20	1E-20	4.16E-03
1495	1E-20	1E-20	1E-20	4.16E-03
1496	1E-20	1E-20	1E-20	4.15E-03
1497	1E-20	1E-20	1E-20	4.13E-03
1498	1E-20	1E-20	1E-20	4.13E-03
1499	1E-20	1E-20	1E-20	4.13E-03
1500	1E-20	1E-20	1E-20	4.13E-03
1501	1E-20	1E-20	1E-20	4.13E-03
1502	1E-20	1E-20	1E-20	4.11E-03
1503	1E-20	1E-20	1E-20	4.11E-03
1504	1E-20	1E-20	1E-20	4.11E-03
1505	1E-20	1E-20	1E-20	4.11E-03
1506	1E-20	1E-20	1E-20	4.09E-03
1507	1E-20	1E-20	1E-20	4.09E-03
1508	1E-20	1E-20	1E-20	4.08E-03
1509	1E-20	1E-20	1E-20	4.08E-03
1510	1E-20	1E-20	1E-20	4.07E-03
1511	1E-20	1E-20	1E-20	4.05E-03
1512	1E-20	1E-20	1E-20	4.05E-03
1513	1E-20	1E-20	1E-20	4.05E-03
1514	1E-20	1E-20	1E-20	4.05E-03
1515	1E-20	1E-20	1E-20	4.04E-03
1516	1E-20	1E-20	1E-20	4.04E-03
1517	1E-20	1E-20	1E-20	4.04E-03
1518	1E-20	1E-20	1E-20	4.04E-03
1519	1E-20	1E-20	1E-20	4.04E-03
1520	1E-20	1E-20	1E-20	4.04E-03
1521	1E-20	1E-20	1E-20	4.04E-03
1522	1E-20	1E-20	1E-20	4.04E-03
1523	1E-20	1E-20	1E-20	4.04E-03
1524	1E-20	1E-20	1E-20	4.04E-03
1525	1E-20	1E-20	1E-20	4.03E-03
1526	1E-20	1E-20	1E-20	4.03E-03
1527	1E-20	1E-20	1E-20	4.03E-03
1528	1E-20	1E-20	1E-20	4.03E-03
1529	1E-20	1E-20	1E-20	4.02E-03
1530	1E-20	1E-20	1E-20	3.95E-03
1531	1E-20	1E-20	1E-20	3.95E-03
1532	1E-20	1E-20	1E-20	3.95E-03
1533	1E-20	1E-20	1E-20	3.94E-03
1534	1E-20	1E-20	1E-20	3.94E-03
1535	1E-20	1E-20	1E-20	3.94E-03
1536	1E-20	1E-20	1E-20	3.94E-03
1537	1E-20	1E-20	1E-20	3.94E-03
1538	1E-20	1E-20	1E-20	3.94E-03
1539	1E-20	1E-20	1E-20	3.94E-03
1540	1E-20	1E-20	1E-20	3.94E-03
1541	1E-20	1E-20	1E-20	3.92E-03
1542	1E-20	1E-20	1E-20	3.92E-03
1543	1E-20	1E-20	1E-20	3.92E-03
1544	1E-20	1E-20	1E-20	3.92E-03
1545	1E-20	1E-20	1E-20	3.92E-03
1546	1E-20	1E-20	1E-20	3.92E-03
1547	1E-20	1E-20	1E-20	3.92E-03
1548	1E-20	1E-20	1E-20	3.91E-03
1549	1E-20	1E-20	1E-20	3.91E-03
1550	1E-20	1E-20	1E-20	3.88E-03
1551	1E-20	1E-20	1E-20	3.88E-03
1552	1E-20	1E-20	1E-20	3.87E-03
1553	1E-20	1E-20	1E-20	3.87E-03
1554	1E-20	1E-20	1E-20	3.87E-03
1555	1E-20	1E-20	1E-20	3.87E-03
1556	1E-20	1E-20	1E-20	3.87E-03
1557	1E-20	1E-20	1E-20	3.87E-03
1558	1E-20	1E-20	1E-20	3.87E-03
1559	1E-20	1E-20	1E-20	3.87E-03
1560	1E-20	1E-20	1E-20	3.87E-03
1561	1E-20	1E-20	1E-20	3.87E-03
1562	1E-20	1E-20	1E-20	3.86E-03
1563	1E-20	1E-20	1E-20	3.86E-03
1564	1E-20	1E-20	1E-20	3.86E-03
1565	1E-20	1E-20	1E-20	3.86E-03
1566	1E-20	1E-20	1E-20	3.85E-03
1567	1E-20	1E-20	1E-20	3.85E-03
1568	1E-20	1E-20	1E-20	3.85E-03
1569	1E-20	1E-20	1E-20	3.85E-03
1570	1E-20	1E-20	1E-20	3.85E-03
1571	1E-20	1E-20	1E-20	3.84E-03
1572	1E-20	1E-20	1E-20	3.83E-03
1573	1E-20	1E-20	1E-20	3.83E-03
1574	1E-20	1E-20	1E-20	3.83E-03
1575	1E-20	1E-20	1E-20	3.83E-03
1576	1E-20	1E-20	1E-20	3.83E-03
1577	1E-20	1E-20	1E-20	3.83E-03
1578	1E-20	1E-20	1E-20	3.83E-03
1579	1E-20	1E-20	1E-20	3.82E-03
1580	1E-20	1E-20	1E-20	3.82E-03
1581	1E-20	1E-20	1E-20	3.82E-03
1582	1E-20	1E-20	1E-20	3.82E-03
1583	1E-20	1E-20	1E-20	3.82E-03
1584	1E-20	1E-20	1E-20	3.81E-03
1585	1E-20	1E-20	1E-20	3.81E-03
1586	1E-20	1E-20	1E-20	3.80E-03
1587	1E-20	1E-20	1E-20	3.79E-03
1588	1E-20	1E-20	1E-20	3.79E-03
1589	1E-20	1E-20	1E-20	3.79E-03
1590	1E-20	1E-20	1E-20	3.79E-03
1591	1E-20	1E-20	1E-20	3.79E-03
1592	1E-20	1E-20	1E-20	3.79E-03
1593	1E-20	1E-20	1E-20	3.71E-03
1594	1E-20	1E-20	1E-20	3.71E-03
1595	1E-20	1E-20	1E-20	3.71E-03
1596	1E-20	1E-20	1E-20	3.71E-03
1597	1E-20	1E-20	1E-20	3.71E-03
1598	1E-20	1E-20	1E-20	3.71E-03
1599	1E-20	1E-20	1E-20	3.71E-03
1600	1E-20	1E-20	1E-20	3.71E-03
1601	1E-20	1E-20	1E-20	3.71E-03
1602	1E-20	1E-20	1E-20	3.71E-03
1603	1E-20	1E-20	1E-20	3.71E-03
1604	1E-20	1E-20	1E-20	3.71E-03
1605	1E-20	1E-20	1E-20	3.71E-03
1606	1E-20	1E-20	1E-20	3.71E-03
1607	1E-20	1E-20	1E-20	3.71E-03
1608	1E-20	1E-20	1E-20	3.71E-03
1609	1E-20	1E-20	1E-20	3.70E-03
1610	1E-20	1E-20	1E-20	3.69E-03
1611	1E-20	1E-20	1E-20	3.69E-03
1612	1E-20	1E-20	1E-20	3.68E-03
1613	1E-20	1E-20	1E-20	3.68E-03
1614	1E-20	1E-20	1E-20	3.66E-03
1615	1E-20	1E-20	1E-20	3.65E-03
1616	1E-20	1E-20	1E-20	3.65E-03
1617	1E-20	1E-20	1E-20	3.65E-03
1618	1E-20	1E-20	1E-20	3.65E-03
1619	1E-20	1E-20	1E-20	3.65E-03
1620	1E-20	1E-20	1E-20	3.61E-03
1621	1E-20	1E-20	1E-20	3.61E-03
1622	1E-20	1E-20	1E-20	3.61E-03
1623	1E-20	1E-20	1E-20	3.59E-03
1624	1E-20	1E-20	1E-20	3.59E-03
1625	1E-20	1E-20	1E-20	3.59E-03
1626	1E-20	1E-20	1E-20	3.58E-03
1627	1E-20	1E-20	1E-20	3.53E-03
1628	1E-20	1E-20	1E-20	3.53E-03
1629	1E-20	1E-20	1E-20	3.53E-03
1630	1E-20	1E-20	1E-20	3.53E-03
1631	1E-20	1E-20	1E-20	3.53E-03
1632	1E-20	1E-20	1E-20	3.53E-03
1633	1E-20	1E-20	1E-20	3.53E-03
1634	1E-20	1E-20	1E-20	3.53E-03
1635	1E-20	1E-20	1E-20	3.53E-03
1636	1E-20	1E-20	1E-20	3.53E-03
1637	1E-20	1E-20	1E-20	3.53E-03
1638	1E-20	1E-20	1E-20	3.53E-03
1639	1E-20	1E-20	1E-20	3.47E-03
1640	1E-20	1E-20	1E-20	3.46E-03
1641	1E-20	1E-20	1E-20	3.46E-03
1642	1E-20	1E-20	1E-20	3.46E-03
1643	1E-20	1E-20	1E-20	3.46E-03
1644	1E-20	1E-20	1E-20	3.46E-03
1645	1E-20	1E-20	1E-20	3.46E-03
1646	1E-20	1E-20	1E-20	3.46E-03
1647	1E-20	1E-20	1E-20	3.46E-03
1648	1E-20	1E-20	1E-20	3.46E-03
1649	1E-20	1E-20	1E-20	3.40E-03
1650	1E-20	1E-20	1E-20	3.40E-03
1651	1E-20	1E-20	1E-20	3.40E-03
1652	1E-20	1E-20	1E-20	3.40E-03
1653	1E-20	1E-20	1E-20	3.38E-03
1654	1E-20	1E-20	1E-20	3.38E-03
1655	1E-20	1E-20	1E-20	3.38E-03
1656	1E-20	1E-20	1E-20	3.38E-03
1657	1E-20	1E-20	1E-20	3.38E-03
1658	1E-20	1E-20	1E-20	3.38E-03
1659	1E-20	1E-20	1E-20	3.38E-03
1660	1E-20	1E-20	1E-20	3.38E-03
1661	1E-20	1E-20	1E-20	3.38E-03
1662	1E-20	1E-20	1E-20	3.37E-03
1663	1E-20	1E-20	1E-20	3.37E-03
1664	1E-20	1E-20	1E-20	3.37E-03
1665	1E-20	1E-20	1E-20	3.37E-03
1666	1E-20	1E-20	1E-20	3.37E-03
1667	1E-20	1E-20	1E-20	3.37E-03
1668	1E-20	1E-20	1E-20	3.36E-03
1669	1E-20	1E-20	1E-20	3.35E-03
1670	1E-20	1E-20	1E-20	3.35E-03
1671	1E-20	1E-20	1E-20	3.35E-03
1672	1E-20	1E-20	1E-20	3.35E-03
1673	1E-20	1E-20	1E-20	3.35E-03
1674	1E-20	1E-20	1E-20	3.35E-03
1675	1E-20	1E-20	1E-20	3.34E-03
1676	1E-20	1E-20	1E-20	3.34E-03
1677	1E-20	1E-20	1E-20	3.34E-03
1678	1E-20	1E-20	1E-20	3.34E-03
1679	1E-20	1E-20	1E-20	3.34E-03
1680	1E-20	1E-20	1E-20	3.34E-03
1681	1E-20	1E-20	1E-20	3.34E-03
1682	1E-20	1E-20	1E-20	3.34E-03
1683	1E-20	1E-20	1E-20	3.34E-03
1684	1E-20	1E-20	1E-20	3.34E-03
1685	1E-20	1E-20	1E-20	3.34E-03
1686	1E-20	1E-20	1E-20	3.34E-03
1687	1E-20	1E-20	1E-20	3.34E-03
1688	1E-20	1E-20	1E-20	3.33E-03
1689	1E-20	1E-20	1E-20	3.33E-03
1690	1E-20	1E-20	1E-20	3.33E-03
1691	1E-20	1E-20	1E-20	3.33E-03
1692	1E-20	1E-20	1E-20	3.33E-03
1693	1E-20	1E-20	1E-20	3.33E-03
1694	1E-20	1E-20	1E-20	3.32E-03
1695	1E-20	1E-20	1E-20	3.32E-03
1696	1E-20	1E-20	1E-20	3.32E-03
1697	1E-20	1E-20	1E-20	3.32E-03
1698	1E-20	1E-20	1E-20	3.32E-03
1699	1E-20	1E-20	1E-20	3.32E-03
1700	1E-20	1E-20	1E-20	3.32E-03
1701	1E-20	1E-20	1E-20	3.29E-03
1702	1E-20	1E-20	1E-20	3.29E-03
1703	1E-20	1E-20	1E-20	3.28E-03
1704	1E-20	1E-20	1E-20	3.28E-03
1705	1E-20	1E-20	1E-20	3.28E-03
1706	1E-20	1E-20	1E-20	3.28E-03
1707	1E-20	1E-20	1E-20	3.28E-03
1708	1E-20	1E-20	1E-20	3.28E-03
1709	1E-20	1E-20	1E-20	3.27E-03
1710	1E-20	1E-20	1E-20	3.25E-03
1711	1E-20	1E-20	1E-20	3.25E-03
1712	1E-20	1E-20	1E-20	3.24E-03
1713	1E-20	1E-20	1E-20	3.24E-03
1714	1E-20	1E-20	1E-20	3.24E-03
1715	1E-20	1E-20	1E-20	3.24E-03
1716	1E-20	1E-20	1E-20	3.24E-03
1717	1E-20	1E-20	1E-20	3.24E-03
1718	1E-20	1E-20	1E-20	3.24E-03
1719	1E-20	1E-20	1E-20	3.24E-03
1720	1E-20	1E-20	1E-20	3.23E-03
1721	1E-20	1E-20	1E-20	3.23E-03
1722	1E-20	1E-20	1E-20	3.23E-03
1723	1E-20	1E-20	1E-20	3.23E-03
1724	1E-20	1E-20	1E-20	3.23E-03
1725	1E-20	1E-20	1E-20	3.23E-03
1726	1E-20	1E-20	1E-20	3.22E-03
1727	1E-20	1E-20	1E-20	3.22E-03
1728	1E-20	1E-20	1E-20	3.22E-03
1729	1E-20	1E-20	1E-20	3.22E-03
1730	1E-20	1E-20	1E-20	3.22E-03
1731	1E-20	1E-20	1E-20	3.22E-03
1732	1E-20	1E-20	1E-20	3.21E-03
1733	1E-20	1E-20	1E-20	3.21E-03
1734	1E-20	1E-20	1E-20	3.21E-03
1735	1E-20	1E-20	1E-20	3.21E-03
1736	1E-20	1E-20	1E-20	3.21E-03
1737	1E-20	1E-20	1E-20	3.21E-03
1738	1E-20	1E-20	1E-20	3.19E-03
1739	1E-20	1E-20	1E-20	3.18E-03
1740	1E-20	1E-20	1E-20	3.18E-03
1741	1E-20	1E-20	1E-20	3.17E-03
1742	1E-20	1E-20	1E-20	3.16E-03
1743	1E-20	1E-20	1E-20	3.16E-03
1744	1E-20	1E-20	1E-20	3.16E-03
1745	1E-20	1E-20	1E-20	3.16E-03
1746	1E-20	1E-20	1E-20	3.16E-03
1747	1E-20	1E-20	1E-20	3.16E-03
1748	1E-20	1E-20	1E-20	3.16E-03
1749	1E-20	1E-20	1E-20	3.16E-03
1750	1E-20	1E-20	1E-20	3.16E-03
1751	1E-20	1E-20	1E-20	3.16E-03
1752	1E-20	1E-20	1E-20	3.16E-03
1753	1E-20	1E-20	1E-20	3.15E-03
1754	1E-20	1E-20	1E-20	3.13E-03
1755	1E-20	1E-20	1E-20	3.13E-03
1756	1E-20	1E-20	1E-20	3.13E-03
1757	1E-20	1E-20	1E-20	3.13E-03
1758	1E-20	1E-20	1E-20	3.13E-03
1759	1E-20	1E-20	1E-20	3.12E-03
1760	1E-20	1E-20	1E-20	3.12E-03
1761	1E-20	1E-20	1E-20	3.12E-03
1762	1E-20	1E-20	1E-20	3.12E-03
1763	1E-20	1E-20	1E-20	3.12E-03
1764	1E-20	1E-20	1E-20	3.07E-03
1765	1E-20	1E-20	1E-20	3.07E-03
1766	1E-20	1E-20	1E-20	3.07E-03
1767	1E-20	1E-20	1E-20	3.06E-03
1768	1E-20	1E-20	1E-20	3.06E-03
1769	1E-20	1E-20	1E-20	3.06E-03
1770	1E-20	1E-20	1E-20	3.05E-03
1771	1E-20	1E-20	1E-20	3.05E-03
1772	1E-20	1E-20	1E-20	3.05E-03
1773	1E-20	1E-20	1E-20	3.05E-03
1774	1E-20	1E-20	1E-20	3.05E-03
1775	1E-20	1E-20	1E-20	3.05E-03
1776	1E-20	1E-20	1E-20	3.05E-03
1777	1E-20	1E-20	1E-20	3.05E-03
1778	1E-20	1E-20	1E-20	3.05E-03
1779	1E-20	1E-20	1E-20	3.05E-03
1780	1E-20	1E-20	1E-20	3.05E-03
1781	1E-20	1E-20	1E-20	3.05E-03
1782	1E-20	1E-20	1E-20	3.05E-03
1783	1E-20	1E-20	1E-20	3.05E-03
1784	1E-20	1E-20	1E-20	3.04E-03
1785	1E-20	1E-20	1E-20	3.04E-03
1786	1E-20	1E-20	1E-20	3.04E-03
1787	1E-20	1E-20	1E-20	3.04E-03
1788	1E-20	1E-20	1E-20	3.04E-03
1789	1E-20	1E-20	1E-20	3.04E-03
1790	1E-20	1E-20	1E-20	3.04E-03
1791	1E-20	1E-20	1E-20	3.04E-03
1792	1E-20	1E-20	1E-20	3.04E-03
1793	1E-20	1E-20	1E-20	3.04E-03
1794	1E-20	1E-20	1E-20	3.03E-03
1795	1E-20	1E-20	1E-20	3.03E-03
1796	1E-20	1E-20	1E-20	3.01E-03
1797	1E-20	1E-20	1E-20	3.01E-03
1798	1E-20	1E-20	1E-20	3.01E-03
1799	1E-20	1E-20	1E-20	3.01E-03
1800	1E-20	1E-20	1E-20	3.00E-03
1801	1E-20	1E-20	1E-20	2.99E-03
1802	1E-20	1E-20	1E-20	2.95E-03
1803	1E-20	1E-20	1E-20	2.95E-03
1804	1E-20	1E-20	1E-20	2.95E-03
1805	1E-20	1E-20	1E-20	2.95E-03
1806	1E-20	1E-20	1E-20	2.95E-03
1807	1E-20	1E-20	1E-20	2.95E-03
1808	1E-20	1E-20	1E-20	2.95E-03
1809	1E-20	1E-20	1E-20	2.95E-03
1810	1E-20	1E-20	1E-20	2.95E-03
1811	1E-20	1E-20	1E-20	2.95E-03
1812	1E-20	1E-20	1E-20	2.95E-03
1813	1E-20	1E-20	1E-20	2.95E-03
1814	1E-20	1E-20	1E-20	2.95E-03
1815	1E-20	1E-20	1E-20	2.93E-03
1816	1E-20	1E-20	1E-20	2.93E-03
1817	1E-20	1E-20	1E-20	2.93E-03
1818	1E-20	1E-20	1E-20	2.90E-03
1819	1E-20	1E-20	1E-20	2.90E-03
1820	1E-20	1E-20	1E-20	2.90E-03
1821	1E-20	1E-20	1E-20	2.90E-03
1822	1E-20	1E-20	1E-20	2.89E-03
1823	1E-20	1E-20	1E-20	2.89E-03
1824	1E-20	1E-20	1E-20	2.88E-03
1825	1E-20	1E-20	1E-20	2.88E-03
1826	1E-20	1E-20	1E-20	2.88E-03
1827	1E-20	1E-20	1E-20	2.88E-03
1828	1E-20	1E-20	1E-20	2.88E-03
1829	1E-20	1E-20	1E-20	2.88E-03
1830	1E-20	1E-20	1E-20	2.88E-03
1831	1E-20	1E-20	1E-20	2.88E-03
1832	1E-20	1E-20	1E-20	2.88E-03
1833	1E-20	1E-20	1E-20	2.88E-03
1834	1E-20	1E-20	1E-20	2.88E-03
1835	1E-20	1E-20	1E-20	2.88E-03
1836	1E-20	1E-20	1E-20	2.88E-03
1837	1E-20	1E-20	1E-20	2.88E-03
1838	1E-20	1E-20	1E-20	2.88E-03
1839	1E-20	1E-20	1E-20	2.88E-03
1840	1E-20	1E-20	1E-20	2.88E-03
1841	1E-20	1E-20	1E-20	2.88E-03
1842	1E-20	1E-20	1E-20	2.88E-03
1843	1E-20	1E-20	1E-20	2.88E-03
1844	1E-20	1E-20	1E-20	2.88E-03
1845	1E-20	1E-20	1E-20	2.88E-03
1846	1E-20	1E-20	1E-20	2.88E-03
1847	1E-20	1E-20	1E-20	2.88E-03
1848	1E-20	1E-20	1E-20	2.88E-03
1849	1E-20	1E-20	1E-20	2.88E-03
1850	1E-20	1E-20	1E-20	2.88E-03
1851	1E-20	1E-20	1E-20	2.87E-03
1852	1E-20	1E-20	1E-20	2.86E-03
1853	1E-20	1E-20	1E-20	2.86E-03
1854	1E-20	1E-20	1E-20	2.86E-03
1855	1E-20	1E-20	1E-20	2.86E-03
1856	1E-20	1E-20	1E-20	2.86E-03
1857	1E-20	1E-20	1E-20	2.86E-03
1858	1E-20	1E-20	1E-20	2.86E-03
1859	1E-20	1E-20	1E-20	2.86E-03
1860	1E-20	1E-20	1E-20	2.86E-03
1861	1E-20	1E-20	1E-20	2.85E-03
1862	1E-20	1E-20	1E-20	2.85E-03
1863	1E-20	1E-20	1E-20	2.85E-03
1864	1E-20	1E-20	1E-20	2.85E-03
1865	1E-20	1E-20	1E-20	2.85E-03
1866	1E-20	1E-20	1E-20	2.85E-03
1867	1E-20	1E-20	1E-20	2.85E-03
1868	1E-20	1E-20	1E-20	2.85E-03
1869	1E-20	1E-20	1E-20	2.85E-03
1870	1E-20	1E-20	1E-20	2.85E-03
1871	1E-20	1E-20	1E-20	2.84E-03
1872	1E-20	1E-20	1E-20	2.84E-03
1873	1E-20	1E-20	1E-20	2.84E-03
1874	1E-20	1E-20	1E-20	2.84E-03
1875	1E-20	1E-20	1E-20	2.84E-03
1876	1E-20	1E-20	1E-20	2.84E-03
1877	1E-20	1E-20	1E-20	2.84E-03
1878	1E-20	1E-20	1E-20	2.84E-03
1879	1E-20	1E-20	1E-20	2.84E-03
1880	1E-20	1E-20	1E-20	2.84E-03
1881	1E-20	1E-20	1E-20	2.82E-03
1882	1E-20	1E-20	1E-20	2.82E-03
1883	1E-20	1E-20	1E-20	2.82E-03
1884	1E-20	1E-20	1E-20	2.82E-03
1885	1E-20	1E-20	1E-20	2.81E-03
1886	1E-20	1E-20	1E-20	2.81E-03
1887	1E-20	1E-20	1E-20	2.81E-03
1888	1E-20	1E-20	1E-20	2.80E-03
1889	1E-20	1E-20	1E-20	2.80E-03
1890	1E-20	1E-20	1E-20	2.79E-03
1891	1E-20	1E-20	1E-20	2.79E-03
1892	1E-20	1E-20	1E-20	2.76E-03
1893	1E-20	1E-20	1E-20	2.76E-03
1894	1E-20	1E-20	1E-20	2.76E-03
1895	1E-20	1E-20	1E-20	2.76E-03
1896	1E-20	1E-20	1E-20	2.75E-03
1897	1E-20	1E-20	1E-20	2.75E-03
1898	1E-20	1E-20	1E-20	2.75E-03
1899	1E-20	1E-20	1E-20	2.75E-03
1900	1E-20	1E-20	1E-20	2.75E-03
1901	1E-20	1E-20	1E-20	2.75E-03
1902	1E-20	1E-20	1E-20	2.75E-03
1903	1E-20	1E-20	1E-20	2.75E-03
1904	1E-20	1E-20	1E-20	2.75E-03
1905	1E-20	1E-20	1E-20	2.75E-03
1906	1E-20	1E-20	1E-20	2.75E-03
1907	1E-20	1E-20	1E-20	2.75E-03
1908	1E-20	1E-20	1E-20	2.73E-03
1909	1E-20	1E-20	1E-20	2.73E-03
1910	1E-20	1E-20	1E-20	2.73E-03
1911	1E-20	1E-20	1E-20	2.73E-03
1912	1E-20	1E-20	1E-20	2.72E-03
1913	1E-20	1E-20	1E-20	2.72E-03
1914	1E-20	1E-20	1E-20	2.72E-03
1915	1E-20	1E-20	1E-20	2.72E-03
1916	1E-20	1E-20	1E-20	2.72E-03
1917	1E-20	1E-20	1E-20	2.72E-03
1918	1E-20	1E-20	1E-20	2.72E-03
1919	1E-20	1E-20	1E-20	2.72E-03
1920	1E-20	1E-20	1E-20	2.72E-03
1921	1E-20	1E-20	1E-20	2.72E-03
1922	1E-20	1E-20	1E-20	2.71E-03
1923	1E-20	1E-20	1E-20	2.71E-03
1924	1E-20	1E-20	1E-20	2.70E-03
1925	1E-20	1E-20	1E-20	2.70E-03
1926	1E-20	1E-20	1E-20	2.70E-03
1927	1E-20	1E-20	1E-20	2.70E-03
1928	1E-20	1E-20	1E-20	2.70E-03
1929	1E-20	1E-20	1E-20	2.68E-03
1930	1E-20	1E-20	1E-20	2.67E-03
1931	1E-20	1E-20	1E-20	2.67E-03
1932	1E-20	1E-20	1E-20	2.67E-03
1933	1E-20	1E-20	1E-20	2.66E-03
1934	1E-20	1E-20	1E-20	2.66E-03
1935	1E-20	1E-20	1E-20	2.66E-03
1936	1E-20	1E-20	1E-20	2.66E-03
1937	1E-20	1E-20	1E-20	2.66E-03
1938	1E-20	1E-20	1E-20	2.66E-03
1939	1E-20	1E-20	1E-20	2.63E-03
1940	1E-20	1E-20	1E-20	2.62E-03
1941	1E-20	1E-20	1E-20	2.62E-03
1942	1E-20	1E-20	1E-20	2.62E-03
1943	1E-20	1E-20	1E-20	2.62E-03
1944	1E-20	1E-20	1E-20	2.62E-03
1945	1E-20	1E-20	1E-20	2.62E-03
1946	1E-20	1E-20	1E-20	2.62E-03
1947	1E-20	1E-20	1E-20	2.62E-03
1948	1E-20	1E-20	1E-20	2.62E-03
1949	1E-20	1E-20	1E-20	2.62E-03
1950	1E-20	1E-20	1E-20	2.62E-03
1951	1E-20	1E-20	1E-20	2.62E-03
1952	1E-20	1E-20	1E-20	2.62E-03
1953	1E-20	1E-20	1E-20	2.62E-03
1954	1E-20	1E-20	1E-20	2.62E-03
1955	1E-20	1E-20	1E-20	2.62E-03
1956	1E-20	1E-20	1E-20	2.62E-03
1957	1E-20	1E-20	1E-20	2.62E-03
1958	1E-20	1E-20	1E-20	2.62E-03
1959	1E-20	1E-20	1E-20	2.56E-03
1960	1E-20	1E-20	1E-20	2.56E-03
1961	1E-20	1E-20	1E-20	2.55E-03
1962	1E-20	1E-20	1E-20	2.55E-03
1963	1E-20	1E-20	1E-20	2.55E-03
1964	1E-20	1E-20	1E-20	2.55E-03
1965	1E-20	1E-20	1E-20	2.55E-03
1966	1E-20	1E-20	1E-20	2.55E-03
1967	1E-20	1E-20	1E-20	2.55E-03
1968	1E-20	1E-20	1E-20	2.55E-03
1969	1E-20	1E-20	1E-20	2.55E-03
1970	1E-20	1E-20	1E-20	2.55E-03
1971	1E-20	1E-20	1E-20	2.55E-03
1972	1E-20	1E-20	1E-20	2.52E-03
1973	1E-20	1E-20	1E-20	2.52E-03
1974	1E-20	1E-20	1E-20	2.52E-03
1975	1E-20	1E-20	1E-20	2.52E-03
1976	1E-20	1E-20	1E-20	2.52E-03
1977	1E-20	1E-20	1E-20	2.52E-03
1978	1E-20	1E-20	1E-20	2.51E-03
1979	1E-20	1E-20	1E-20	2.51E-03
1980	1E-20	1E-20	1E-20	2.51E-03
1981	1E-20	1E-20	1E-20	2.50E-03
1982	1E-20	1E-20	1E-20	2.50E-03
1983	1E-20	1E-20	1E-20	2.50E-03
1984	1E-20	1E-20	1E-20	2.50E-03
1985	1E-20	1E-20	1E-20	2.50E-03
1986	1E-20	1E-20	1E-20	2.50E-03
1987	1E-20	1E-20	1E-20	2.50E-03
1988	1E-20	1E-20	1E-20	2.50E-03
1989	1E-20	1E-20	1E-20	2.50E-03
1990	1E-20	1E-20	1E-20	2.47E-03
1991	1E-20	1E-20	1E-20	2.47E-03
1992	1E-20	1E-20	1E-20	2.47E-03
1993	1E-20	1E-20	1E-20	2.47E-03
1994	1E-20	1E-20	1E-20	2.47E-03
1995	1E-20	1E-20	1E-20	2.47E-03
1996	1E-20	1E-20	1E-20	2.46E-03
1997	1E-20	1E-20	1E-20	2.46E-03
1998	1E-20	1E-20	1E-20	2.46E-03
1999	1E-20	1E-20	1E-20	2.46E-03
